# time  created  delivered  delivered/created
19.0000 1 0 0.0000
36.0000 2 0 0.0000
50.0000 2 1 0.5000
54.0000 3 1 0.3333
71.0000 4 1 0.2500
90.0000 5 1 0.2000
106.0000 6 1 0.1667
117.0000 6 2 0.3333
122.0000 7 2 0.2857
138.0000 8 2 0.2500
155.0000 9 2 0.2222
170.0000 10 2 0.2000
188.0000 11 2 0.1818
190.0000 11 3 0.2727
206.0000 12 3 0.2500
224.0000 13 3 0.2308
242.0000 14 3 0.2143
257.0000 15 3 0.2000
272.0000 16 3 0.1875
280.0000 16 4 0.2500
291.0000 17 4 0.2353
293.0000 17 5 0.2941
308.0000 18 5 0.2778
324.0000 19 5 0.2632
340.0000 20 5 0.2500
355.0000 21 5 0.2381
370.0000 22 5 0.2273
375.0000 22 6 0.2727
388.0000 23 6 0.2609
404.0000 24 6 0.2500
414.0000 24 7 0.2917
423.0000 25 7 0.2800
439.0000 26 7 0.2692
455.0000 27 7 0.2593
471.0000 28 7 0.2500
486.0000 29 7 0.2414
501.0000 30 7 0.2333
520.0000 31 7 0.2258
535.0000 32 7 0.2188
554.0000 33 7 0.2121
571.0000 34 7 0.2059
588.0000 35 7 0.2000
604.0000 35 8 0.2286
606.0000 36 8 0.2222
623.0000 37 8 0.2162
634.0000 37 9 0.2432
640.0000 38 9 0.2368
657.0000 39 9 0.2308
672.0000 40 9 0.2250
689.0000 41 9 0.2195
708.0000 42 9 0.2143
727.0000 43 9 0.2093
743.0000 44 9 0.2045
753.0000 44 10 0.2273
760.0000 45 10 0.2222
764.0000 45 11 0.2444
779.0000 46 11 0.2391
798.0000 47 11 0.2340
814.0000 48 11 0.2292
829.0000 49 11 0.2245
847.0000 50 11 0.2200
866.0000 51 11 0.2157
882.0000 52 11 0.2115
899.0000 53 11 0.2075
905.0000 53 12 0.2264
918.0000 54 12 0.2222
936.0000 55 12 0.2182
952.0000 56 12 0.2143
967.0000 57 12 0.2105
975.0000 57 13 0.2281
986.0000 58 13 0.2241
1005.0000 59 13 0.2203
1008.0000 59 14 0.2373
1023.0000 60 14 0.2333
1042.0000 61 14 0.2295
1057.0000 62 14 0.2258
1075.0000 63 14 0.2222
1092.0000 64 14 0.2188
1110.0000 65 14 0.2154
1116.0000 65 15 0.2308
1125.0000 66 15 0.2273
1144.0000 67 15 0.2239
1160.0000 68 15 0.2206
1179.0000 69 15 0.2174
1198.0000 70 15 0.2143
1216.0000 71 15 0.2113
1234.0000 72 15 0.2083
1250.0000 73 15 0.2055
1267.0000 74 15 0.2027
1283.0000 75 15 0.2000
1298.0000 76 15 0.1974
1317.0000 77 15 0.1948
1335.0000 78 15 0.1923
1353.0000 78 16 0.2051
1354.0000 79 16 0.2025
1373.0000 80 16 0.2000
1390.0000 80 17 0.2125
1392.0000 81 17 0.2099
1409.0000 81 18 0.2222
1411.0000 82 18 0.2195
1428.0000 83 18 0.2169
1447.0000 84 18 0.2143
1465.0000 85 18 0.2118
1480.0000 86 18 0.2093
1499.0000 87 18 0.2069
1518.0000 88 18 0.2045
1533.0000 89 18 0.2022
1552.0000 90 18 0.2000
1567.0000 91 18 0.1978
1586.0000 92 18 0.1957
1603.0000 93 18 0.1935
1621.0000 94 18 0.1915
1640.0000 95 18 0.1895
1656.0000 96 18 0.1875
1671.0000 97 18 0.1856
1672.0000 97 19 0.1959
1688.0000 98 19 0.1939
1699.0000 98 20 0.2041
1704.0000 99 20 0.2020
1720.0000 100 20 0.2000
1735.0000 101 20 0.1980
1750.0000 102 20 0.1961
1766.0000 103 20 0.1942
1769.0000 103 21 0.2039
1784.0000 104 21 0.2019
1802.0000 105 21 0.2000
1820.0000 106 21 0.1981
1839.0000 107 21 0.1963
1855.0000 108 21 0.1944
1872.0000 109 21 0.1927
1890.0000 110 21 0.1909
1907.0000 111 21 0.1892
1907.0000 111 22 0.1982
1926.0000 112 22 0.1964
1944.0000 113 22 0.1947
1956.0000 113 23 0.2035
1960.0000 114 23 0.2018
1975.0000 115 23 0.2000
1991.0000 116 23 0.1983
2007.0000 117 23 0.1966
2026.0000 118 23 0.1949
2041.0000 119 23 0.1933
2060.0000 120 23 0.1917
2071.0000 120 24 0.2000
2077.0000 121 24 0.1983
2093.0000 122 24 0.1967
2111.0000 122 25 0.2049
2112.0000 123 25 0.2033
2117.0000 123 26 0.2114
2127.0000 124 26 0.2097
2131.0000 124 27 0.2177
2143.0000 125 27 0.2160
2162.0000 126 27 0.2143
2180.0000 127 27 0.2126
2196.0000 128 27 0.2109
2215.0000 129 27 0.2093
2233.0000 130 27 0.2077
2249.0000 131 27 0.2061
2265.0000 132 27 0.2045
2269.0000 132 28 0.2121
2280.0000 133 28 0.2105
2291.0000 133 29 0.2180
2298.0000 134 29 0.2164
2302.0000 134 30 0.2239
2313.0000 135 30 0.2222
2332.0000 136 30 0.2206
2347.0000 137 30 0.2190
2363.0000 138 30 0.2174
2379.0000 139 30 0.2158
2390.0000 139 31 0.2230
2395.0000 140 31 0.2214
2411.0000 141 31 0.2199
2412.0000 141 32 0.2270
2426.0000 142 32 0.2254
2445.0000 143 32 0.2238
2448.0000 143 33 0.2308
2461.0000 144 33 0.2292
2476.0000 145 33 0.2276
2489.0000 145 34 0.2345
2495.0000 146 34 0.2329
2512.0000 147 34 0.2313
2526.0000 147 35 0.2381
2527.0000 148 35 0.2365
2534.0000 148 36 0.2432
2545.0000 149 36 0.2416
2561.0000 150 36 0.2400
2578.0000 151 36 0.2384
2594.0000 152 36 0.2368
2610.0000 153 36 0.2353
2612.0000 153 37 0.2418
2625.0000 154 37 0.2403
2636.0000 154 38 0.2468
2642.0000 155 38 0.2452
2643.0000 155 39 0.2516
2646.0000 155 40 0.2581
2658.0000 156 40 0.2564
2674.0000 157 40 0.2548
2692.0000 157 41 0.2611
2693.0000 158 41 0.2595
2706.0000 158 42 0.2658
2710.0000 158 43 0.2722
2711.0000 159 43 0.2704
2727.0000 160 43 0.2688
2731.0000 160 44 0.2750
2742.0000 161 44 0.2733
2758.0000 162 44 0.2716
2763.0000 162 45 0.2778
2773.0000 163 45 0.2761
2792.0000 164 45 0.2744
2811.0000 165 45 0.2727
2826.0000 166 45 0.2711
2841.0000 167 45 0.2695
2858.0000 168 45 0.2679
2874.0000 169 45 0.2663
2889.0000 170 45 0.2647
2890.0000 170 46 0.2706
2894.0000 170 47 0.2765
2907.0000 171 47 0.2749
2923.0000 172 47 0.2733
2942.0000 173 47 0.2717
2957.0000 174 47 0.2701
2972.0000 175 47 0.2686
2988.0000 176 47 0.2670
3007.0000 177 47 0.2655
3022.0000 178 47 0.2640
3039.0000 179 47 0.2626
3042.0000 179 48 0.2682
3043.0000 179 49 0.2737
3050.0000 179 50 0.2793
3055.0000 180 50 0.2778
3070.0000 181 50 0.2762
3088.0000 182 50 0.2747
3106.0000 183 50 0.2732
3122.0000 184 50 0.2717
3140.0000 185 50 0.2703
3156.0000 186 50 0.2688
3172.0000 187 50 0.2674
3191.0000 188 50 0.2660
3192.0000 188 51 0.2713
3199.0000 188 52 0.2766
3208.0000 189 52 0.2751
3212.0000 189 53 0.2804
3227.0000 190 53 0.2789
3232.0000 190 54 0.2842
3234.0000 190 55 0.2895
3246.0000 191 55 0.2880
3262.0000 192 55 0.2865
3278.0000 193 55 0.2850
3295.0000 194 55 0.2835
3310.0000 195 55 0.2821
3318.0000 195 56 0.2872
3326.0000 196 56 0.2857
3341.0000 197 56 0.2843
3359.0000 198 56 0.2828
3378.0000 199 56 0.2814
3383.0000 199 57 0.2864
3386.0000 199 58 0.2915
3393.0000 200 58 0.2900
3407.0000 200 59 0.2950
3408.0000 201 59 0.2935
3412.0000 201 60 0.2985
3417.0000 201 61 0.3035
3421.0000 201 62 0.3085
3423.0000 202 62 0.3069
3438.0000 203 62 0.3054
3457.0000 204 62 0.3039
3465.0000 204 63 0.3088
3475.0000 205 63 0.3073
3477.0000 205 64 0.3122
3484.0000 205 65 0.3171
3493.0000 206 65 0.3155
3508.0000 207 65 0.3140
3508.0000 207 66 0.3188
3523.0000 208 66 0.3173
3535.0000 208 67 0.3221
3541.0000 208 68 0.3269
3542.0000 209 68 0.3254
3543.0000 209 69 0.3301
3552.0000 209 70 0.3349
3560.0000 210 70 0.3333
3577.0000 211 70 0.3318
3595.0000 212 70 0.3302
3613.0000 212 71 0.3349
3614.0000 213 71 0.3333
3631.0000 214 71 0.3318
3647.0000 215 71 0.3302
3665.0000 216 71 0.3287
3681.0000 217 71 0.3272
3696.0000 218 71 0.3257
3711.0000 218 72 0.3303
3715.0000 219 72 0.3288
3734.0000 220 72 0.3273
3743.0000 220 73 0.3318
3750.0000 221 73 0.3303
3768.0000 222 73 0.3288
3783.0000 223 73 0.3274
3800.0000 224 73 0.3259
3817.0000 225 73 0.3244
3830.0000 225 74 0.3289
3835.0000 226 74 0.3274
3854.0000 227 74 0.3260
3868.0000 227 75 0.3304
3869.0000 227 76 0.3348
3873.0000 228 76 0.3333
3892.0000 229 76 0.3319
3908.0000 230 76 0.3304
3910.0000 230 77 0.3348
3911.0000 230 78 0.3391
3927.0000 231 78 0.3377
3943.0000 232 78 0.3362
3959.0000 233 78 0.3348
3975.0000 234 78 0.3333
3992.0000 235 78 0.3319
4007.0000 236 78 0.3305
4024.0000 237 78 0.3291
4040.0000 238 78 0.3277
4057.0000 239 78 0.3264
4075.0000 240 78 0.3250
4092.0000 241 78 0.3237
4100.0000 241 79 0.3278
4107.0000 242 79 0.3264
4125.0000 243 79 0.3251
4125.0000 243 80 0.3292
4142.0000 244 80 0.3279
4157.0000 245 80 0.3265
4167.0000 245 81 0.3306
4172.0000 246 81 0.3293
4190.0000 247 81 0.3279
4209.0000 248 81 0.3266
4227.0000 249 81 0.3253
4246.0000 250 81 0.3240
4263.0000 251 81 0.3227
4279.0000 252 81 0.3214
4279.0000 252 82 0.3254
4298.0000 253 82 0.3241
4316.0000 254 82 0.3228
4318.0000 254 83 0.3268
4332.0000 255 83 0.3255
4345.0000 255 84 0.3294
4351.0000 256 84 0.3281
4370.0000 257 84 0.3268
4389.0000 258 84 0.3256
4408.0000 259 84 0.3243
4423.0000 260 84 0.3231
4434.0000 260 85 0.3269
4440.0000 261 85 0.3257
4442.0000 261 86 0.3295
4459.0000 262 86 0.3282
4465.0000 262 87 0.3321
4467.0000 262 88 0.3359
4478.0000 263 88 0.3346
4483.0000 263 89 0.3384
4485.0000 263 90 0.3422
4486.0000 263 91 0.3460
4487.0000 263 92 0.3498
4496.0000 264 92 0.3485
4513.0000 265 92 0.3472
4526.0000 265 93 0.3509
4532.0000 266 93 0.3496
4551.0000 267 93 0.3483
4567.0000 268 93 0.3470
4586.0000 269 93 0.3457
4601.0000 270 93 0.3444
4617.0000 271 93 0.3432
4634.0000 272 93 0.3419
4650.0000 273 93 0.3407
4667.0000 274 93 0.3394
4685.0000 274 94 0.3431
4686.0000 275 94 0.3418
4704.0000 276 94 0.3406
4721.0000 277 94 0.3394
4740.0000 278 94 0.3381
4759.0000 279 94 0.3369
4778.0000 280 94 0.3357
4795.0000 281 94 0.3345
4811.0000 282 94 0.3333
4828.0000 283 94 0.3322
4845.0000 284 94 0.3310
4863.0000 285 94 0.3298
4882.0000 286 94 0.3287
4899.0000 287 94 0.3275
4916.0000 288 94 0.3264
4933.0000 289 94 0.3253
4951.0000 290 94 0.3241
4955.0000 290 95 0.3276
4966.0000 291 95 0.3265
4984.0000 292 95 0.3253
5000.0000 293 95 0.3242
5016.0000 294 95 0.3231
5034.0000 295 95 0.3220
5053.0000 296 95 0.3209
5071.0000 297 95 0.3199
5087.0000 298 95 0.3188
5106.0000 299 95 0.3177
5121.0000 299 96 0.3211
5122.0000 300 96 0.3200
5128.0000 300 97 0.3233
5130.0000 300 98 0.3267
5132.0000 300 99 0.3300
5134.0000 300 100 0.3333
5140.0000 301 100 0.3322
5158.0000 302 100 0.3311
5177.0000 303 100 0.3300
5190.0000 303 101 0.3333
5192.0000 304 101 0.3322
5210.0000 305 101 0.3311
5227.0000 306 101 0.3301
5233.0000 306 102 0.3333
5244.0000 307 102 0.3322
5260.0000 308 102 0.3312
5279.0000 309 102 0.3301
5294.0000 310 102 0.3290
5313.0000 311 102 0.3280
5331.0000 312 102 0.3269
5346.0000 313 102 0.3259
5358.0000 313 103 0.3291
5365.0000 314 103 0.3280
5383.0000 315 103 0.3270
5401.0000 316 103 0.3259
5411.0000 316 104 0.3291
5419.0000 317 104 0.3281
5436.0000 318 104 0.3270
5453.0000 319 104 0.3260
5468.0000 320 104 0.3250
5484.0000 321 104 0.3240
5503.0000 322 104 0.3230
5516.0000 322 105 0.3261
5519.0000 322 106 0.3292
5520.0000 323 106 0.3282
5520.0000 323 107 0.3313
5537.0000 324 107 0.3302
5554.0000 325 107 0.3292
5573.0000 326 107 0.3282
5592.0000 327 107 0.3272
5609.0000 328 107 0.3262
5628.0000 329 107 0.3252
5646.0000 330 107 0.3242
5662.0000 331 107 0.3233
5678.0000 332 107 0.3223
5694.0000 333 107 0.3213
5709.0000 334 107 0.3204
5724.0000 335 107 0.3194
5741.0000 336 107 0.3185
5760.0000 337 107 0.3175
5775.0000 338 107 0.3166
5794.0000 339 107 0.3156
5812.0000 340 107 0.3147
5828.0000 341 107 0.3138
5844.0000 342 107 0.3129
5859.0000 343 107 0.3120
5876.0000 344 107 0.3110
5891.0000 345 107 0.3101
5896.0000 345 108 0.3130
5908.0000 346 108 0.3121
5927.0000 347 108 0.3112
5946.0000 348 108 0.3103
5957.0000 348 109 0.3132
5964.0000 349 109 0.3123
5980.0000 350 109 0.3114
5983.0000 350 110 0.3143
5995.0000 351 110 0.3134
6012.0000 352 110 0.3125
6028.0000 353 110 0.3116
6043.0000 354 110 0.3107
6060.0000 355 110 0.3099
6077.0000 356 110 0.3090
6094.0000 357 110 0.3081
6112.0000 358 110 0.3073
6116.0000 358 111 0.3101
6123.0000 358 112 0.3128
6130.0000 359 112 0.3120
6149.0000 360 112 0.3111
6164.0000 361 112 0.3102
6182.0000 362 112 0.3094
6196.0000 362 113 0.3122
6197.0000 362 114 0.3149
6200.0000 363 114 0.3140
6216.0000 364 114 0.3132
6235.0000 365 114 0.3123
6253.0000 366 114 0.3115
6270.0000 367 114 0.3106
6285.0000 368 114 0.3098
6302.0000 369 114 0.3089
6320.0000 370 114 0.3081
6338.0000 371 114 0.3073
6354.0000 372 114 0.3065
6370.0000 373 114 0.3056
6378.0000 373 115 0.3083
6387.0000 374 115 0.3075
6397.0000 374 116 0.3102
6403.0000 375 116 0.3093
6416.0000 375 117 0.3120
6420.0000 376 117 0.3112
6437.0000 377 117 0.3103
6446.0000 377 118 0.3130
6451.0000 377 119 0.3156
6454.0000 378 119 0.3148
6473.0000 379 119 0.3140
6491.0000 380 119 0.3132
6509.0000 381 119 0.3123
6525.0000 382 119 0.3115
6544.0000 383 119 0.3107
6560.0000 384 119 0.3099
6578.0000 385 119 0.3091
6595.0000 386 119 0.3083
6613.0000 387 119 0.3075
6628.0000 388 119 0.3067
6645.0000 389 119 0.3059
6662.0000 390 119 0.3051
6681.0000 391 119 0.3043
6700.0000 392 119 0.3036
6718.0000 393 119 0.3028
6737.0000 394 119 0.3020
6752.0000 395 119 0.3013
6771.0000 396 119 0.3005
6787.0000 397 119 0.2997
6803.0000 398 119 0.2990
6821.0000 399 119 0.2982
6839.0000 400 119 0.2975
6858.0000 401 119 0.2968
6875.0000 402 119 0.2960
6894.0000 403 119 0.2953
6911.0000 404 119 0.2946
6927.0000 405 119 0.2938
6945.0000 406 119 0.2931
6955.0000 406 120 0.2956
6963.0000 407 120 0.2948
6975.0000 407 121 0.2973
6977.0000 407 122 0.2998
6980.0000 407 123 0.3022
6981.0000 408 123 0.3015
6999.0000 409 123 0.3007
7018.0000 410 123 0.3000
7019.0000 410 124 0.3024
7036.0000 411 124 0.3017
7044.0000 411 125 0.3041
7052.0000 412 125 0.3034
7070.0000 413 125 0.3027
7086.0000 414 125 0.3019
7101.0000 415 125 0.3012
7120.0000 416 125 0.3005
7137.0000 417 125 0.2998
7138.0000 417 126 0.3022
7154.0000 418 126 0.3014
7160.0000 418 127 0.3038
7169.0000 418 128 0.3062
7170.0000 419 128 0.3055
7186.0000 420 128 0.3048
7204.0000 421 128 0.3040
7223.0000 422 128 0.3033
7234.0000 422 129 0.3057
7239.0000 423 129 0.3050
7254.0000 424 129 0.3042
7269.0000 425 129 0.3035
7288.0000 426 129 0.3028
7304.0000 427 129 0.3021
7312.0000 427 130 0.3044
7313.0000 427 131 0.3068
7315.0000 427 132 0.3091
7320.0000 428 132 0.3084
7335.0000 429 132 0.3077
7347.0000 429 133 0.3100
7352.0000 430 133 0.3093
7367.0000 431 133 0.3086
7384.0000 432 133 0.3079
7402.0000 433 133 0.3072
7412.0000 433 134 0.3095
7419.0000 434 134 0.3088
7426.0000 434 135 0.3111
7437.0000 435 135 0.3103
7452.0000 436 135 0.3096
7465.0000 436 136 0.3119
7468.0000 437 136 0.3112
7484.0000 438 136 0.3105
7501.0000 439 136 0.3098
7515.0000 439 137 0.3121
7518.0000 440 137 0.3114
7534.0000 441 137 0.3107
7549.0000 442 137 0.3100
7564.0000 443 137 0.3093
7582.0000 444 137 0.3086
7598.0000 445 137 0.3079
7615.0000 446 137 0.3072
7630.0000 447 137 0.3065
7646.0000 448 137 0.3058
7663.0000 449 137 0.3051
7682.0000 450 137 0.3044
7700.0000 451 137 0.3038
7716.0000 452 137 0.3031
7733.0000 453 137 0.3024
7743.0000 453 138 0.3046
7752.0000 454 138 0.3040
7769.0000 455 138 0.3033
7787.0000 456 138 0.3026
7803.0000 457 138 0.3020
7821.0000 458 138 0.3013
7837.0000 459 138 0.3007
7855.0000 460 138 0.3000
7870.0000 461 138 0.2993
7888.0000 462 138 0.2987
7904.0000 463 138 0.2981
7923.0000 464 138 0.2974
7942.0000 465 138 0.2968
7957.0000 466 138 0.2961
7973.0000 467 138 0.2955
7992.0000 468 138 0.2949
8007.0000 469 138 0.2942
8022.0000 470 138 0.2936
8037.0000 471 138 0.2930
8054.0000 472 138 0.2924
8071.0000 473 138 0.2918
8077.0000 473 139 0.2939
8090.0000 474 139 0.2932
8108.0000 475 139 0.2926
8123.0000 476 139 0.2920
8140.0000 477 139 0.2914
8156.0000 478 139 0.2908
8160.0000 478 140 0.2929
8171.0000 479 140 0.2923
8187.0000 479 141 0.2944
8188.0000 480 141 0.2938
8207.0000 481 141 0.2931
8210.0000 481 142 0.2952
8224.0000 482 142 0.2946
8242.0000 483 142 0.2940
8260.0000 484 142 0.2934
8276.0000 485 142 0.2928
8294.0000 486 142 0.2922
8313.0000 487 142 0.2916
8332.0000 488 142 0.2910
8351.0000 489 142 0.2904
8370.0000 490 142 0.2898
8386.0000 491 142 0.2892
8403.0000 492 142 0.2886
8418.0000 493 142 0.2880
8437.0000 494 142 0.2874
8455.0000 495 142 0.2869
8471.0000 496 142 0.2863
8487.0000 497 142 0.2857
8504.0000 498 142 0.2851
8519.0000 499 142 0.2846
8534.0000 500 142 0.2840
8550.0000 501 142 0.2834
8569.0000 502 142 0.2829
8588.0000 503 142 0.2823
8604.0000 504 142 0.2817
8620.0000 505 142 0.2812
8639.0000 506 142 0.2806
8656.0000 507 142 0.2801
8673.0000 508 142 0.2795
8690.0000 509 142 0.2790
8705.0000 509 143 0.2809
8708.0000 510 143 0.2804
8725.0000 511 143 0.2798
8743.0000 512 143 0.2793
8753.0000 512 144 0.2813
8761.0000 513 144 0.2807
8779.0000 514 144 0.2802
8796.0000 515 144 0.2796
8814.0000 516 144 0.2791
8815.0000 516 145 0.2810
8831.0000 517 145 0.2805
8846.0000 518 145 0.2799
8862.0000 519 145 0.2794
8880.0000 520 145 0.2788
8899.0000 521 145 0.2783
8915.0000 522 145 0.2778
8933.0000 523 145 0.2772
8948.0000 524 145 0.2767
8966.0000 525 145 0.2762
8985.0000 526 145 0.2757
9003.0000 527 145 0.2751
9019.0000 528 145 0.2746
9036.0000 529 145 0.2741
9055.0000 530 145 0.2736
9073.0000 531 145 0.2731
9090.0000 532 145 0.2726
9108.0000 533 145 0.2720
9123.0000 534 145 0.2715
9139.0000 535 145 0.2710
9154.0000 536 145 0.2705
9171.0000 537 145 0.2700
9189.0000 538 145 0.2695
9207.0000 539 145 0.2690
9223.0000 540 145 0.2685
9240.0000 541 145 0.2680
9259.0000 542 145 0.2675
9277.0000 543 145 0.2670
9293.0000 544 145 0.2665
9311.0000 545 145 0.2661
9328.0000 546 145 0.2656
9345.0000 547 145 0.2651
9360.0000 548 145 0.2646
9375.0000 549 145 0.2641
9391.0000 550 145 0.2636
9406.0000 551 145 0.2632
9423.0000 551 146 0.2650
9424.0000 552 146 0.2645
9425.0000 552 147 0.2663
9439.0000 553 147 0.2658
9455.0000 554 147 0.2653
9474.0000 555 147 0.2649
9491.0000 556 147 0.2644
9510.0000 557 147 0.2639
9525.0000 558 147 0.2634
9526.0000 558 148 0.2652
9544.0000 559 148 0.2648
9554.0000 559 149 0.2665
9555.0000 559 150 0.2683
9561.0000 560 150 0.2679
9577.0000 561 150 0.2674
9594.0000 562 150 0.2669
9610.0000 563 150 0.2664
9616.0000 563 151 0.2682
9627.0000 564 151 0.2677
9643.0000 565 151 0.2673
9662.0000 566 151 0.2668
9678.0000 567 151 0.2663
9696.0000 568 151 0.2658
9713.0000 569 151 0.2654
9728.0000 569 152 0.2671
9731.0000 570 152 0.2667
9744.0000 570 153 0.2684
9750.0000 571 153 0.2680
9767.0000 572 153 0.2675
9784.0000 573 153 0.2670
9803.0000 574 153 0.2666
9819.0000 575 153 0.2661
9825.0000 575 154 0.2678
9835.0000 576 154 0.2674
9854.0000 577 154 0.2669
9871.0000 578 154 0.2664
9888.0000 579 154 0.2660
9889.0000 579 155 0.2677
9906.0000 580 155 0.2672
9921.0000 581 155 0.2668
9939.0000 582 155 0.2663
9952.0000 582 156 0.2680
9953.0000 582 157 0.2698
9958.0000 583 157 0.2693
9973.0000 584 157 0.2688
9992.0000 585 157 0.2684
10004.0000 585 158 0.2701
10011.0000 586 158 0.2696
10027.0000 586 159 0.2713
10029.0000 587 159 0.2709
10043.0000 587 160 0.2726
10047.0000 588 160 0.2721
10054.0000 588 161 0.2738
10065.0000 589 161 0.2733
10083.0000 590 161 0.2729
10102.0000 591 161 0.2724
10120.0000 592 161 0.2720
10135.0000 593 161 0.2715
10152.0000 594 161 0.2710
10168.0000 595 161 0.2706
10186.0000 596 161 0.2701
10201.0000 597 161 0.2697
10216.0000 598 161 0.2692
10231.0000 599 161 0.2688
10250.0000 600 161 0.2683
10264.0000 600 162 0.2700
10268.0000 601 162 0.2696
10285.0000 602 162 0.2691
10304.0000 603 162 0.2687
10323.0000 604 162 0.2682
10342.0000 605 162 0.2678
10360.0000 606 162 0.2673
10379.0000 607 162 0.2669
10394.0000 608 162 0.2664
10411.0000 609 162 0.2660
10429.0000 610 162 0.2656
10447.0000 611 162 0.2651
10466.0000 612 162 0.2647
10484.0000 613 162 0.2643
10499.0000 614 162 0.2638
10517.0000 615 162 0.2634
10534.0000 615 163 0.2650
10535.0000 616 163 0.2646
10542.0000 616 164 0.2662
10542.0000 616 165 0.2679
10553.0000 617 165 0.2674
10570.0000 618 165 0.2670
10588.0000 619 165 0.2666
10596.0000 619 166 0.2682
10605.0000 620 166 0.2677
10614.0000 620 167 0.2694
10624.0000 621 167 0.2689
10639.0000 622 167 0.2685
10640.0000 622 168 0.2701
10641.0000 622 169 0.2717
10658.0000 623 169 0.2713
10661.0000 623 170 0.2729
10674.0000 624 170 0.2724
10691.0000 625 170 0.2720
10708.0000 626 170 0.2716
10713.0000 626 171 0.2732
10719.0000 626 172 0.2748
10724.0000 627 172 0.2743
10741.0000 628 172 0.2739
10756.0000 629 172 0.2734
10774.0000 630 172 0.2730
10793.0000 631 172 0.2726
10811.0000 632 172 0.2722
10830.0000 633 172 0.2717
10848.0000 634 172 0.2713
10864.0000 635 172 0.2709
10883.0000 636 172 0.2704
10899.0000 637 172 0.2700
10918.0000 638 172 0.2696
10934.0000 639 172 0.2692
10950.0000 639 173 0.2707
10951.0000 639 174 0.2723
10952.0000 640 174 0.2719
10968.0000 641 174 0.2715
10974.0000 641 175 0.2730
10983.0000 642 175 0.2726
10999.0000 643 175 0.2722
11014.0000 644 175 0.2717
11032.0000 645 175 0.2713
11047.0000 645 176 0.2729
11050.0000 646 176 0.2724
11069.0000 647 176 0.2720
11084.0000 648 176 0.2716
11099.0000 649 176 0.2712
11117.0000 650 176 0.2708
11134.0000 651 176 0.2704
11153.0000 652 176 0.2699
11170.0000 652 177 0.2715
11172.0000 653 177 0.2711
11189.0000 654 177 0.2706
11207.0000 655 177 0.2702
11224.0000 656 177 0.2698
11240.0000 657 177 0.2694
11259.0000 658 177 0.2690
11276.0000 659 177 0.2686
11291.0000 660 177 0.2682
11292.0000 660 178 0.2697
11306.0000 660 179 0.2712
11307.0000 661 179 0.2708
11323.0000 662 179 0.2704
11342.0000 663 179 0.2700
11360.0000 664 179 0.2696
11378.0000 665 179 0.2692
11393.0000 666 179 0.2688
11401.0000 666 180 0.2703
11411.0000 667 180 0.2699
11430.0000 668 180 0.2695
11449.0000 669 180 0.2691
11467.0000 669 181 0.2706
11468.0000 670 181 0.2701
11484.0000 671 181 0.2697
11503.0000 672 181 0.2693
11522.0000 673 181 0.2689
11538.0000 674 181 0.2685
11555.0000 675 181 0.2681
11570.0000 676 181 0.2678
11575.0000 676 182 0.2692
11588.0000 677 182 0.2688
11605.0000 678 182 0.2684
11621.0000 679 182 0.2680
11640.0000 680 182 0.2676
11656.0000 681 182 0.2673
11671.0000 682 182 0.2669
11689.0000 683 182 0.2665
11704.0000 684 182 0.2661
11723.0000 685 182 0.2657
11738.0000 686 182 0.2653
11755.0000 687 182 0.2649
11774.0000 688 182 0.2645
11789.0000 689 182 0.2642
11807.0000 690 182 0.2638
11826.0000 691 182 0.2634
11843.0000 692 182 0.2630
11859.0000 693 182 0.2626
11874.0000 694 182 0.2622
11891.0000 695 182 0.2619
11906.0000 696 182 0.2615
11921.0000 697 182 0.2611
11937.0000 698 182 0.2607
11956.0000 699 182 0.2604
11973.0000 700 182 0.2600
11992.0000 701 182 0.2596
12011.0000 702 182 0.2593
12026.0000 703 182 0.2589
12036.0000 703 183 0.2603
12045.0000 704 183 0.2599
12064.0000 705 183 0.2596
12074.0000 705 184 0.2610
12083.0000 706 184 0.2606
12099.0000 707 184 0.2603
12114.0000 708 184 0.2599
12133.0000 709 184 0.2595
12148.0000 710 184 0.2592
12167.0000 711 184 0.2588
12185.0000 712 184 0.2584
12191.0000 712 185 0.2598
12204.0000 713 185 0.2595
12222.0000 714 185 0.2591
12228.0000 714 186 0.2605
12241.0000 715 186 0.2601
12259.0000 716 186 0.2598
12273.0000 716 187 0.2612
12276.0000 717 187 0.2608
12292.0000 718 187 0.2604
12307.0000 719 187 0.2601
12324.0000 720 187 0.2597
12339.0000 721 187 0.2594
12355.0000 722 187 0.2590
12370.0000 723 187 0.2586
12388.0000 724 187 0.2583
12390.0000 724 188 0.2597
12403.0000 725 188 0.2593
12406.0000 725 189 0.2607
12418.0000 726 189 0.2603
12422.0000 726 190 0.2617
12435.0000 727 190 0.2613
12451.0000 728 190 0.2610
12468.0000 729 190 0.2606
12485.0000 730 190 0.2603
12486.0000 730 191 0.2616
12502.0000 731 191 0.2613
12521.0000 732 191 0.2609
12537.0000 733 191 0.2606
12552.0000 734 191 0.2602
12571.0000 735 191 0.2599
12589.0000 736 191 0.2595
12594.0000 736 192 0.2609
12594.0000 736 193 0.2622
12604.0000 737 193 0.2619
12623.0000 738 193 0.2615
12627.0000 738 194 0.2629
12641.0000 739 194 0.2625
12657.0000 740 194 0.2622
12675.0000 741 194 0.2618
12693.0000 742 194 0.2615
12709.0000 743 194 0.2611
12721.0000 743 195 0.2624
12726.0000 744 195 0.2621
12745.0000 745 195 0.2617
12764.0000 746 195 0.2614
12780.0000 747 195 0.2610
12798.0000 748 195 0.2607
12817.0000 749 195 0.2603
12832.0000 750 195 0.2600
12837.0000 750 196 0.2613
12848.0000 751 196 0.2610
12863.0000 752 196 0.2606
12880.0000 753 196 0.2603
12895.0000 754 196 0.2599
12911.0000 755 196 0.2596
12928.0000 756 196 0.2593
12944.0000 757 196 0.2589
12959.0000 758 196 0.2586
12974.0000 759 196 0.2582
12993.0000 760 196 0.2579
13009.0000 761 196 0.2576
13028.0000 762 196 0.2572
13046.0000 763 196 0.2569
13061.0000 764 196 0.2565
13077.0000 765 196 0.2562
13095.0000 766 196 0.2559
13114.0000 767 196 0.2555
13133.0000 768 196 0.2552
13134.0000 768 197 0.2565
13136.0000 768 198 0.2578
13150.0000 769 198 0.2575
13166.0000 770 198 0.2571
13184.0000 771 198 0.2568
13199.0000 772 198 0.2565
13216.0000 773 198 0.2561
13234.0000 774 198 0.2558
13252.0000 775 198 0.2555
13262.0000 775 199 0.2568
13271.0000 776 199 0.2564
13290.0000 777 199 0.2561
13308.0000 778 199 0.2558
13326.0000 779 199 0.2555
13341.0000 780 199 0.2551
13356.0000 781 199 0.2548
13372.0000 782 199 0.2545
13376.0000 782 200 0.2558
13391.0000 783 200 0.2554
13410.0000 784 200 0.2551
13426.0000 785 200 0.2548
13445.0000 786 200 0.2545
13460.0000 787 200 0.2541
13475.0000 788 200 0.2538
13493.0000 789 200 0.2535
13510.0000 790 200 0.2532
13528.0000 791 200 0.2528
13546.0000 792 200 0.2525
13561.0000 793 200 0.2522
13579.0000 794 200 0.2519
13598.0000 795 200 0.2516
13614.0000 796 200 0.2513
13630.0000 797 200 0.2509
13647.0000 798 200 0.2506
13666.0000 799 200 0.2503
13685.0000 800 200 0.2500
13704.0000 801 200 0.2497
13723.0000 802 200 0.2494
13739.0000 803 200 0.2491
13739.0000 803 201 0.2503
13754.0000 804 201 0.2500
13773.0000 805 201 0.2497
13792.0000 806 201 0.2494
13807.0000 807 201 0.2491
13826.0000 808 201 0.2488
13842.0000 809 201 0.2485
13860.0000 810 201 0.2481
13879.0000 811 201 0.2478
13894.0000 812 201 0.2475
13895.0000 812 202 0.2488
13904.0000 812 203 0.2500
13910.0000 813 203 0.2497
13927.0000 814 203 0.2494
13942.0000 815 203 0.2491
13958.0000 816 203 0.2488
13959.0000 816 204 0.2500
13968.0000 816 205 0.2512
13973.0000 817 205 0.2509
13992.0000 818 205 0.2506
14010.0000 819 205 0.2503
14029.0000 820 205 0.2500
14047.0000 821 205 0.2497
14048.0000 821 206 0.2509
14058.0000 821 207 0.2521
14064.0000 822 207 0.2518
14072.0000 822 208 0.2530
14080.0000 823 208 0.2527
14096.0000 824 208 0.2524
14098.0000 824 209 0.2536
14115.0000 825 209 0.2533
14131.0000 826 209 0.2530
14144.0000 826 210 0.2542
14146.0000 827 210 0.2539
14164.0000 828 210 0.2536
14168.0000 828 211 0.2548
14180.0000 829 211 0.2545
14199.0000 830 211 0.2542
14216.0000 831 211 0.2539
14235.0000 832 211 0.2536
14253.0000 833 211 0.2533
14271.0000 834 211 0.2530
14290.0000 835 211 0.2527
14309.0000 836 211 0.2524
14324.0000 837 211 0.2521
14331.0000 837 212 0.2533
14343.0000 838 212 0.2530
14358.0000 839 212 0.2527
14373.0000 840 212 0.2524
14388.0000 841 212 0.2521
