# time  created  delivered  delivered/created
19.0000 1 0 0.0000
36.0000 2 0 0.0000
50.0000 2 1 0.5000
54.0000 3 1 0.3333
71.0000 4 1 0.2500
90.0000 5 1 0.2000
106.0000 6 1 0.1667
117.0000 6 2 0.3333
122.0000 7 2 0.2857
138.0000 8 2 0.2500
155.0000 9 2 0.2222
170.0000 10 2 0.2000
188.0000 11 2 0.1818
190.0000 11 3 0.2727
206.0000 12 3 0.2500
224.0000 13 3 0.2308
242.0000 14 3 0.2143
257.0000 15 3 0.2000
272.0000 16 3 0.1875
280.0000 16 4 0.2500
291.0000 17 4 0.2353
293.0000 17 5 0.2941
308.0000 18 5 0.2778
324.0000 19 5 0.2632
340.0000 20 5 0.2500
355.0000 21 5 0.2381
370.0000 22 5 0.2273
375.0000 22 6 0.2727
381.0000 22 7 0.3182
388.0000 23 7 0.3043
404.0000 24 7 0.2917
414.0000 24 8 0.3333
416.0000 24 9 0.3750
423.0000 25 9 0.3600
426.0000 25 10 0.4000
439.0000 26 10 0.3846
442.0000 26 11 0.4231
455.0000 27 11 0.4074
471.0000 28 11 0.3929
486.0000 29 11 0.3793
501.0000 30 11 0.3667
520.0000 31 11 0.3548
535.0000 32 11 0.3438
554.0000 33 11 0.3333
571.0000 34 11 0.3235
588.0000 35 11 0.3143
600.0000 35 12 0.3429
606.0000 36 12 0.3333
616.0000 36 13 0.3611
623.0000 37 13 0.3514
634.0000 37 14 0.3784
640.0000 38 14 0.3684
657.0000 39 14 0.3590
672.0000 40 14 0.3500
689.0000 41 14 0.3415
708.0000 42 14 0.3333
727.0000 43 14 0.3256
743.0000 44 14 0.3182
760.0000 45 14 0.3111
779.0000 46 14 0.3043
798.0000 47 14 0.2979
814.0000 48 14 0.2917
829.0000 49 14 0.2857
847.0000 50 14 0.2800
866.0000 51 14 0.2745
882.0000 52 14 0.2692
899.0000 53 14 0.2642
904.0000 53 15 0.2830
908.0000 53 16 0.3019
918.0000 54 16 0.2963
918.0000 54 17 0.3148
936.0000 55 17 0.3091
952.0000 56 17 0.3036
967.0000 57 17 0.2982
975.0000 57 18 0.3158
986.0000 58 18 0.3103
994.0000 58 19 0.3276
1005.0000 59 19 0.3220
1023.0000 60 19 0.3167
1024.0000 60 20 0.3333
1042.0000 61 20 0.3279
1047.0000 61 21 0.3443
1057.0000 62 21 0.3387
1075.0000 63 21 0.3333
1092.0000 64 21 0.3281
1110.0000 65 21 0.3231
1125.0000 66 21 0.3182
1144.0000 67 21 0.3134
1160.0000 68 21 0.3088
1179.0000 69 21 0.3043
1192.0000 69 22 0.3188
1198.0000 70 22 0.3143
1199.0000 70 23 0.3286
1207.0000 70 24 0.3429
1216.0000 71 24 0.3380
1234.0000 72 24 0.3333
1250.0000 73 24 0.3288
1263.0000 73 25 0.3425
1267.0000 74 25 0.3378
1283.0000 75 25 0.3333
1298.0000 76 25 0.3289
1317.0000 77 25 0.3247
1335.0000 78 25 0.3205
1354.0000 79 25 0.3165
1373.0000 80 25 0.3125
1390.0000 80 26 0.3250
1392.0000 81 26 0.3210
1409.0000 81 27 0.3333
1411.0000 82 27 0.3293
1428.0000 83 27 0.3253
1447.0000 84 27 0.3214
1464.0000 84 28 0.3333
1465.0000 85 28 0.3294
1480.0000 86 28 0.3256
1499.0000 87 28 0.3218
1512.0000 87 29 0.3333
1518.0000 88 29 0.3295
1519.0000 88 30 0.3409
1533.0000 89 30 0.3371
1544.0000 89 31 0.3483
1552.0000 90 31 0.3444
1567.0000 91 31 0.3407
1586.0000 92 31 0.3370
1596.0000 92 32 0.3478
1603.0000 93 32 0.3441
1608.0000 93 33 0.3548
1621.0000 94 33 0.3511
1640.0000 95 33 0.3474
1656.0000 96 33 0.3438
1671.0000 97 33 0.3402
1688.0000 98 33 0.3367
1704.0000 99 33 0.3333
1705.0000 99 34 0.3434
1720.0000 100 34 0.3400
1726.0000 100 35 0.3500
1735.0000 101 35 0.3465
1737.0000 101 36 0.3564
1750.0000 102 36 0.3529
1766.0000 103 36 0.3495
1768.0000 103 37 0.3592
1784.0000 104 37 0.3558
1802.0000 105 37 0.3524
1803.0000 105 38 0.3619
1820.0000 106 38 0.3585
1835.0000 106 39 0.3679
1839.0000 107 39 0.3645
1843.0000 107 40 0.3738
1855.0000 108 40 0.3704
1872.0000 109 40 0.3670
1890.0000 110 40 0.3636
1907.0000 111 40 0.3604
1926.0000 112 40 0.3571
1929.0000 112 41 0.3661
1944.0000 113 41 0.3628
1945.0000 113 42 0.3717
1960.0000 114 42 0.3684
1975.0000 115 42 0.3652
1976.0000 115 43 0.3739
1987.0000 115 44 0.3826
1991.0000 116 44 0.3793
2007.0000 117 44 0.3761
2026.0000 118 44 0.3729
2041.0000 119 44 0.3697
2060.0000 120 44 0.3667
2077.0000 121 44 0.3636
2093.0000 122 44 0.3607
2106.0000 122 45 0.3689
2112.0000 123 45 0.3659
2118.0000 123 46 0.3740
2127.0000 124 46 0.3710
2132.0000 124 47 0.3790
2143.0000 125 47 0.3760
2162.0000 126 47 0.3730
2180.0000 127 47 0.3701
2196.0000 128 47 0.3672
2215.0000 129 47 0.3643
2233.0000 130 47 0.3615
2249.0000 131 47 0.3588
2265.0000 132 47 0.3561
2280.0000 133 47 0.3534
2292.0000 133 48 0.3609
2298.0000 134 48 0.3582
2313.0000 135 48 0.3556
2327.0000 135 49 0.3630
2332.0000 136 49 0.3603
2346.0000 136 50 0.3676
2347.0000 137 50 0.3650
2363.0000 138 50 0.3623
2379.0000 139 50 0.3597
2380.0000 139 51 0.3669
2387.0000 139 52 0.3741
2395.0000 140 52 0.3714
2411.0000 141 52 0.3688
2426.0000 142 52 0.3662
2445.0000 143 52 0.3636
2448.0000 143 53 0.3706
2461.0000 144 53 0.3681
2476.0000 145 53 0.3655
2495.0000 146 53 0.3630
2512.0000 147 53 0.3605
2527.0000 148 53 0.3581
2537.0000 148 54 0.3649
2545.0000 149 54 0.3624
2561.0000 150 54 0.3600
2578.0000 151 54 0.3576
2594.0000 152 54 0.3553
2595.0000 152 55 0.3618
2610.0000 153 55 0.3595
2625.0000 154 55 0.3571
2642.0000 155 55 0.3548
2658.0000 156 55 0.3526
2674.0000 157 55 0.3503
2693.0000 158 55 0.3481
2695.0000 158 56 0.3544
2703.0000 158 57 0.3608
2711.0000 159 57 0.3585
2717.0000 159 58 0.3648
2725.0000 159 59 0.3711
2727.0000 160 59 0.3688
2731.0000 160 60 0.3750
2742.0000 161 60 0.3727
2758.0000 162 60 0.3704
2763.0000 162 61 0.3765
2773.0000 163 61 0.3742
2784.0000 163 62 0.3804
2786.0000 163 63 0.3865
2792.0000 164 63 0.3841
2793.0000 164 64 0.3902
2811.0000 165 64 0.3879
2826.0000 166 64 0.3855
2837.0000 166 65 0.3916
2840.0000 166 66 0.3976
2841.0000 167 66 0.3952
2850.0000 167 67 0.4012
2856.0000 167 68 0.4072
2858.0000 168 68 0.4048
2858.0000 168 69 0.4107
2874.0000 169 69 0.4083
2889.0000 170 69 0.4059
2907.0000 171 69 0.4035
2915.0000 171 70 0.4094
2923.0000 172 70 0.4070
2933.0000 172 71 0.4128
2942.0000 173 71 0.4104
2957.0000 174 71 0.4080
2972.0000 175 71 0.4057
2977.0000 175 72 0.4114
2987.0000 175 73 0.4171
2988.0000 176 73 0.4148
2992.0000 176 74 0.4205
2994.0000 176 75 0.4261
3007.0000 177 75 0.4237
3010.0000 177 76 0.4294
3022.0000 178 76 0.4270
3039.0000 179 76 0.4246
3055.0000 180 76 0.4222
3069.0000 180 77 0.4278
3070.0000 181 77 0.4254
3082.0000 181 78 0.4309
3088.0000 182 78 0.4286
3106.0000 183 78 0.4262
3122.0000 184 78 0.4239
3124.0000 184 79 0.4293
3132.0000 184 80 0.4348
3135.0000 184 81 0.4402
3140.0000 185 81 0.4378
3155.0000 185 82 0.4432
3156.0000 186 82 0.4409
3172.0000 187 82 0.4385
3190.0000 187 83 0.4439
3191.0000 188 83 0.4415
3208.0000 189 83 0.4392
3209.0000 189 84 0.4444
3212.0000 189 85 0.4497
3218.0000 189 86 0.4550
3227.0000 190 86 0.4526
3227.0000 190 87 0.4579
3235.0000 190 88 0.4632
3246.0000 191 88 0.4607
3262.0000 192 88 0.4583
3262.0000 192 89 0.4635
3278.0000 193 89 0.4611
3282.0000 193 90 0.4663
3295.0000 194 90 0.4639
3310.0000 195 90 0.4615
3326.0000 196 90 0.4592
3341.0000 197 90 0.4569
3359.0000 198 90 0.4545
3365.0000 198 91 0.4596
3373.0000 198 92 0.4646
3378.0000 199 92 0.4623
3393.0000 200 92 0.4600
3408.0000 201 92 0.4577
3423.0000 202 92 0.4554
3437.0000 202 93 0.4604
3437.0000 202 94 0.4653
3438.0000 203 94 0.4631
3438.0000 203 95 0.4680
3457.0000 204 95 0.4657
3475.0000 205 95 0.4634
3493.0000 206 95 0.4612
3502.0000 206 96 0.4660
3508.0000 207 96 0.4638
3508.0000 207 97 0.4686
3523.0000 208 97 0.4663
3540.0000 208 98 0.4712
3542.0000 209 98 0.4689
3560.0000 210 98 0.4667
3577.0000 211 98 0.4645
3580.0000 211 99 0.4692
3581.0000 211 100 0.4739
3595.0000 212 100 0.4717
3614.0000 213 100 0.4695
3628.0000 213 101 0.4742
3631.0000 214 101 0.4720
3647.0000 215 101 0.4698
3665.0000 216 101 0.4676
3681.0000 217 101 0.4654
3696.0000 218 101 0.4633
3697.0000 218 102 0.4679
3715.0000 219 102 0.4658
3734.0000 220 102 0.4636
3750.0000 221 102 0.4615
3768.0000 222 102 0.4595
3783.0000 223 102 0.4574
3800.0000 224 102 0.4554
3817.0000 225 102 0.4533
3835.0000 226 102 0.4513
3838.0000 226 103 0.4558
3854.0000 227 103 0.4537
3860.0000 227 104 0.4581
3868.0000 227 105 0.4626
3871.0000 227 106 0.4670
3872.0000 227 107 0.4714
3873.0000 228 107 0.4693
3892.0000 229 107 0.4672
3895.0000 229 108 0.4716
3908.0000 230 108 0.4696
3910.0000 230 109 0.4739
3918.0000 230 110 0.4783
3927.0000 231 110 0.4762
3943.0000 232 110 0.4741
3959.0000 233 110 0.4721
3975.0000 234 110 0.4701
3992.0000 235 110 0.4681
4007.0000 236 110 0.4661
4014.0000 236 111 0.4703
4024.0000 237 111 0.4684
4040.0000 238 111 0.4664
4057.0000 239 111 0.4644
4075.0000 240 111 0.4625
4092.0000 241 111 0.4606
4107.0000 242 111 0.4587
4119.0000 242 112 0.4628
4119.0000 242 113 0.4669
4125.0000 243 113 0.4650
4129.0000 243 114 0.4691
4132.0000 243 115 0.4733
4134.0000 243 116 0.4774
4138.0000 243 117 0.4815
4142.0000 244 117 0.4795
4157.0000 245 117 0.4776
4172.0000 246 117 0.4756
4187.0000 246 118 0.4797
4190.0000 247 118 0.4777
4198.0000 247 119 0.4818
4209.0000 248 119 0.4798
4221.0000 248 120 0.4839
4227.0000 249 120 0.4819
4243.0000 249 121 0.4859
4246.0000 250 121 0.4840
4250.0000 250 122 0.4880
4263.0000 251 122 0.4861
4264.0000 251 123 0.4900
4279.0000 252 123 0.4881
4298.0000 253 123 0.4862
4314.0000 253 124 0.4901
4316.0000 254 124 0.4882
4332.0000 255 124 0.4863
4332.0000 255 125 0.4902
4350.0000 255 126 0.4941
4351.0000 256 126 0.4922
4358.0000 256 127 0.4961
4370.0000 257 127 0.4942
4389.0000 258 127 0.4922
4408.0000 259 127 0.4903
4417.0000 259 128 0.4942
4423.0000 260 128 0.4923
4434.0000 260 129 0.4962
4440.0000 261 129 0.4943
4449.0000 261 130 0.4981
4459.0000 262 130 0.4962
4465.0000 262 131 0.5000
4478.0000 263 131 0.4981
4479.0000 263 132 0.5019
4489.0000 263 133 0.5057
4496.0000 264 133 0.5038
4513.0000 265 133 0.5019
4532.0000 266 133 0.5000
4551.0000 267 133 0.4981
4556.0000 267 134 0.5019
4565.0000 267 135 0.5056
4567.0000 268 135 0.5037
4568.0000 268 136 0.5075
4581.0000 268 137 0.5112
4586.0000 269 137 0.5093
4601.0000 270 137 0.5074
4616.0000 270 138 0.5111
4616.0000 270 139 0.5148
4617.0000 271 139 0.5129
4634.0000 272 139 0.5110
4650.0000 273 139 0.5092
4667.0000 274 139 0.5073
4674.0000 274 140 0.5109
4685.0000 274 141 0.5146
4686.0000 275 141 0.5127
4704.0000 276 141 0.5109
4721.0000 277 141 0.5090
4726.0000 277 142 0.5126
4740.0000 278 142 0.5108
4759.0000 279 142 0.5090
4778.0000 280 142 0.5071
4795.0000 281 142 0.5053
4811.0000 282 142 0.5035
4828.0000 283 142 0.5018
4845.0000 284 142 0.5000
4853.0000 284 143 0.5035
4863.0000 285 143 0.5018
4882.0000 286 143 0.5000
4898.0000 286 144 0.5035
4899.0000 287 144 0.5017
4916.0000 288 144 0.5000
4933.0000 289 144 0.4983
4951.0000 290 144 0.4966
4966.0000 291 144 0.4948
4984.0000 292 144 0.4932
4985.0000 292 145 0.4966
5000.0000 293 145 0.4949
5007.0000 293 146 0.4983
5011.0000 293 147 0.5017
5011.0000 293 148 0.5051
5016.0000 294 148 0.5034
5016.0000 294 149 0.5068
5028.0000 294 150 0.5102
5034.0000 295 150 0.5085
5035.0000 295 151 0.5119
5046.0000 295 152 0.5153
5053.0000 296 152 0.5135
5057.0000 296 153 0.5169
5060.0000 296 154 0.5203
5060.0000 296 155 0.5236
5071.0000 297 155 0.5219
5087.0000 298 155 0.5201
5092.0000 298 156 0.5235
5106.0000 299 156 0.5217
5113.0000 299 157 0.5251
5122.0000 300 157 0.5233
5140.0000 301 157 0.5216
5158.0000 302 157 0.5199
5160.0000 302 158 0.5232
5165.0000 302 159 0.5265
5177.0000 303 159 0.5248
5177.0000 303 160 0.5281
5181.0000 303 161 0.5314
5192.0000 304 161 0.5296
5210.0000 305 161 0.5279
5212.0000 305 162 0.5311
5227.0000 306 162 0.5294
5229.0000 306 163 0.5327
5244.0000 307 163 0.5309
5260.0000 308 163 0.5292
5279.0000 309 163 0.5275
5294.0000 310 163 0.5258
5313.0000 311 163 0.5241
5325.0000 311 164 0.5273
5331.0000 312 164 0.5256
5346.0000 313 164 0.5240
5365.0000 314 164 0.5223
5365.0000 314 165 0.5255
5383.0000 315 165 0.5238
5401.0000 316 165 0.5222
5419.0000 317 165 0.5205
5436.0000 318 165 0.5189
5436.0000 318 166 0.5220
5437.0000 318 167 0.5252
5453.0000 319 167 0.5235
5468.0000 320 167 0.5219
5484.0000 321 167 0.5202
5503.0000 322 167 0.5186
5510.0000 322 168 0.5217
5520.0000 323 168 0.5201
5535.0000 323 169 0.5232
5536.0000 323 170 0.5263
5537.0000 324 170 0.5247
5554.0000 325 170 0.5231
5573.0000 326 170 0.5215
5585.0000 326 171 0.5245
5592.0000 327 171 0.5229
5592.0000 327 172 0.5260
5592.0000 327 173 0.5291
5604.0000 327 174 0.5321
5609.0000 328 174 0.5305
5628.0000 329 174 0.5289
5646.0000 330 174 0.5273
5662.0000 331 174 0.5257
5678.0000 332 174 0.5241
5694.0000 333 174 0.5225
5706.0000 333 175 0.5255
5709.0000 334 175 0.5240
5724.0000 335 175 0.5224
5740.0000 335 176 0.5254
5741.0000 336 176 0.5238
5748.0000 336 177 0.5268
5749.0000 336 178 0.5298
5749.0000 336 179 0.5327
5758.0000 336 180 0.5357
5760.0000 337 180 0.5341
5775.0000 338 180 0.5325
5793.0000 338 181 0.5355
5794.0000 339 181 0.5339
5796.0000 339 182 0.5369
5812.0000 340 182 0.5353
5828.0000 341 182 0.5337
5844.0000 342 182 0.5322
5846.0000 342 183 0.5351
5850.0000 342 184 0.5380
5859.0000 343 184 0.5364
5876.0000 344 184 0.5349
5891.0000 345 184 0.5333
5908.0000 346 184 0.5318
5913.0000 346 185 0.5347
5927.0000 347 185 0.5331
5946.0000 348 185 0.5316
5955.0000 348 186 0.5345
5956.0000 348 187 0.5374
5964.0000 349 187 0.5358
5967.0000 349 188 0.5387
5980.0000 350 188 0.5371
5990.0000 350 189 0.5400
5995.0000 351 189 0.5385
6012.0000 352 189 0.5369
6028.0000 353 189 0.5354
6043.0000 354 189 0.5339
6060.0000 355 189 0.5324
6077.0000 356 189 0.5309
6090.0000 356 190 0.5337
6094.0000 357 190 0.5322
6112.0000 358 190 0.5307
6130.0000 359 190 0.5292
6149.0000 360 190 0.5278
6164.0000 361 190 0.5263
6182.0000 362 190 0.5249
6200.0000 363 190 0.5234
6216.0000 364 190 0.5220
6235.0000 365 190 0.5205
6253.0000 366 190 0.5191
6270.0000 367 190 0.5177
6285.0000 368 190 0.5163
6302.0000 369 190 0.5149
6305.0000 369 191 0.5176
6320.0000 370 191 0.5162
6327.0000 370 192 0.5189
6328.0000 370 193 0.5216
6329.0000 370 194 0.5243
6338.0000 371 194 0.5229
6346.0000 371 195 0.5256
6351.0000 371 196 0.5283
6354.0000 372 196 0.5269
6361.0000 372 197 0.5296
6370.0000 373 197 0.5282
6387.0000 374 197 0.5267
6403.0000 375 197 0.5253
6414.0000 375 198 0.5280
6417.0000 375 199 0.5307
6420.0000 376 199 0.5293
6423.0000 376 200 0.5319
6430.0000 376 201 0.5346
6437.0000 377 201 0.5332
6441.0000 377 202 0.5358
6454.0000 378 202 0.5344
6455.0000 378 203 0.5370
6473.0000 379 203 0.5356
6489.0000 379 204 0.5383
6491.0000 380 204 0.5368
6503.0000 380 205 0.5395
6509.0000 381 205 0.5381
6520.0000 381 206 0.5407
6525.0000 382 206 0.5393
6544.0000 383 206 0.5379
6560.0000 384 206 0.5365
6578.0000 385 206 0.5351
6595.0000 386 206 0.5337
6596.0000 386 207 0.5363
6600.0000 386 208 0.5389
6613.0000 387 208 0.5375
6613.0000 387 209 0.5401
6628.0000 388 209 0.5387
6645.0000 389 209 0.5373
6662.0000 390 209 0.5359
6677.0000 390 210 0.5385
6681.0000 391 210 0.5371
6695.0000 391 211 0.5396
6700.0000 392 211 0.5383
6718.0000 393 211 0.5369
6726.0000 393 212 0.5394
6727.0000 393 213 0.5420
6737.0000 394 213 0.5406
6749.0000 394 214 0.5431
6752.0000 395 214 0.5418
6759.0000 395 215 0.5443
6771.0000 396 215 0.5429
6779.0000 396 216 0.5455
6787.0000 397 216 0.5441
6790.0000 397 217 0.5466
6800.0000 397 218 0.5491
6803.0000 398 218 0.5477
6817.0000 398 219 0.5503
6818.0000 398 220 0.5528
6818.0000 398 221 0.5553
6821.0000 399 221 0.5539
6826.0000 399 222 0.5564
6827.0000 399 223 0.5589
6830.0000 399 224 0.5614
6835.0000 399 225 0.5639
6839.0000 400 225 0.5625
6850.0000 400 226 0.5650
6858.0000 401 226 0.5636
6861.0000 401 227 0.5661
6875.0000 402 227 0.5647
6894.0000 403 227 0.5633
6897.0000 403 228 0.5658
6911.0000 404 228 0.5644
6925.0000 404 229 0.5668
6926.0000 404 230 0.5693
6927.0000 405 230 0.5679
6945.0000 406 230 0.5665
6963.0000 407 230 0.5651
6981.0000 408 230 0.5637
6989.0000 408 231 0.5662
6999.0000 409 231 0.5648
7011.0000 409 232 0.5672
7018.0000 410 232 0.5659
7036.0000 411 232 0.5645
7040.0000 411 233 0.5669
7052.0000 412 233 0.5655
7055.0000 412 234 0.5680
7055.0000 412 235 0.5704
7070.0000 413 235 0.5690
7086.0000 414 235 0.5676
7091.0000 414 236 0.5700
7099.0000 414 237 0.5725
7101.0000 415 237 0.5711
7117.0000 415 238 0.5735
7120.0000 416 238 0.5721
7137.0000 417 238 0.5707
7154.0000 418 238 0.5694
7170.0000 419 238 0.5680
7186.0000 420 238 0.5667
7188.0000 420 239 0.5690
7204.0000 421 239 0.5677
7222.0000 421 240 0.5701
7223.0000 422 240 0.5687
7234.0000 422 241 0.5711
7239.0000 423 241 0.5697
7253.0000 423 242 0.5721
7254.0000 424 242 0.5708
7269.0000 425 242 0.5694
7284.0000 425 243 0.5718
7288.0000 426 243 0.5704
7291.0000 426 244 0.5728
7304.0000 427 244 0.5714
7310.0000 427 245 0.5738
7320.0000 428 245 0.5724
7335.0000 429 245 0.5711
7352.0000 430 245 0.5698
7356.0000 430 246 0.5721
7367.0000 431 246 0.5708
7384.0000 432 246 0.5694
7386.0000 432 247 0.5718
7402.0000 433 247 0.5704
7419.0000 434 247 0.5691
7437.0000 435 247 0.5678
7452.0000 436 247 0.5665
7468.0000 437 247 0.5652
7475.0000 437 248 0.5675
7484.0000 438 248 0.5662
7501.0000 439 248 0.5649
7506.0000 439 249 0.5672
7511.0000 439 250 0.5695
7518.0000 440 250 0.5682
7519.0000 440 251 0.5705
7527.0000 440 252 0.5727
7527.0000 440 253 0.5750
7533.0000 440 254 0.5773
7534.0000 441 254 0.5760
7542.0000 441 255 0.5782
7548.0000 441 256 0.5805
7549.0000 442 256 0.5792
7549.0000 442 257 0.5814
7560.0000 442 258 0.5837
7564.0000 443 258 0.5824
7567.0000 443 259 0.5847
7582.0000 444 259 0.5833
7598.0000 445 259 0.5820
7615.0000 446 259 0.5807
7630.0000 447 259 0.5794
7646.0000 448 259 0.5781
7653.0000 448 260 0.5804
7663.0000 449 260 0.5791
7672.0000 449 261 0.5813
7682.0000 450 261 0.5800
7700.0000 451 261 0.5787
7716.0000 452 261 0.5774
7733.0000 453 261 0.5762
7739.0000 453 262 0.5784
7752.0000 454 262 0.5771
7767.0000 454 263 0.5793
7769.0000 455 263 0.5780
7778.0000 455 264 0.5802
7779.0000 455 265 0.5824
7787.0000 456 265 0.5811
7803.0000 457 265 0.5799
7821.0000 458 265 0.5786
7837.0000 459 265 0.5773
7855.0000 460 265 0.5761
7870.0000 461 265 0.5748
7888.0000 462 265 0.5736
7904.0000 463 265 0.5724
7923.0000 464 265 0.5711
7942.0000 465 265 0.5699
7957.0000 466 265 0.5687
7972.0000 466 266 0.5708
7973.0000 467 266 0.5696
7992.0000 468 266 0.5684
8007.0000 469 266 0.5672
8022.0000 470 266 0.5660
8037.0000 471 266 0.5648
8054.0000 472 266 0.5636
8071.0000 473 266 0.5624
8090.0000 474 266 0.5612
8108.0000 475 266 0.5600
8123.0000 476 266 0.5588
8140.0000 477 266 0.5577
8156.0000 478 266 0.5565
8171.0000 479 266 0.5553
8188.0000 480 266 0.5542
8207.0000 481 266 0.5530
8208.0000 481 267 0.5551
8224.0000 482 267 0.5539
8233.0000 482 268 0.5560
8242.0000 483 268 0.5549
8247.0000 483 269 0.5569
8253.0000 483 270 0.5590
8260.0000 484 270 0.5579
8276.0000 485 270 0.5567
8285.0000 485 271 0.5588
8294.0000 486 271 0.5576
8313.0000 487 271 0.5565
8331.0000 487 272 0.5585
8332.0000 488 272 0.5574
8333.0000 488 273 0.5594
8350.0000 488 274 0.5615
8351.0000 489 274 0.5603
8370.0000 490 274 0.5592
8386.0000 491 274 0.5580
8403.0000 492 274 0.5569
8418.0000 493 274 0.5558
8429.0000 493 275 0.5578
8437.0000 494 275 0.5567
8455.0000 495 275 0.5556
8471.0000 496 275 0.5544
8487.0000 497 275 0.5533
8504.0000 498 275 0.5522
8519.0000 499 275 0.5511
8534.0000 500 275 0.5500
8550.0000 501 275 0.5489
8569.0000 502 275 0.5478
8588.0000 503 275 0.5467
8600.0000 503 276 0.5487
8601.0000 503 277 0.5507
8603.0000 503 278 0.5527
8604.0000 504 278 0.5516
8607.0000 504 279 0.5536
8620.0000 505 279 0.5525
8639.0000 506 279 0.5514
8656.0000 507 279 0.5503
8673.0000 508 279 0.5492
8690.0000 509 279 0.5481
8708.0000 510 279 0.5471
8724.0000 510 280 0.5490
8725.0000 511 280 0.5479
8726.0000 511 281 0.5499
8743.0000 512 281 0.5488
8759.0000 512 282 0.5508
8761.0000 513 282 0.5497
8779.0000 514 282 0.5486
8785.0000 514 283 0.5506
8790.0000 514 284 0.5525
8796.0000 515 284 0.5515
8814.0000 516 284 0.5504
8825.0000 516 285 0.5523
8829.0000 516 286 0.5543
8831.0000 517 286 0.5532
8846.0000 518 286 0.5521
8862.0000 519 286 0.5511
8878.0000 519 287 0.5530
8880.0000 520 287 0.5519
8880.0000 520 288 0.5538
8888.0000 520 289 0.5558
8892.0000 520 290 0.5577
8898.0000 520 291 0.5596
8899.0000 521 291 0.5585
8915.0000 522 291 0.5575
8933.0000 523 291 0.5564
8935.0000 523 292 0.5583
8948.0000 524 292 0.5573
8966.0000 525 292 0.5562
8985.0000 526 292 0.5551
9003.0000 527 292 0.5541
9019.0000 528 292 0.5530
9036.0000 529 292 0.5520
9055.0000 530 292 0.5509
9073.0000 531 292 0.5499
9090.0000 532 292 0.5489
9107.0000 532 293 0.5508
9108.0000 533 293 0.5497
9123.0000 534 293 0.5487
9139.0000 535 293 0.5477
9154.0000 536 293 0.5466
9171.0000 537 293 0.5456
9181.0000 537 294 0.5475
9182.0000 537 295 0.5493
9189.0000 538 295 0.5483
9207.0000 539 295 0.5473
9223.0000 540 295 0.5463
9240.0000 541 295 0.5453
9244.0000 541 296 0.5471
9259.0000 542 296 0.5461
9266.0000 542 297 0.5480
9268.0000 542 298 0.5498
9277.0000 543 298 0.5488
9293.0000 544 298 0.5478
9311.0000 545 298 0.5468
9320.0000 545 299 0.5486
9325.0000 545 300 0.5505
9326.0000 545 301 0.5523
9326.0000 545 302 0.5541
9328.0000 546 302 0.5531
9335.0000 546 303 0.5549
9345.0000 547 303 0.5539
9357.0000 547 304 0.5558
9360.0000 548 304 0.5547
9361.0000 548 305 0.5566
9375.0000 549 305 0.5556
9378.0000 549 306 0.5574
9391.0000 550 306 0.5564
9398.0000 550 307 0.5582
9406.0000 551 307 0.5572
9411.0000 551 308 0.5590
9424.0000 552 308 0.5580
9439.0000 553 308 0.5570
9455.0000 554 308 0.5560
9457.0000 554 309 0.5578
9460.0000 554 310 0.5596
9474.0000 555 310 0.5586
9491.0000 556 310 0.5576
9498.0000 556 311 0.5594
9509.0000 556 312 0.5612
9510.0000 557 312 0.5601
9525.0000 558 312 0.5591
9532.0000 558 313 0.5609
9544.0000 559 313 0.5599
9561.0000 560 313 0.5589
9577.0000 561 313 0.5579
9580.0000 561 314 0.5597
9594.0000 562 314 0.5587
9610.0000 563 314 0.5577
9627.0000 564 314 0.5567
9643.0000 565 314 0.5558
9646.0000 565 315 0.5575
9662.0000 566 315 0.5565
9678.0000 567 315 0.5556
9693.0000 567 316 0.5573
9696.0000 568 316 0.5563
9697.0000 568 317 0.5581
9698.0000 568 318 0.5599
9706.0000 568 319 0.5616
9713.0000 569 319 0.5606
9731.0000 570 319 0.5596
9740.0000 570 320 0.5614
9742.0000 570 321 0.5632
9743.0000 570 322 0.5649
9750.0000 571 322 0.5639
9765.0000 571 323 0.5657
9767.0000 572 323 0.5647
9768.0000 572 324 0.5664
9776.0000 572 325 0.5682
9784.0000 573 325 0.5672
9803.0000 574 325 0.5662
9814.0000 574 326 0.5679
9819.0000 575 326 0.5670
9835.0000 576 326 0.5660
9854.0000 577 326 0.5650
9871.0000 578 326 0.5640
9877.0000 578 327 0.5657
9888.0000 579 327 0.5648
9906.0000 580 327 0.5638
9906.0000 580 328 0.5655
9913.0000 580 329 0.5672
9921.0000 581 329 0.5663
9924.0000 581 330 0.5680
9933.0000 581 331 0.5697
9939.0000 582 331 0.5687
9941.0000 582 332 0.5704
9952.0000 582 333 0.5722
9956.0000 582 334 0.5739
9958.0000 583 334 0.5729
9973.0000 584 334 0.5719
9974.0000 584 335 0.5736
9975.0000 584 336 0.5753
9992.0000 585 336 0.5744
9994.0000 585 337 0.5761
10011.0000 586 337 0.5751
10029.0000 587 337 0.5741
10040.0000 587 338 0.5758
10043.0000 587 339 0.5775
10047.0000 588 339 0.5765
10048.0000 588 340 0.5782
10052.0000 588 341 0.5799
10059.0000 588 342 0.5816
10065.0000 589 342 0.5806
10083.0000 590 342 0.5797
10102.0000 591 342 0.5787
10104.0000 591 343 0.5804
10105.0000 591 344 0.5821
10120.0000 592 344 0.5811
10135.0000 593 344 0.5801
10137.0000 593 345 0.5818
10152.0000 594 345 0.5808
10168.0000 595 345 0.5798
10186.0000 596 345 0.5789
10192.0000 596 346 0.5805
10193.0000 596 347 0.5822
10201.0000 597 347 0.5812
10209.0000 597 348 0.5829
10216.0000 598 348 0.5819
10231.0000 599 348 0.5810
10241.0000 599 349 0.5826
10250.0000 600 349 0.5817
10252.0000 600 350 0.5833
10268.0000 601 350 0.5824
10285.0000 602 350 0.5814
10304.0000 603 350 0.5804
10323.0000 604 350 0.5795
10333.0000 604 351 0.5811
10333.0000 604 352 0.5828
10337.0000 604 353 0.5844
10342.0000 605 353 0.5835
10353.0000 605 354 0.5851
10356.0000 605 355 0.5868
10360.0000 606 355 0.5858
10379.0000 607 355 0.5848
10394.0000 608 355 0.5839
10410.0000 608 356 0.5855
10411.0000 609 356 0.5846
10413.0000 609 357 0.5862
10426.0000 609 358 0.5878
10429.0000 610 358 0.5869
10447.0000 611 358 0.5859
10466.0000 612 358 0.5850
10469.0000 612 359 0.5866
10484.0000 613 359 0.5856
10484.0000 613 360 0.5873
10499.0000 614 360 0.5863
10517.0000 615 360 0.5854
10535.0000 616 360 0.5844
10553.0000 617 360 0.5835
10570.0000 618 360 0.5825
10584.0000 618 361 0.5841
10588.0000 619 361 0.5832
10593.0000 619 362 0.5848
10596.0000 619 363 0.5864
10601.0000 619 364 0.5880
10605.0000 620 364 0.5871
10624.0000 621 364 0.5862
10631.0000 621 365 0.5878
10639.0000 622 365 0.5868
10658.0000 623 365 0.5859
10669.0000 623 366 0.5875
10674.0000 624 366 0.5865
10675.0000 624 367 0.5881
10676.0000 624 368 0.5897
10691.0000 625 368 0.5888
10691.0000 625 369 0.5904
10700.0000 625 370 0.5920
10708.0000 626 370 0.5911
10708.0000 626 371 0.5927
10724.0000 627 371 0.5917
10741.0000 628 371 0.5908
10756.0000 629 371 0.5898
10774.0000 630 371 0.5889
10781.0000 630 372 0.5905
10789.0000 630 373 0.5921
10793.0000 631 373 0.5911
10811.0000 632 373 0.5902
10818.0000 632 374 0.5918
10830.0000 633 374 0.5908
10836.0000 633 375 0.5924
10848.0000 634 375 0.5915
10857.0000 634 376 0.5931
10858.0000 634 377 0.5946
10864.0000 635 377 0.5937
10869.0000 635 378 0.5953
10871.0000 635 379 0.5969
10875.0000 635 380 0.5984
10883.0000 636 380 0.5975
10899.0000 637 380 0.5965
10899.0000 637 381 0.5981
10913.0000 637 382 0.5997
10913.0000 637 383 0.6013
10918.0000 638 383 0.6003
10934.0000 639 383 0.5994
10952.0000 640 383 0.5984
10968.0000 641 383 0.5975
10971.0000 641 384 0.5991
10983.0000 642 384 0.5981
10999.0000 643 384 0.5972
11014.0000 644 384 0.5963
11014.0000 644 385 0.5978
11016.0000 644 386 0.5994
11021.0000 644 387 0.6009
11022.0000 644 388 0.6025
11031.0000 644 389 0.6040
11032.0000 645 389 0.6031
11035.0000 645 390 0.6047
11050.0000 646 390 0.6037
11064.0000 646 391 0.6053
11069.0000 647 391 0.6043
11084.0000 648 391 0.6034
11099.0000 649 391 0.6025
11117.0000 650 391 0.6015
11119.0000 650 392 0.6031
11134.0000 651 392 0.6022
11136.0000 651 393 0.6037
11153.0000 652 393 0.6028
11172.0000 653 393 0.6018
11182.0000 653 394 0.6034
11186.0000 653 395 0.6049
11189.0000 654 395 0.6040
11200.0000 654 396 0.6055
11207.0000 655 396 0.6046
11224.0000 656 396 0.6037
11240.0000 657 396 0.6027
11243.0000 657 397 0.6043
11259.0000 658 397 0.6033
11276.0000 659 397 0.6024
11278.0000 659 398 0.6039
11291.0000 660 398 0.6030
11307.0000 661 398 0.6021
11323.0000 662 398 0.6012
11331.0000 662 399 0.6027
11332.0000 662 400 0.6042
11342.0000 663 400 0.6033
11360.0000 664 400 0.6024
11370.0000 664 401 0.6039
11378.0000 665 401 0.6030
11393.0000 666 401 0.6021
11411.0000 667 401 0.6012
11427.0000 667 402 0.6027
11430.0000 668 402 0.6018
11449.0000 669 402 0.6009
11464.0000 669 403 0.6024
11468.0000 670 403 0.6015
11484.0000 671 403 0.6006
11495.0000 671 404 0.6021
11503.0000 672 404 0.6012
11522.0000 673 404 0.6003
11538.0000 674 404 0.5994
11544.0000 674 405 0.6009
11555.0000 675 405 0.6000
11566.0000 675 406 0.6015
11567.0000 675 407 0.6030
11570.0000 676 407 0.6021
11588.0000 677 407 0.6012
11600.0000 677 408 0.6027
11605.0000 678 408 0.6018
11620.0000 678 409 0.6032
11621.0000 679 409 0.6024
11621.0000 679 410 0.6038
11622.0000 679 411 0.6053
11640.0000 680 411 0.6044
11656.0000 681 411 0.6035
11671.0000 682 411 0.6026
11682.0000 682 412 0.6041
11689.0000 683 412 0.6032
11704.0000 684 412 0.6023
11723.0000 685 412 0.6015
11738.0000 686 412 0.6006
11755.0000 687 412 0.5997
11774.0000 688 412 0.5988
11789.0000 689 412 0.5980
11807.0000 690 412 0.5971
11826.0000 691 412 0.5962
11843.0000 692 412 0.5954
11859.0000 693 412 0.5945
11863.0000 693 413 0.5960
11872.0000 693 414 0.5974
11874.0000 694 414 0.5965
11886.0000 694 415 0.5980
11891.0000 695 415 0.5971
11906.0000 696 415 0.5963
11921.0000 697 415 0.5954
11937.0000 698 415 0.5946
11956.0000 699 415 0.5937
11973.0000 700 415 0.5929
11992.0000 701 415 0.5920
12011.0000 702 415 0.5912
12026.0000 703 415 0.5903
12040.0000 703 416 0.5917
12045.0000 704 416 0.5909
12051.0000 704 417 0.5923
12064.0000 705 417 0.5915
12083.0000 706 417 0.5907
12087.0000 706 418 0.5921
12099.0000 707 418 0.5912
12110.0000 707 419 0.5926
12114.0000 708 419 0.5918
12122.0000 708 420 0.5932
12127.0000 708 421 0.5946
12128.0000 708 422 0.5960
12133.0000 709 422 0.5952
12136.0000 709 423 0.5966
12136.0000 709 424 0.5980
12148.0000 710 424 0.5972
12167.0000 711 424 0.5963
12170.0000 711 425 0.5977
12180.0000 711 426 0.5992
12185.0000 712 426 0.5983
12190.0000 712 427 0.5997
12196.0000 712 428 0.6011
12204.0000 713 428 0.6003
12222.0000 714 428 0.5994
12222.0000 714 429 0.6008
12226.0000 714 430 0.6022
12241.0000 715 430 0.6014
12259.0000 716 430 0.6006
12276.0000 717 430 0.5997
12287.0000 717 431 0.6011
12289.0000 717 432 0.6025
12292.0000 718 432 0.6017
12307.0000 719 432 0.6008
12324.0000 720 432 0.6000
12339.0000 721 432 0.5992
12355.0000 722 432 0.5983
12370.0000 723 432 0.5975
12388.0000 724 432 0.5967
12403.0000 725 432 0.5959
12407.0000 725 433 0.5972
12418.0000 726 433 0.5964
12423.0000 726 434 0.5978
12426.0000 726 435 0.5992
12429.0000 726 436 0.6006
12435.0000 727 436 0.5997
12451.0000 728 436 0.5989
12455.0000 728 437 0.6003
12461.0000 728 438 0.6016
12462.0000 728 439 0.6030
12464.0000 728 440 0.6044
12467.0000 728 441 0.6058
12468.0000 729 441 0.6049
12468.0000 729 442 0.6063
12473.0000 729 443 0.6077
12479.0000 729 444 0.6091
12485.0000 730 444 0.6082
12502.0000 731 444 0.6074
12506.0000 731 445 0.6088
12521.0000 732 445 0.6079
12537.0000 733 445 0.6071
12552.0000 734 445 0.6063
12556.0000 734 446 0.6076
12571.0000 735 446 0.6068
12589.0000 736 446 0.6060
12590.0000 736 447 0.6073
12604.0000 737 447 0.6065
12623.0000 738 447 0.6057
12634.0000 738 448 0.6070
12641.0000 739 448 0.6062
12657.0000 740 448 0.6054
12675.0000 741 448 0.6046
12681.0000 741 449 0.6059
12693.0000 742 449 0.6051
12709.0000 743 449 0.6043
12726.0000 744 449 0.6035
12745.0000 745 449 0.6027
12764.0000 746 449 0.6019
12768.0000 746 450 0.6032
12780.0000 747 450 0.6024
12798.0000 748 450 0.6016
12817.0000 749 450 0.6008
12830.0000 749 451 0.6021
12832.0000 750 451 0.6013
12837.0000 750 452 0.6027
12848.0000 751 452 0.6019
12863.0000 752 452 0.6011
12864.0000 752 453 0.6024
12880.0000 753 453 0.6016
12890.0000 753 454 0.6029
12895.0000 754 454 0.6021
12911.0000 755 454 0.6013
12928.0000 756 454 0.6005
12944.0000 757 454 0.5997
12959.0000 758 454 0.5989
12967.0000 758 455 0.6003
12970.0000 758 456 0.6016
12971.0000 758 457 0.6029
12974.0000 759 457 0.6021
12982.0000 759 458 0.6034
12993.0000 760 458 0.6026
12999.0000 760 459 0.6039
13009.0000 761 459 0.6032
13028.0000 762 459 0.6024
13046.0000 763 459 0.6016
13053.0000 763 460 0.6029
13061.0000 764 460 0.6021
13077.0000 765 460 0.6013
13081.0000 765 461 0.6026
13095.0000 766 461 0.6018
13101.0000 766 462 0.6031
13114.0000 767 462 0.6023
13133.0000 768 462 0.6016
13150.0000 769 462 0.6008
13155.0000 769 463 0.6021
13166.0000 770 463 0.6013
13172.0000 770 464 0.6026
13184.0000 771 464 0.6018
13199.0000 772 464 0.6010
13216.0000 773 464 0.6003
13234.0000 774 464 0.5995
13238.0000 774 465 0.6008
13240.0000 774 466 0.6021
13244.0000 774 467 0.6034
13252.0000 775 467 0.6026
13271.0000 776 467 0.6018
13290.0000 777 467 0.6010
13297.0000 777 468 0.6023
13308.0000 778 468 0.6015
13309.0000 778 469 0.6028
13326.0000 779 469 0.6021
13341.0000 780 469 0.6013
13356.0000 781 469 0.6005
13363.0000 781 470 0.6018
13372.0000 782 470 0.6010
13391.0000 783 470 0.6003
13410.0000 784 470 0.5995
13411.0000 784 471 0.6008
13426.0000 785 471 0.6000
13429.0000 785 472 0.6013
13445.0000 786 472 0.6005
13457.0000 786 473 0.6018
13460.0000 787 473 0.6010
13475.0000 788 473 0.6003
13493.0000 789 473 0.5995
13506.0000 789 474 0.6008
13510.0000 790 474 0.6000
13528.0000 791 474 0.5992
13546.0000 792 474 0.5985
13561.0000 793 474 0.5977
13579.0000 794 474 0.5970
13598.0000 795 474 0.5962
13614.0000 796 474 0.5955
13630.0000 797 474 0.5947
13632.0000 797 475 0.5960
13647.0000 798 475 0.5952
13666.0000 799 475 0.5945
13681.0000 799 476 0.5957
13685.0000 800 476 0.5950
13704.0000 801 476 0.5943
13723.0000 802 476 0.5935
13723.0000 802 477 0.5948
13739.0000 803 477 0.5940
13754.0000 804 477 0.5933
13769.0000 804 478 0.5945
13773.0000 805 478 0.5938
13776.0000 805 479 0.5950
13781.0000 805 480 0.5963
13792.0000 806 480 0.5955
13807.0000 807 480 0.5948
13819.0000 807 481 0.5960
13825.0000 807 482 0.5973
13826.0000 808 482 0.5965
13834.0000 808 483 0.5978
13842.0000 809 483 0.5970
13842.0000 809 484 0.5983
13860.0000 810 484 0.5975
13870.0000 810 485 0.5988
13879.0000 811 485 0.5980
13891.0000 811 486 0.5993
13894.0000 812 486 0.5985
13910.0000 813 486 0.5978
13920.0000 813 487 0.5990
13927.0000 814 487 0.5983
13939.0000 814 488 0.5995
13942.0000 815 488 0.5988
13958.0000 816 488 0.5980
13965.0000 816 489 0.5993
13973.0000 817 489 0.5985
13991.0000 817 490 0.5998
13992.0000 818 490 0.5990
14010.0000 819 490 0.5983
14029.0000 820 490 0.5976
14043.0000 820 491 0.5988
14045.0000 820 492 0.6000
14047.0000 821 492 0.5993
14064.0000 822 492 0.5985
14080.0000 823 492 0.5978
14096.0000 824 492 0.5971
14111.0000 824 493 0.5983
14115.0000 825 493 0.5976
14131.0000 826 493 0.5969
14140.0000 826 494 0.5981
14145.0000 826 495 0.5993
14146.0000 827 495 0.5985
14164.0000 828 495 0.5978
14164.0000 828 496 0.5990
14180.0000 829 496 0.5983
14199.0000 830 496 0.5976
14203.0000 830 497 0.5988
14216.0000 831 497 0.5981
14222.0000 831 498 0.5993
14224.0000 831 499 0.6005
14235.0000 832 499 0.5998
14253.0000 833 499 0.5990
14271.0000 834 499 0.5983
14290.0000 835 499 0.5976
14309.0000 836 499 0.5969
14323.0000 836 500 0.5981
14324.0000 837 500 0.5974
14327.0000 837 501 0.5986
14337.0000 837 502 0.5998
14343.0000 838 502 0.5990
14358.0000 839 502 0.5983
14373.0000 840 502 0.5976
14381.0000 840 503 0.5988
14388.0000 841 503 0.5981
