# time  created  delivered  delivered/created
19.0000 1 0 0.0000
34.0000 2 0 0.0000
41.0000 2 1 0.5000
45.0000 2 2 1.0000
51.0000 3 2 0.6667
70.0000 4 2 0.5000
74.0000 4 3 0.7500
83.0000 4 4 1.0000
87.0000 5 4 0.8000
101.0000 5 5 1.0000
103.0000 6 5 0.8333
111.0000 6 6 1.0000
120.0000 7 6 0.8571
136.0000 8 6 0.7500
147.0000 8 7 0.8750
155.0000 9 7 0.7778
173.0000 10 7 0.7000
192.0000 11 7 0.6364
208.0000 12 7 0.5833
209.0000 12 8 0.6667
227.0000 13 8 0.6154
237.0000 13 9 0.6923
245.0000 14 9 0.6429
252.0000 14 10 0.7143
261.0000 15 10 0.6667
266.0000 15 11 0.7333
276.0000 16 11 0.6875
289.0000 16 12 0.7500
293.0000 17 12 0.7059
294.0000 17 13 0.7647
309.0000 18 13 0.7222
328.0000 19 13 0.6842
329.0000 19 14 0.7368
346.0000 20 14 0.7000
365.0000 21 14 0.6667
380.0000 22 14 0.6364
395.0000 23 14 0.6087
410.0000 24 14 0.5833
413.0000 24 15 0.6250
429.0000 25 15 0.6000
445.0000 26 15 0.5769
455.0000 26 16 0.6154
461.0000 27 16 0.5926
478.0000 27 17 0.6296
480.0000 28 17 0.6071
497.0000 29 17 0.5862
504.0000 29 18 0.6207
515.0000 30 18 0.6000
534.0000 31 18 0.5806
553.0000 32 18 0.5625
570.0000 33 18 0.5455
588.0000 34 18 0.5294
593.0000 34 19 0.5588
601.0000 34 20 0.5882
602.0000 34 21 0.6176
607.0000 35 21 0.6000
622.0000 36 21 0.5833
635.0000 36 22 0.6111
638.0000 37 22 0.5946
642.0000 37 23 0.6216
643.0000 37 24 0.6486
656.0000 38 24 0.6316
671.0000 39 24 0.6154
688.0000 40 24 0.6000
695.0000 40 25 0.6250
707.0000 41 25 0.6098
709.0000 41 26 0.6341
726.0000 42 26 0.6190
741.0000 43 26 0.6047
760.0000 44 26 0.5909
779.0000 45 26 0.5778
787.0000 45 27 0.6000
798.0000 46 27 0.5870
813.0000 47 27 0.5745
828.0000 48 27 0.5625
846.0000 49 27 0.5510
861.0000 50 27 0.5400
868.0000 50 28 0.5600
876.0000 51 28 0.5490
885.0000 51 29 0.5686
895.0000 52 29 0.5577
914.0000 53 29 0.5472
933.0000 54 29 0.5370
945.0000 54 30 0.5556
952.0000 55 30 0.5455
957.0000 55 31 0.5636
969.0000 56 31 0.5536
972.0000 56 32 0.5714
986.0000 57 32 0.5614
987.0000 57 33 0.5789
989.0000 57 34 0.5965
1004.0000 58 34 0.5862
1022.0000 59 34 0.5763
1038.0000 60 34 0.5667
1057.0000 61 34 0.5574
1076.0000 62 34 0.5484
1095.0000 63 34 0.5397
1111.0000 64 34 0.5313
1126.0000 65 34 0.5231
1143.0000 66 34 0.5152
1144.0000 66 35 0.5303
1160.0000 67 35 0.5224
1177.0000 67 36 0.5373
1179.0000 68 36 0.5294
1186.0000 68 37 0.5441
1196.0000 69 37 0.5362
1197.0000 69 38 0.5507
1206.0000 69 39 0.5652
1214.0000 70 39 0.5571
1222.0000 70 40 0.5714
1232.0000 71 40 0.5634
1233.0000 71 41 0.5775
1240.0000 71 42 0.5915
1251.0000 72 42 0.5833
1270.0000 73 42 0.5753
1287.0000 74 42 0.5676
1293.0000 74 43 0.5811
1305.0000 75 43 0.5733
1321.0000 76 43 0.5658
1336.0000 77 43 0.5584
1337.0000 77 44 0.5714
1338.0000 77 45 0.5844
1352.0000 78 45 0.5769
1352.0000 78 46 0.5897
1368.0000 79 46 0.5823
1386.0000 80 46 0.5750
1401.0000 81 46 0.5679
1420.0000 82 46 0.5610
1438.0000 83 46 0.5542
1453.0000 84 46 0.5476
1468.0000 85 46 0.5412
1484.0000 86 46 0.5349
1485.0000 86 47 0.5465
1502.0000 87 47 0.5402
1517.0000 88 47 0.5341
1536.0000 89 47 0.5281
1552.0000 90 47 0.5222
1570.0000 91 47 0.5165
1571.0000 91 48 0.5275
1586.0000 92 48 0.5217
1591.0000 92 49 0.5326
1593.0000 92 50 0.5435
1601.0000 93 50 0.5376
1611.0000 93 51 0.5484
1617.0000 94 51 0.5426
1634.0000 95 51 0.5368
1648.0000 95 52 0.5474
1649.0000 96 52 0.5417
1656.0000 96 53 0.5521
1668.0000 97 53 0.5464
1674.0000 97 54 0.5567
1684.0000 98 54 0.5510
1703.0000 99 54 0.5455
1718.0000 100 54 0.5400
1735.0000 101 54 0.5347
1742.0000 101 55 0.5446
1742.0000 101 56 0.5545
1750.0000 102 56 0.5490
1765.0000 103 56 0.5437
1783.0000 104 56 0.5385
1794.0000 104 57 0.5481
1802.0000 105 57 0.5429
1805.0000 105 58 0.5524
1806.0000 105 59 0.5619
1818.0000 106 59 0.5566
1833.0000 107 59 0.5514
1848.0000 108 59 0.5463
1863.0000 109 59 0.5413
1870.0000 109 60 0.5505
1881.0000 110 60 0.5455
1900.0000 111 60 0.5405
1900.0000 111 61 0.5495
1918.0000 112 61 0.5446
1923.0000 112 62 0.5536
1937.0000 113 62 0.5487
1954.0000 114 62 0.5439
1970.0000 115 62 0.5391
1989.0000 116 62 0.5345
2008.0000 117 62 0.5299
2024.0000 118 62 0.5254
2043.0000 119 62 0.5210
2046.0000 119 63 0.5294
2061.0000 120 63 0.5250
2072.0000 120 64 0.5333
2076.0000 121 64 0.5289
2077.0000 121 65 0.5372
2095.0000 122 65 0.5328
2101.0000 122 66 0.5410
2112.0000 123 66 0.5366
2131.0000 124 66 0.5323
2134.0000 124 67 0.5403
2148.0000 125 67 0.5360
2148.0000 125 68 0.5440
2149.0000 125 69 0.5520
2158.0000 125 70 0.5600
2163.0000 126 70 0.5556
2164.0000 126 71 0.5635
2179.0000 127 71 0.5591
2195.0000 128 71 0.5547
2213.0000 129 71 0.5504
2231.0000 129 72 0.5581
2232.0000 130 72 0.5538
2248.0000 131 72 0.5496
2264.0000 132 72 0.5455
2266.0000 132 73 0.5530
2283.0000 133 73 0.5489
2302.0000 134 73 0.5448
2321.0000 135 73 0.5407
2336.0000 136 73 0.5368
2352.0000 137 73 0.5328
2367.0000 138 73 0.5290
2385.0000 139 73 0.5252
2404.0000 140 73 0.5214
2423.0000 141 73 0.5177
2438.0000 142 73 0.5141
2456.0000 143 73 0.5105
2472.0000 144 73 0.5069
2489.0000 145 73 0.5034
2507.0000 146 73 0.5000
2510.0000 146 74 0.5068
2523.0000 147 74 0.5034
2538.0000 148 74 0.5000
2557.0000 149 74 0.4966
2567.0000 149 75 0.5034
2575.0000 150 75 0.5000
2591.0000 151 75 0.4967
2601.0000 151 76 0.5033
2606.0000 152 76 0.5000
2620.0000 152 77 0.5066
2621.0000 152 78 0.5132
2623.0000 153 78 0.5098
2636.0000 153 79 0.5163
2640.0000 154 79 0.5130
2644.0000 154 80 0.5195
2645.0000 154 81 0.5260
2651.0000 154 82 0.5325
2655.0000 155 82 0.5290
2669.0000 155 83 0.5355
2671.0000 156 83 0.5321
2674.0000 156 84 0.5385
2676.0000 156 85 0.5449
2689.0000 157 85 0.5414
2696.0000 157 86 0.5478
2706.0000 158 86 0.5443
2707.0000 158 87 0.5506
2709.0000 158 88 0.5570
2725.0000 159 88 0.5535
2738.0000 159 89 0.5597
2740.0000 159 90 0.5660
2741.0000 160 90 0.5625
2741.0000 160 91 0.5688
2747.0000 160 92 0.5750
2754.0000 160 93 0.5813
2757.0000 161 93 0.5776
2770.0000 161 94 0.5839
2772.0000 162 94 0.5802
2787.0000 163 94 0.5767
2802.0000 164 94 0.5732
2808.0000 164 95 0.5793
2811.0000 164 96 0.5854
2815.0000 164 97 0.5915
2817.0000 165 97 0.5879
2835.0000 166 97 0.5843
2841.0000 166 98 0.5904
2853.0000 167 98 0.5868
2862.0000 167 99 0.5928
2868.0000 168 99 0.5893
2886.0000 169 99 0.5858
2902.0000 170 99 0.5824
2917.0000 171 99 0.5789
2929.0000 171 100 0.5848
2933.0000 172 100 0.5814
2941.0000 172 101 0.5872
2943.0000 172 102 0.5930
2943.0000 172 103 0.5988
2949.0000 172 104 0.6047
2952.0000 173 104 0.6012
2968.0000 174 104 0.5977
2974.0000 174 105 0.6034
2984.0000 175 105 0.6000
2987.0000 175 106 0.6057
3000.0000 176 106 0.6023
3015.0000 177 106 0.5989
3016.0000 177 107 0.6045
3031.0000 178 107 0.6011
3050.0000 179 107 0.5978
3065.0000 180 107 0.5944
3078.0000 180 108 0.6000
3080.0000 181 108 0.5967
3082.0000 181 109 0.6022
3093.0000 181 110 0.6077
3097.0000 182 110 0.6044
3098.0000 182 111 0.6099
3110.0000 182 112 0.6154
3115.0000 182 113 0.6209
3116.0000 183 113 0.6175
3124.0000 183 114 0.6230
3135.0000 184 114 0.6196
3153.0000 185 114 0.6162
3170.0000 186 114 0.6129
3185.0000 187 114 0.6096
3190.0000 187 115 0.6150
3202.0000 188 115 0.6117
3203.0000 188 116 0.6170
3209.0000 188 117 0.6223
3210.0000 188 118 0.6277
3211.0000 188 119 0.6330
3212.0000 188 120 0.6383
3213.0000 188 121 0.6436
3219.0000 189 121 0.6402
3226.0000 189 122 0.6455
3235.0000 190 122 0.6421
3245.0000 190 123 0.6474
3251.0000 191 123 0.6440
3254.0000 191 124 0.6492
3258.0000 191 125 0.6545
3258.0000 191 126 0.6597
3261.0000 191 127 0.6649
3270.0000 192 127 0.6615
3274.0000 192 128 0.6667
3274.0000 192 129 0.6719
3281.0000 192 130 0.6771
3289.0000 193 130 0.6736
3295.0000 193 131 0.6788
3297.0000 193 132 0.6839
3301.0000 193 133 0.6891
3308.0000 194 133 0.6856
3323.0000 195 133 0.6821
3324.0000 195 134 0.6872
3331.0000 195 135 0.6923
3338.0000 196 135 0.6888
3340.0000 196 136 0.6939
3343.0000 196 137 0.6990
3344.0000 196 138 0.7041
3357.0000 197 138 0.7005
3363.0000 197 139 0.7056
3373.0000 198 139 0.7020
3388.0000 199 139 0.6985
3389.0000 199 140 0.7035
3392.0000 199 141 0.7085
3407.0000 200 141 0.7050
3425.0000 201 141 0.7015
3437.0000 201 142 0.7065
3441.0000 201 143 0.7114
3442.0000 202 143 0.7079
3448.0000 202 144 0.7129
3458.0000 203 144 0.7094
3462.0000 203 145 0.7143
3475.0000 204 145 0.7108
3492.0000 205 145 0.7073
3511.0000 206 145 0.7039
3529.0000 207 145 0.7005
3541.0000 207 146 0.7053
3545.0000 207 147 0.7101
3547.0000 208 147 0.7067
3566.0000 209 147 0.7033
3567.0000 209 148 0.7081
3572.0000 209 149 0.7129
3581.0000 210 149 0.7095
3600.0000 211 149 0.7062
3617.0000 212 149 0.7028
3619.0000 212 150 0.7075
3632.0000 213 150 0.7042
3633.0000 213 151 0.7089
3637.0000 213 152 0.7136
3641.0000 213 153 0.7183
3648.0000 214 153 0.7150
3665.0000 215 153 0.7116
3680.0000 216 153 0.7083
3685.0000 216 154 0.7130
3695.0000 217 154 0.7097
3700.0000 217 155 0.7143
3710.0000 218 155 0.7110
3729.0000 219 155 0.7078
3731.0000 219 156 0.7123
3748.0000 220 156 0.7091
3754.0000 220 157 0.7136
3762.0000 220 158 0.7182
3763.0000 220 159 0.7227
3766.0000 221 159 0.7195
3766.0000 221 160 0.7240
3770.0000 221 161 0.7285
3784.0000 222 161 0.7252
3786.0000 222 162 0.7297
3802.0000 223 162 0.7265
3802.0000 223 163 0.7309
3805.0000 223 164 0.7354
3821.0000 224 164 0.7321
3822.0000 224 165 0.7366
3833.0000 224 166 0.7411
3838.0000 225 166 0.7378
3856.0000 226 166 0.7345
3874.0000 227 166 0.7313
3892.0000 228 166 0.7281
3903.0000 228 167 0.7325
3909.0000 229 167 0.7293
3909.0000 229 168 0.7336
3916.0000 229 169 0.7380
3926.0000 230 169 0.7348
3945.0000 231 169 0.7316
3960.0000 232 169 0.7284
3978.0000 233 169 0.7253
3981.0000 233 170 0.7296
3995.0000 234 170 0.7265
4014.0000 235 170 0.7234
4033.0000 236 170 0.7203
4033.0000 236 171 0.7246
4034.0000 236 172 0.7288
4035.0000 236 173 0.7331
4047.0000 236 174 0.7373
4048.0000 236 175 0.7415
4052.0000 237 175 0.7384
4058.0000 237 176 0.7426
4069.0000 238 176 0.7395
4070.0000 238 177 0.7437
4071.0000 238 178 0.7479
4071.0000 238 179 0.7521
4087.0000 239 179 0.7490
4102.0000 239 180 0.7531
4105.0000 240 180 0.7500
4107.0000 240 181 0.7542
4108.0000 240 182 0.7583
4124.0000 241 182 0.7552
4124.0000 241 183 0.7593
4135.0000 241 184 0.7635
4140.0000 242 184 0.7603
4150.0000 242 185 0.7645
4158.0000 243 185 0.7613
4160.0000 243 186 0.7654
4166.0000 243 187 0.7695
4177.0000 244 187 0.7664
4182.0000 244 188 0.7705
4185.0000 244 189 0.7746
4195.0000 245 189 0.7714
4214.0000 246 189 0.7683
4232.0000 247 189 0.7652
4246.0000 247 190 0.7692
4251.0000 248 190 0.7661
4252.0000 248 191 0.7702
4257.0000 248 192 0.7742
4260.0000 248 193 0.7782
4264.0000 248 194 0.7823
4267.0000 249 194 0.7791
4267.0000 249 195 0.7831
4268.0000 249 196 0.7871
4279.0000 249 197 0.7912
4282.0000 250 197 0.7880
4285.0000 250 198 0.7920
4289.0000 250 199 0.7960
4289.0000 250 200 0.8000
4298.0000 251 200 0.7968
4315.0000 252 200 0.7937
4330.0000 253 200 0.7905
4345.0000 254 200 0.7874
4362.0000 255 200 0.7843
4378.0000 256 200 0.7813
4392.0000 256 201 0.7852
4396.0000 257 201 0.7821
4397.0000 257 202 0.7860
4407.0000 257 203 0.7899
4412.0000 258 203 0.7868
4429.0000 259 203 0.7838
4441.0000 259 204 0.7876
4443.0000 259 205 0.7915
4448.0000 260 205 0.7885
4450.0000 260 206 0.7923
4465.0000 261 206 0.7893
4481.0000 262 206 0.7863
4484.0000 262 207 0.7901
4488.0000 262 208 0.7939
4496.0000 263 208 0.7909
4504.0000 263 209 0.7947
4507.0000 263 210 0.7985
4508.0000 263 211 0.8023
4510.0000 263 212 0.8061
4511.0000 264 212 0.8030
4515.0000 264 213 0.8068
4526.0000 265 213 0.8038
4543.0000 266 213 0.8008
4546.0000 266 214 0.8045
4556.0000 266 215 0.8083
4558.0000 267 215 0.8052
4573.0000 267 216 0.8090
4576.0000 268 216 0.8060
4593.0000 269 216 0.8030
4611.0000 270 216 0.8000
4618.0000 270 217 0.8037
4629.0000 271 217 0.8007
4645.0000 272 217 0.7978
4647.0000 272 218 0.8015
4664.0000 273 218 0.7985
4672.0000 273 219 0.8022
4682.0000 274 219 0.7993
4693.0000 274 220 0.8029
4697.0000 275 220 0.8000
4699.0000 275 221 0.8036
4709.0000 275 222 0.8073
4712.0000 276 222 0.8043
4730.0000 277 222 0.8014
4746.0000 277 223 0.8051
4748.0000 278 223 0.8022
4765.0000 279 223 0.7993
4782.0000 280 223 0.7964
4797.0000 281 223 0.7936
4811.0000 281 224 0.7972
4816.0000 282 224 0.7943
4817.0000 282 225 0.7979
4833.0000 283 225 0.7951
4838.0000 283 226 0.7986
4840.0000 283 227 0.8021
4847.0000 283 228 0.8057
4850.0000 284 228 0.8028
4865.0000 285 228 0.8000
4881.0000 286 228 0.7972
4897.0000 287 228 0.7944
4915.0000 288 228 0.7917
4930.0000 288 229 0.7951
4931.0000 288 230 0.7986
4932.0000 289 230 0.7958
4948.0000 290 230 0.7931
4965.0000 291 230 0.7904
4979.0000 291 231 0.7938
4980.0000 291 232 0.7973
4984.0000 292 232 0.7945
5002.0000 293 232 0.7918
5020.0000 294 232 0.7891
5024.0000 294 233 0.7925
5039.0000 295 233 0.7898
5041.0000 295 234 0.7932
5057.0000 296 234 0.7905
5061.0000 296 235 0.7939
5073.0000 297 235 0.7912
5092.0000 298 235 0.7886
5092.0000 298 236 0.7919
5101.0000 298 237 0.7953
5109.0000 299 237 0.7926
5128.0000 300 237 0.7900
5128.0000 300 238 0.7933
5146.0000 301 238 0.7907
5157.0000 301 239 0.7940
5161.0000 302 239 0.7914
5162.0000 302 240 0.7947
5177.0000 303 240 0.7921
5190.0000 303 241 0.7954
5193.0000 304 241 0.7928
5203.0000 304 242 0.7961
5206.0000 304 243 0.7993
5211.0000 305 243 0.7967
5223.0000 305 244 0.8000
5227.0000 306 244 0.7974
5229.0000 306 245 0.8007
5234.0000 306 246 0.8039
5244.0000 307 246 0.8013
5260.0000 308 246 0.7987
5261.0000 308 247 0.8019
5274.0000 308 248 0.8052
5278.0000 309 248 0.8026
5294.0000 310 248 0.8000
5295.0000 310 249 0.8032
5313.0000 311 249 0.8006
5329.0000 312 249 0.7981
5333.0000 312 250 0.8013
5348.0000 313 250 0.7987
5364.0000 314 250 0.7962
5381.0000 315 250 0.7937
5397.0000 316 250 0.7911
5406.0000 316 251 0.7943
5411.0000 316 252 0.7975
5412.0000 317 252 0.7950
5420.0000 317 253 0.7981
5431.0000 318 253 0.7956
5449.0000 319 253 0.7931
5454.0000 319 254 0.7962
5465.0000 320 254 0.7938
5484.0000 321 254 0.7913
5499.0000 321 255 0.7944
5502.0000 322 255 0.7919
5504.0000 322 256 0.7950
5519.0000 323 256 0.7926
5535.0000 324 256 0.7901
5541.0000 324 257 0.7932
5551.0000 325 257 0.7908
5566.0000 326 257 0.7883
5573.0000 326 258 0.7914
5584.0000 326 259 0.7945
5585.0000 327 259 0.7920
5601.0000 328 259 0.7896
5605.0000 328 260 0.7927
5617.0000 328 261 0.7957
5618.0000 329 261 0.7933
5633.0000 329 262 0.7964
5637.0000 330 262 0.7939
5650.0000 330 263 0.7970
5654.0000 331 263 0.7946
5655.0000 331 264 0.7976
5666.0000 331 265 0.8006
5667.0000 331 266 0.8036
5672.0000 332 266 0.8012
5690.0000 333 266 0.7988
5694.0000 333 267 0.8018
5705.0000 334 267 0.7994
5721.0000 335 267 0.7970
5738.0000 336 267 0.7946
5738.0000 336 268 0.7976
5755.0000 337 268 0.7953
5758.0000 337 269 0.7982
5767.0000 337 270 0.8012
5768.0000 337 271 0.8042
5771.0000 338 271 0.8018
5772.0000 338 272 0.8047
5776.0000 338 273 0.8077
5787.0000 339 273 0.8053
5805.0000 340 273 0.8029
5807.0000 340 274 0.8059
5823.0000 341 274 0.8035
5842.0000 342 274 0.8012
5853.0000 342 275 0.8041
5854.0000 342 276 0.8070
5861.0000 343 276 0.8047
5879.0000 344 276 0.8023
5880.0000 344 277 0.8052
5884.0000 344 278 0.8081
5894.0000 345 278 0.8058
5911.0000 346 278 0.8035
5919.0000 346 279 0.8064
5930.0000 347 279 0.8040
5935.0000 347 280 0.8069
5936.0000 347 281 0.8098
5945.0000 348 281 0.8075
5963.0000 349 281 0.8052
5974.0000 349 282 0.8080
5978.0000 349 283 0.8109
5982.0000 350 283 0.8086
5983.0000 350 284 0.8114
5999.0000 351 284 0.8091
6008.0000 351 285 0.8120
6010.0000 351 286 0.8148
6018.0000 352 286 0.8125
6027.0000 352 287 0.8153
6031.0000 352 288 0.8182
6035.0000 353 288 0.8159
6035.0000 353 289 0.8187
6035.0000 353 290 0.8215
6053.0000 354 290 0.8192
6057.0000 354 291 0.8220
6058.0000 354 292 0.8249
6068.0000 355 292 0.8225
6083.0000 356 292 0.8202
6089.0000 356 293 0.8230
6102.0000 357 293 0.8207
6117.0000 358 293 0.8184
6134.0000 359 293 0.8162
6135.0000 359 294 0.8189
6141.0000 359 295 0.8217
6146.0000 359 296 0.8245
6151.0000 360 296 0.8222
6166.0000 361 296 0.8199
6171.0000 361 297 0.8227
6184.0000 362 297 0.8204
6203.0000 363 297 0.8182
6206.0000 363 298 0.8209
6210.0000 363 299 0.8237
6218.0000 364 299 0.8214
6237.0000 365 299 0.8192
6253.0000 365 300 0.8219
6256.0000 366 300 0.8197
6262.0000 366 301 0.8224
6271.0000 367 301 0.8202
6272.0000 367 302 0.8229
6278.0000 367 303 0.8256
6279.0000 367 304 0.8283
6288.0000 368 304 0.8261
6288.0000 368 305 0.8288
6288.0000 368 306 0.8315
6289.0000 368 307 0.8342
6293.0000 368 308 0.8370
6307.0000 369 308 0.8347
6310.0000 369 309 0.8374
6325.0000 370 309 0.8351
6341.0000 371 309 0.8329
6347.0000 371 310 0.8356
6352.0000 371 311 0.8383
6352.0000 371 312 0.8410
6357.0000 372 312 0.8387
6362.0000 372 313 0.8414
6374.0000 372 314 0.8441
6376.0000 373 314 0.8418
6391.0000 374 314 0.8396
6401.0000 374 315 0.8422
6403.0000 374 316 0.8449
6404.0000 374 317 0.8476
6406.0000 375 317 0.8453
6420.0000 375 318 0.8480
6424.0000 376 318 0.8457
6425.0000 376 319 0.8484
6440.0000 377 319 0.8462
6456.0000 378 319 0.8439
6474.0000 379 319 0.8417
6491.0000 380 319 0.8395
6506.0000 381 319 0.8373
6518.0000 381 320 0.8399
6521.0000 382 320 0.8377
6539.0000 383 320 0.8355
6556.0000 384 320 0.8333
6572.0000 385 320 0.8312
6590.0000 386 320 0.8290
6607.0000 387 320 0.8269
6626.0000 388 320 0.8247
6635.0000 388 321 0.8273
6643.0000 388 322 0.8299
6644.0000 389 322 0.8278
6657.0000 389 323 0.8303
6658.0000 389 324 0.8329
6663.0000 390 324 0.8308
6679.0000 391 324 0.8286
6682.0000 391 325 0.8312
6694.0000 392 325 0.8291
6698.0000 392 326 0.8316
6703.0000 392 327 0.8342
6713.0000 393 327 0.8321
6730.0000 394 327 0.8299
6746.0000 395 327 0.8278
6763.0000 396 327 0.8258
6775.0000 396 328 0.8283
6779.0000 397 328 0.8262
6786.0000 397 329 0.8287
6796.0000 398 329 0.8266
6812.0000 399 329 0.8246
6827.0000 400 329 0.8225
6841.0000 400 330 0.8250
6842.0000 401 330 0.8229
6860.0000 402 330 0.8209
6877.0000 403 330 0.8189
6893.0000 404 330 0.8168
6903.0000 404 331 0.8193
6911.0000 405 331 0.8173
6927.0000 406 331 0.8153
6928.0000 406 332 0.8177
6943.0000 407 332 0.8157
6948.0000 407 333 0.8182
6957.0000 407 334 0.8206
6959.0000 408 334 0.8186
6976.0000 409 334 0.8166
6980.0000 409 335 0.8191
6991.0000 410 335 0.8171
7006.0000 410 336 0.8195
7007.0000 411 336 0.8175
7010.0000 411 337 0.8200
7023.0000 412 337 0.8180
7034.0000 412 338 0.8204
7038.0000 413 338 0.8184
7052.0000 413 339 0.8208
7053.0000 414 339 0.8188
7068.0000 415 339 0.8169
7069.0000 415 340 0.8193
7069.0000 415 341 0.8217
7077.0000 415 342 0.8241
7078.0000 415 343 0.8265
7083.0000 416 343 0.8245
7102.0000 417 343 0.8225
7103.0000 417 344 0.8249
7104.0000 417 345 0.8273
7117.0000 417 346 0.8297
7121.0000 418 346 0.8278
7133.0000 418 347 0.8301
7139.0000 419 347 0.8282
7140.0000 419 348 0.8305
7155.0000 420 348 0.8286
7172.0000 421 348 0.8266
7173.0000 421 349 0.8290
7176.0000 421 350 0.8314
7184.0000 421 351 0.8337
7190.0000 422 351 0.8318
7206.0000 423 351 0.8298
7209.0000 423 352 0.8322
7222.0000 424 352 0.8302
7240.0000 425 352 0.8282
7257.0000 426 352 0.8263
7264.0000 426 353 0.8286
7273.0000 427 353 0.8267
7285.0000 427 354 0.8290
7292.0000 428 354 0.8271
7309.0000 429 354 0.8252
7327.0000 430 354 0.8233
7329.0000 430 355 0.8256
7345.0000 431 355 0.8237
7363.0000 431 356 0.8260
7364.0000 432 356 0.8241
7367.0000 432 357 0.8264
7375.0000 432 358 0.8287
7380.0000 433 358 0.8268
7387.0000 433 359 0.8291
7399.0000 434 359 0.8272
7414.0000 435 359 0.8253
7423.0000 435 360 0.8276
7429.0000 436 360 0.8257
7433.0000 436 361 0.8280
7446.0000 437 361 0.8261
7447.0000 437 362 0.8284
7461.0000 437 363 0.8307
7462.0000 437 364 0.8330
7465.0000 438 364 0.8311
7482.0000 439 364 0.8292
7493.0000 439 365 0.8314
7496.0000 439 366 0.8337
7500.0000 440 366 0.8318
7504.0000 440 367 0.8341
7518.0000 441 367 0.8322
7526.0000 441 368 0.8345
7526.0000 441 369 0.8367
7537.0000 442 369 0.8348
7556.0000 443 369 0.8330
7561.0000 443 370 0.8352
7562.0000 443 371 0.8375
7563.0000 443 372 0.8397
7571.0000 444 372 0.8378
7575.0000 444 373 0.8401
7576.0000 444 374 0.8423
7587.0000 445 374 0.8404
7604.0000 446 374 0.8386
7616.0000 446 375 0.8408
7619.0000 447 375 0.8389
7635.0000 448 375 0.8371
7636.0000 448 376 0.8393
7654.0000 449 376 0.8374
7672.0000 450 376 0.8356
7691.0000 451 376 0.8337
7706.0000 452 376 0.8319
7718.0000 452 377 0.8341
7725.0000 453 377 0.8322
7742.0000 454 377 0.8304
7757.0000 455 377 0.8286
7774.0000 456 377 0.8268
7782.0000 456 378 0.8289
7790.0000 457 378 0.8271
7806.0000 458 378 0.8253
7824.0000 459 378 0.8235
7838.0000 459 379 0.8257
7842.0000 460 379 0.8239
7859.0000 461 379 0.8221
7875.0000 461 380 0.8243
7876.0000 461 381 0.8265
7878.0000 462 381 0.8247
7887.0000 462 382 0.8268
7895.0000 463 382 0.8251
7899.0000 463 383 0.8272
7900.0000 463 384 0.8294
7904.0000 463 385 0.8315
7910.0000 464 385 0.8297
7928.0000 465 385 0.8280
7943.0000 466 385 0.8262
7961.0000 467 385 0.8244
7977.0000 468 385 0.8226
7994.0000 469 385 0.8209
8013.0000 470 385 0.8191
8028.0000 471 385 0.8174
8046.0000 472 385 0.8157
8052.0000 472 386 0.8178
8065.0000 473 386 0.8161
8066.0000 473 387 0.8182
8082.0000 474 387 0.8165
8087.0000 474 388 0.8186
8097.0000 475 388 0.8168
8102.0000 475 389 0.8189
8113.0000 476 389 0.8172
8116.0000 476 390 0.8193
8117.0000 476 391 0.8214
8132.0000 477 391 0.8197
8147.0000 478 391 0.8180
8163.0000 479 391 0.8163
8182.0000 480 391 0.8146
8198.0000 481 391 0.8129
8214.0000 482 391 0.8112
8219.0000 482 392 0.8133
8230.0000 483 392 0.8116
8231.0000 483 393 0.8137
8240.0000 483 394 0.8157
8247.0000 484 394 0.8140
8251.0000 484 395 0.8161
8266.0000 485 395 0.8144
8278.0000 485 396 0.8165
8281.0000 486 396 0.8148
8281.0000 486 397 0.8169
8296.0000 487 397 0.8152
8310.0000 487 398 0.8172
8313.0000 488 398 0.8156
8321.0000 488 399 0.8176
8331.0000 489 399 0.8160
8342.0000 489 400 0.8180
8349.0000 490 400 0.8163
8367.0000 491 400 0.8147
8386.0000 492 400 0.8130
8393.0000 492 401 0.8150
8394.0000 492 402 0.8171
8403.0000 493 402 0.8154
8408.0000 493 403 0.8174
8409.0000 493 404 0.8195
8422.0000 494 404 0.8178
8422.0000 494 405 0.8198
8433.0000 494 406 0.8219
8437.0000 495 406 0.8202
8454.0000 496 406 0.8185
8470.0000 497 406 0.8169
8472.0000 497 407 0.8189
8488.0000 498 407 0.8173
8494.0000 498 408 0.8193
8504.0000 499 408 0.8176
8511.0000 499 409 0.8196
8522.0000 500 409 0.8180
8540.0000 501 409 0.8164
8541.0000 501 410 0.8184
8558.0000 502 410 0.8167
8574.0000 503 410 0.8151
8591.0000 504 410 0.8135
8607.0000 505 410 0.8119
8622.0000 505 411 0.8139
8624.0000 506 411 0.8123
8643.0000 507 411 0.8107
8654.0000 507 412 0.8126
8659.0000 508 412 0.8110
8670.0000 508 413 0.8130
8670.0000 508 414 0.8150
8671.0000 508 415 0.8169
8672.0000 508 416 0.8189
8674.0000 508 417 0.8209
8675.0000 509 417 0.8193
8675.0000 509 418 0.8212
8682.0000 509 419 0.8232
8686.0000 509 420 0.8251
8689.0000 509 421 0.8271
8690.0000 510 421 0.8255
8696.0000 510 422 0.8275
8706.0000 511 422 0.8258
8723.0000 511 423 0.8278
8724.0000 512 423 0.8262
8724.0000 512 424 0.8281
8724.0000 512 425 0.8301
8727.0000 512 426 0.8320
8742.0000 513 426 0.8304
8748.0000 513 427 0.8324
8761.0000 514 427 0.8307
8761.0000 514 428 0.8327
8762.0000 514 429 0.8346
8764.0000 514 430 0.8366
8772.0000 514 431 0.8385
8775.0000 514 432 0.8405
8778.0000 515 432 0.8388
8786.0000 515 433 0.8408
8791.0000 515 434 0.8427
8795.0000 516 434 0.8411
8795.0000 516 435 0.8430
8812.0000 517 435 0.8414
8827.0000 517 436 0.8433
8831.0000 518 436 0.8417
8832.0000 518 437 0.8436
8837.0000 518 438 0.8456
8837.0000 518 439 0.8475
8849.0000 519 439 0.8459
8861.0000 519 440 0.8478
8865.0000 520 440 0.8462
8873.0000 520 441 0.8481
8881.0000 521 441 0.8464
8896.0000 522 441 0.8448
8911.0000 522 442 0.8467
8915.0000 523 442 0.8451
8927.0000 523 443 0.8470
8932.0000 524 443 0.8454
8949.0000 525 443 0.8438
8968.0000 526 443 0.8422
8973.0000 526 444 0.8441
8985.0000 527 444 0.8425
8994.0000 527 445 0.8444
8999.0000 527 446 0.8463
9004.0000 528 446 0.8447
9010.0000 528 447 0.8466
9022.0000 529 447 0.8450
9040.0000 530 447 0.8434
9046.0000 530 448 0.8453
9055.0000 531 448 0.8437
9071.0000 532 448 0.8421
9090.0000 533 448 0.8405
9091.0000 533 449 0.8424
9096.0000 533 450 0.8443
9108.0000 534 450 0.8427
9125.0000 535 450 0.8411
9144.0000 536 450 0.8396
9156.0000 536 451 0.8414
9162.0000 537 451 0.8399
9164.0000 537 452 0.8417
9178.0000 538 452 0.8401
9194.0000 539 452 0.8386
9195.0000 539 453 0.8404
9195.0000 539 454 0.8423
9211.0000 540 454 0.8407
9219.0000 540 455 0.8426
9226.0000 541 455 0.8410
9231.0000 541 456 0.8429
9243.0000 542 456 0.8413
9261.0000 543 456 0.8398
9278.0000 544 456 0.8382
9281.0000 544 457 0.8401
9282.0000 544 458 0.8419
9296.0000 545 458 0.8404
9312.0000 546 458 0.8388
9331.0000 547 458 0.8373
9333.0000 547 459 0.8391
9340.0000 547 460 0.8410
9340.0000 547 461 0.8428
9350.0000 548 461 0.8412
9351.0000 548 462 0.8431
9357.0000 548 463 0.8449
9358.0000 548 464 0.8467
9359.0000 548 465 0.8485
9369.0000 549 465 0.8470
9376.0000 549 466 0.8488
9382.0000 549 467 0.8506
9387.0000 550 467 0.8491
9399.0000 550 468 0.8509
9406.0000 551 468 0.8494
9410.0000 551 469 0.8512
9424.0000 552 469 0.8496
9427.0000 552 470 0.8514
9439.0000 553 470 0.8499
9443.0000 553 471 0.8517
9455.0000 554 471 0.8502
9456.0000 554 472 0.8520
9471.0000 555 472 0.8505
9487.0000 556 472 0.8489
9505.0000 557 472 0.8474
9512.0000 557 473 0.8492
9522.0000 558 473 0.8477
9535.0000 558 474 0.8495
9536.0000 558 475 0.8513
9541.0000 559 475 0.8497
9541.0000 559 476 0.8515
9544.0000 559 477 0.8533
9547.0000 559 478 0.8551
9559.0000 560 478 0.8536
9560.0000 560 479 0.8554
9577.0000 561 479 0.8538
9594.0000 562 479 0.8523
9594.0000 562 480 0.8541
9596.0000 562 481 0.8559
9599.0000 562 482 0.8577
9610.0000 563 482 0.8561
9612.0000 563 483 0.8579
9617.0000 563 484 0.8597
9625.0000 564 484 0.8582
9626.0000 564 485 0.8599
9639.0000 564 486 0.8617
9643.0000 565 486 0.8602
9659.0000 565 487 0.8619
9660.0000 566 487 0.8604
9663.0000 566 488 0.8622
9664.0000 566 489 0.8640
9666.0000 566 490 0.8657
9669.0000 566 491 0.8675
9677.0000 567 491 0.8660
9696.0000 568 491 0.8644
9711.0000 569 491 0.8629
9724.0000 569 492 0.8647
9730.0000 570 492 0.8632
9745.0000 571 492 0.8616
9763.0000 572 492 0.8601
9763.0000 572 493 0.8619
9778.0000 573 493 0.8604
9797.0000 574 493 0.8589
9815.0000 575 493 0.8574
9834.0000 576 493 0.8559
9849.0000 576 494 0.8576
9853.0000 577 494 0.8562
9853.0000 577 495 0.8579
9854.0000 577 496 0.8596
9854.0000 577 497 0.8614
9859.0000 577 498 0.8631
9871.0000 578 498 0.8616
9886.0000 579 498 0.8601
9901.0000 579 499 0.8618
9902.0000 580 499 0.8603
9903.0000 580 500 0.8621
9908.0000 580 501 0.8638
9918.0000 580 502 0.8655
9920.0000 581 502 0.8640
9925.0000 581 503 0.8657
9932.0000 581 504 0.8675
9938.0000 582 504 0.8660
9955.0000 583 504 0.8645
9963.0000 583 505 0.8662
9973.0000 584 505 0.8647
9976.0000 584 506 0.8664
9989.0000 585 506 0.8650
10001.0000 585 507 0.8667
10005.0000 586 507 0.8652
10007.0000 586 508 0.8669
10019.0000 586 509 0.8686
10024.0000 587 509 0.8671
10035.0000 587 510 0.8688
10040.0000 588 510 0.8673
10048.0000 588 511 0.8690
10058.0000 588 512 0.8707
10059.0000 589 512 0.8693
10059.0000 589 513 0.8710
10076.0000 590 513 0.8695
10077.0000 590 514 0.8712
10087.0000 590 515 0.8729
10090.0000 590 516 0.8746
10091.0000 590 517 0.8763
10092.0000 590 518 0.8780
10093.0000 590 519 0.8797
10094.0000 591 519 0.8782
10099.0000 591 520 0.8799
10111.0000 592 520 0.8784
10113.0000 592 521 0.8801
10114.0000 592 522 0.8818
10116.0000 592 523 0.8834
10124.0000 592 524 0.8851
10130.0000 593 524 0.8836
10142.0000 593 525 0.8853
10146.0000 593 526 0.8870
10147.0000 594 526 0.8855
10160.0000 594 527 0.8872
10165.0000 595 527 0.8857
10181.0000 596 527 0.8842
10197.0000 597 527 0.8827
10214.0000 598 527 0.8813
10233.0000 599 527 0.8798
10248.0000 600 527 0.8783
10267.0000 601 527 0.8769
10284.0000 602 527 0.8754
10300.0000 603 527 0.8740
10319.0000 604 527 0.8725
10326.0000 604 528 0.8742
10338.0000 605 528 0.8727
10357.0000 606 528 0.8713
10372.0000 607 528 0.8699
10391.0000 608 528 0.8684
10392.0000 608 529 0.8701
10396.0000 608 530 0.8717
10410.0000 609 530 0.8703
10429.0000 610 530 0.8689
10442.0000 610 531 0.8705
10444.0000 611 531 0.8691
10457.0000 611 532 0.8707
10461.0000 612 532 0.8693
10476.0000 613 532 0.8679
10494.0000 614 532 0.8664
10504.0000 614 533 0.8681
10510.0000 615 533 0.8667
10513.0000 615 534 0.8683
10516.0000 615 535 0.8699
10526.0000 616 535 0.8685
10534.0000 616 536 0.8701
10542.0000 617 536 0.8687
10560.0000 618 536 0.8673
10575.0000 619 536 0.8659
10590.0000 620 536 0.8645
10609.0000 621 536 0.8631
10619.0000 621 537 0.8647
10625.0000 622 537 0.8633
10642.0000 623 537 0.8620
10658.0000 624 537 0.8606
10675.0000 625 537 0.8592
10693.0000 625 538 0.8608
10694.0000 626 538 0.8594
10695.0000 626 539 0.8610
10711.0000 627 539 0.8596
10718.0000 627 540 0.8612
10727.0000 628 540 0.8599
10742.0000 629 540 0.8585
10760.0000 630 540 0.8571
10779.0000 631 540 0.8558
10792.0000 631 541 0.8574
10796.0000 632 541 0.8560
10801.0000 632 542 0.8576
10812.0000 633 542 0.8562
10813.0000 633 543 0.8578
10815.0000 633 544 0.8594
10830.0000 634 544 0.8580
10847.0000 635 544 0.8567
10865.0000 636 544 0.8553
10884.0000 637 544 0.8540
10903.0000 638 544 0.8527
10904.0000 638 545 0.8542
10922.0000 639 545 0.8529
10930.0000 639 546 0.8545
10939.0000 640 546 0.8531
10954.0000 640 547 0.8547
10955.0000 641 547 0.8534
10970.0000 641 548 0.8549
10972.0000 642 548 0.8536
10975.0000 642 549 0.8551
10991.0000 643 549 0.8538
10997.0000 643 550 0.8554
11006.0000 644 550 0.8540
11014.0000 644 551 0.8556
11025.0000 645 551 0.8543
11041.0000 646 551 0.8529
11059.0000 647 551 0.8516
11076.0000 647 552 0.8532
11077.0000 647 553 0.8547
11078.0000 648 553 0.8534
11086.0000 648 554 0.8549
11094.0000 649 554 0.8536
11109.0000 649 555 0.8552
11111.0000 650 555 0.8538
11118.0000 650 556 0.8554
11122.0000 650 557 0.8569
11128.0000 651 557 0.8556
11129.0000 651 558 0.8571
11142.0000 651 559 0.8587
11143.0000 651 560 0.8602
11144.0000 652 560 0.8589
11144.0000 652 561 0.8604
11156.0000 652 562 0.8620
11160.0000 653 562 0.8606
11171.0000 653 563 0.8622
11176.0000 654 563 0.8609
11180.0000 654 564 0.8624
11185.0000 654 565 0.8639
11192.0000 654 566 0.8654
11193.0000 654 567 0.8670
11195.0000 655 567 0.8656
11207.0000 655 568 0.8672
11211.0000 656 568 0.8659
11224.0000 656 569 0.8674
11225.0000 656 570 0.8689
11226.0000 656 571 0.8704
11229.0000 657 571 0.8691
11230.0000 657 572 0.8706
11245.0000 658 572 0.8693
11260.0000 659 572 0.8680
11266.0000 659 573 0.8695
11275.0000 660 573 0.8682
11284.0000 660 574 0.8697
11290.0000 661 574 0.8684
11292.0000 661 575 0.8699
11294.0000 661 576 0.8714
11300.0000 661 577 0.8729
11300.0000 661 578 0.8744
11301.0000 661 579 0.8759
11301.0000 661 580 0.8775
11302.0000 661 581 0.8790
11303.0000 661 582 0.8805
11305.0000 662 582 0.8792
11306.0000 662 583 0.8807
11309.0000 662 584 0.8822
11316.0000 662 585 0.8837
11318.0000 662 586 0.8852
11320.0000 663 586 0.8839
11320.0000 663 587 0.8854
11326.0000 663 588 0.8869
11336.0000 664 588 0.8855
11353.0000 665 588 0.8842
11359.0000 665 589 0.8857
11372.0000 666 589 0.8844
11386.0000 666 590 0.8859
11387.0000 667 590 0.8846
11396.0000 667 591 0.8861
11406.0000 668 591 0.8847
11421.0000 668 592 0.8862
11424.0000 668 593 0.8877
11425.0000 669 593 0.8864
11428.0000 669 594 0.8879
11434.0000 669 595 0.8894
11444.0000 670 595 0.8881
11461.0000 671 595 0.8867
11480.0000 672 595 0.8854
11499.0000 673 595 0.8841
11518.0000 674 595 0.8828
11527.0000 674 596 0.8843
11535.0000 675 596 0.8830
11538.0000 675 597 0.8844
11550.0000 676 597 0.8831
11567.0000 677 597 0.8818
11582.0000 677 598 0.8833
11586.0000 678 598 0.8820
11593.0000 678 599 0.8835
11604.0000 679 599 0.8822
11605.0000 679 600 0.8837
11606.0000 679 601 0.8851
11614.0000 679 602 0.8866
11622.0000 680 602 0.8853
11637.0000 680 603 0.8868
11640.0000 681 603 0.8855
11657.0000 682 603 0.8842
11673.0000 683 603 0.8829
11679.0000 683 604 0.8843
11691.0000 683 605 0.8858
11692.0000 684 605 0.8845
11711.0000 685 605 0.8832
11722.0000 685 606 0.8847
11729.0000 686 606 0.8834
11747.0000 687 606 0.8821
11762.0000 688 606 0.8808
11777.0000 689 606 0.8795
11795.0000 690 606 0.8783
11814.0000 691 606 0.8770
11829.0000 692 606 0.8757
11830.0000 692 607 0.8772
11844.0000 693 607 0.8759
11860.0000 694 607 0.8746
11869.0000 694 608 0.8761
11870.0000 694 609 0.8775
11871.0000 694 610 0.8790
11876.0000 695 610 0.8777
11883.0000 695 611 0.8791
11893.0000 696 611 0.8779
11901.0000 696 612 0.8793
11908.0000 696 613 0.8807
11910.0000 697 613 0.8795
11926.0000 698 613 0.8782
11928.0000 698 614 0.8797
11943.0000 699 614 0.8784
11959.0000 700 614 0.8771
11968.0000 700 615 0.8786
11969.0000 700 616 0.8800
11976.0000 701 616 0.8787
11993.0000 702 616 0.8775
12012.0000 703 616 0.8762
12025.0000 703 617 0.8777
12027.0000 704 617 0.8764
12044.0000 705 617 0.8752
12050.0000 705 618 0.8766
12058.0000 705 619 0.8780
12060.0000 706 619 0.8768
12076.0000 707 619 0.8755
12095.0000 708 619 0.8743
12095.0000 708 620 0.8757
12096.0000 708 621 0.8771
12113.0000 709 621 0.8759
12131.0000 710 621 0.8746
12137.0000 710 622 0.8761
12144.0000 710 623 0.8775
12149.0000 711 623 0.8762
12167.0000 712 623 0.8750
12182.0000 713 623 0.8738
12183.0000 713 624 0.8752
12199.0000 714 624 0.8739
12202.0000 714 625 0.8754
12205.0000 714 626 0.8768
12213.0000 714 627 0.8782
12214.0000 714 628 0.8796
12217.0000 715 628 0.8783
12226.0000 715 629 0.8797
12228.0000 715 630 0.8811
12235.0000 716 630 0.8799
12251.0000 717 630 0.8787
12254.0000 717 631 0.8801
12267.0000 717 632 0.8815
12270.0000 718 632 0.8802
12286.0000 719 632 0.8790
12304.0000 720 632 0.8778
12323.0000 721 632 0.8766
12339.0000 721 633 0.8779
12340.0000 722 633 0.8767
12340.0000 722 634 0.8781
12353.0000 722 635 0.8795
12355.0000 723 635 0.8783
12360.0000 723 636 0.8797
12361.0000 723 637 0.8811
12373.0000 724 637 0.8798
12383.0000 724 638 0.8812
12388.0000 725 638 0.8800
12405.0000 725 639 0.8814
12406.0000 726 639 0.8802
12412.0000 726 640 0.8815
12422.0000 727 640 0.8803
12438.0000 728 640 0.8791
12443.0000 728 641 0.8805
12456.0000 729 641 0.8793
12457.0000 729 642 0.8807
12462.0000 729 643 0.8820
12473.0000 730 643 0.8808
12488.0000 731 643 0.8796
12493.0000 731 644 0.8810
12500.0000 731 645 0.8824
12504.0000 732 645 0.8811
12520.0000 733 645 0.8799
12522.0000 733 646 0.8813
12539.0000 734 646 0.8801
12539.0000 734 647 0.8815
12540.0000 734 648 0.8828
12549.0000 734 649 0.8842
12554.0000 735 649 0.8830
12555.0000 735 650 0.8844
12556.0000 735 651 0.8857
12557.0000 735 652 0.8871
12562.0000 735 653 0.8884
12573.0000 736 653 0.8872
12574.0000 736 654 0.8886
12592.0000 737 654 0.8874
12610.0000 738 654 0.8862
12612.0000 738 655 0.8875
12625.0000 739 655 0.8863
12625.0000 739 656 0.8877
12641.0000 740 656 0.8865
12643.0000 740 657 0.8878
12658.0000 741 657 0.8866
12677.0000 742 657 0.8854
12695.0000 743 657 0.8843
12714.0000 744 657 0.8831
12721.0000 744 658 0.8844
12732.0000 745 658 0.8832
12748.0000 746 658 0.8820
12754.0000 746 659 0.8834
12763.0000 747 659 0.8822
12780.0000 747 660 0.8835
12780.0000 747 661 0.8849
12781.0000 748 661 0.8837
12781.0000 748 662 0.8850
12800.0000 749 662 0.8838
12818.0000 750 662 0.8827
12833.0000 751 662 0.8815
12846.0000 751 663 0.8828
12848.0000 752 663 0.8816
12849.0000 752 664 0.8830
12860.0000 752 665 0.8843
12866.0000 753 665 0.8831
12885.0000 754 665 0.8820
12886.0000 754 666 0.8833
12902.0000 755 