# time  created  delivered  delivered/created
19.0000 1 0 0.0000
36.0000 2 0 0.0000
50.0000 2 1 0.5000
54.0000 3 1 0.3333
71.0000 4 1 0.2500
90.0000 5 1 0.2000
106.0000 6 1 0.1667
117.0000 6 2 0.3333
122.0000 7 2 0.2857
138.0000 8 2 0.2500
155.0000 9 2 0.2222
170.0000 10 2 0.2000
188.0000 11 2 0.1818
190.0000 11 3 0.2727
206.0000 12 3 0.2500
224.0000 13 3 0.2308
242.0000 14 3 0.2143
257.0000 15 3 0.2000
272.0000 16 3 0.1875
280.0000 16 4 0.2500
291.0000 17 4 0.2353
293.0000 17 5 0.2941
308.0000 18 5 0.2778
324.0000 19 5 0.2632
340.0000 20 5 0.2500
355.0000 21 5 0.2381
370.0000 22 5 0.2273
375.0000 22 6 0.2727
381.0000 22 7 0.3182
388.0000 23 7 0.3043
404.0000 24 7 0.2917
414.0000 24 8 0.3333
416.0000 24 9 0.3750
423.0000 25 9 0.3600
426.0000 25 10 0.4000
439.0000 26 10 0.3846
442.0000 26 11 0.4231
455.0000 27 11 0.4074
471.0000 28 11 0.3929
486.0000 29 11 0.3793
501.0000 30 11 0.3667
520.0000 31 11 0.3548
535.0000 32 11 0.3438
554.0000 33 11 0.3333
571.0000 34 11 0.3235
588.0000 35 11 0.3143
600.0000 35 12 0.3429
606.0000 36 12 0.3333
616.0000 36 13 0.3611
623.0000 37 13 0.3514
634.0000 37 14 0.3784
640.0000 38 14 0.3684
657.0000 39 14 0.3590
672.0000 40 14 0.3500
689.0000 41 14 0.3415
708.0000 42 14 0.3333
727.0000 43 14 0.3256
743.0000 44 14 0.3182
760.0000 45 14 0.3111
779.0000 46 14 0.3043
798.0000 47 14 0.2979
814.0000 48 14 0.2917
829.0000 49 14 0.2857
847.0000 50 14 0.2800
866.0000 51 14 0.2745
882.0000 52 14 0.2692
899.0000 53 14 0.2642
904.0000 53 15 0.2830
908.0000 53 16 0.3019
918.0000 54 16 0.2963
918.0000 54 17 0.3148
936.0000 55 17 0.3091
952.0000 56 17 0.3036
967.0000 57 17 0.2982
975.0000 57 18 0.3158
986.0000 58 18 0.3103
994.0000 58 19 0.3276
1005.0000 59 19 0.3220
1023.0000 60 19 0.3167
1024.0000 60 20 0.3333
1042.0000 61 20 0.3279
1047.0000 61 21 0.3443
1057.0000 62 21 0.3387
1075.0000 63 21 0.3333
1092.0000 64 21 0.3281
1110.0000 65 21 0.3231
1125.0000 66 21 0.3182
1144.0000 67 21 0.3134
1160.0000 68 21 0.3088
1179.0000 69 21 0.3043
1192.0000 69 22 0.3188
1198.0000 70 22 0.3143
1199.0000 70 23 0.3286
1207.0000 70 24 0.3429
1216.0000 71 24 0.3380
1234.0000 72 24 0.3333
1250.0000 73 24 0.3288
1263.0000 73 25 0.3425
1267.0000 74 25 0.3378
1283.0000 75 25 0.3333
1298.0000 76 25 0.3289
1317.0000 77 25 0.3247
1335.0000 78 25 0.3205
1354.0000 79 25 0.3165
1373.0000 80 25 0.3125
1390.0000 80 26 0.3250
1392.0000 81 26 0.3210
1409.0000 81 27 0.3333
1411.0000 82 27 0.3293
1428.0000 83 27 0.3253
1447.0000 84 27 0.3214
1464.0000 84 28 0.3333
1465.0000 85 28 0.3294
1480.0000 86 28 0.3256
1499.0000 87 28 0.3218
1512.0000 87 29 0.3333
1518.0000 88 29 0.3295
1519.0000 88 30 0.3409
1533.0000 89 30 0.3371
1544.0000 89 31 0.3483
1552.0000 90 31 0.3444
1567.0000 91 31 0.3407
1586.0000 92 31 0.3370
1596.0000 92 32 0.3478
1603.0000 93 32 0.3441
1608.0000 93 33 0.3548
1621.0000 94 33 0.3511
1640.0000 95 33 0.3474
1656.0000 96 33 0.3438
1671.0000 97 33 0.3402
1688.0000 98 33 0.3367
1704.0000 99 33 0.3333
1705.0000 99 34 0.3434
1720.0000 100 34 0.3400
1726.0000 100 35 0.3500
1735.0000 101 35 0.3465
1737.0000 101 36 0.3564
1750.0000 102 36 0.3529
1766.0000 103 36 0.3495
1768.0000 103 37 0.3592
1784.0000 104 37 0.3558
1802.0000 105 37 0.3524
1803.0000 105 38 0.3619
1820.0000 106 38 0.3585
1835.0000 106 39 0.3679
1839.0000 107 39 0.3645
1843.0000 107 40 0.3738
1855.0000 108 40 0.3704
1872.0000 109 40 0.3670
1890.0000 110 40 0.3636
1907.0000 111 40 0.3604
1926.0000 112 40 0.3571
1929.0000 112 41 0.3661
1944.0000 113 41 0.3628
1945.0000 113 42 0.3717
1960.0000 114 42 0.3684
1975.0000 115 42 0.3652
1976.0000 115 43 0.3739
1987.0000 115 44 0.3826
1991.0000 116 44 0.3793
2007.0000 117 44 0.3761
2026.0000 118 44 0.3729
2041.0000 119 44 0.3697
2060.0000 120 44 0.3667
2077.0000 121 44 0.3636
2093.0000 122 44 0.3607
2106.0000 122 45 0.3689
2112.0000 123 45 0.3659
2118.0000 123 46 0.3740
2127.0000 124 46 0.3710
2132.0000 124 47 0.3790
2143.0000 125 47 0.3760
2162.0000 126 47 0.3730
2180.0000 127 47 0.3701
2196.0000 128 47 0.3672
2215.0000 129 47 0.3643
2233.0000 130 47 0.3615
2249.0000 131 47 0.3588
2265.0000 132 47 0.3561
2280.0000 133 47 0.3534
2292.0000 133 48 0.3609
2298.0000 134 48 0.3582
2313.0000 135 48 0.3556
2327.0000 135 49 0.3630
2332.0000 136 49 0.3603
2346.0000 136 50 0.3676
2347.0000 137 50 0.3650
2363.0000 138 50 0.3623
2379.0000 139 50 0.3597
2380.0000 139 51 0.3669
2387.0000 139 52 0.3741
2395.0000 140 52 0.3714
2411.0000 141 52 0.3688
2426.0000 142 52 0.3662
2445.0000 143 52 0.3636
2448.0000 143 53 0.3706
2461.0000 144 53 0.3681
2476.0000 145 53 0.3655
2495.0000 146 53 0.3630
2512.0000 147 53 0.3605
2527.0000 148 53 0.3581
2537.0000 148 54 0.3649
2545.0000 149 54 0.3624
2561.0000 150 54 0.3600
2578.0000 151 54 0.3576
2594.0000 152 54 0.3553
2608.0000 152 55 0.3618
2610.0000 153 55 0.3595
2625.0000 154 55 0.3571
2642.0000 155 55 0.3548
2658.0000 156 55 0.3526
2673.0000 156 56 0.3590
2674.0000 157 56 0.3567
2693.0000 158 56 0.3544
2703.0000 158 57 0.3608
2711.0000 159 57 0.3585
2717.0000 159 58 0.3648
2725.0000 159 59 0.3711
2727.0000 160 59 0.3688
2731.0000 160 60 0.3750
2742.0000 161 60 0.3727
2758.0000 162 60 0.3704
2763.0000 162 61 0.3765
2773.0000 163 61 0.3742
2785.0000 163 62 0.3804
2792.0000 164 62 0.3780
2801.0000 164 63 0.3841
2807.0000 164 64 0.3902
2811.0000 165 64 0.3879
2821.0000 165 65 0.3939
2826.0000 166 65 0.3916
2836.0000 166 66 0.3976
2840.0000 166 67 0.4036
2841.0000 167 67 0.4012
2849.0000 167 68 0.4072
2850.0000 167 69 0.4132
2858.0000 168 69 0.4107
2874.0000 169 69 0.4083
2889.0000 170 69 0.4059
2907.0000 171 69 0.4035
2923.0000 172 69 0.4012
2933.0000 172 70 0.4070
2942.0000 173 70 0.4046
2957.0000 174 70 0.4023
2958.0000 174 71 0.4080
2972.0000 175 71 0.4057
2985.0000 175 72 0.4114
2988.0000 176 72 0.4091
2994.0000 176 73 0.4148
2997.0000 176 74 0.4205
3007.0000 177 74 0.4181
3022.0000 178 74 0.4157
3039.0000 179 74 0.4134
3055.0000 180 74 0.4111
3060.0000 180 75 0.4167
3069.0000 180 76 0.4222
3070.0000 181 76 0.4199
3070.0000 181 77 0.4254
3088.0000 182 77 0.4231
3088.0000 182 78 0.4286
3096.0000 182 79 0.4341
3106.0000 183 79 0.4317
3122.0000 184 79 0.4293
3124.0000 184 80 0.4348
3137.0000 184 81 0.4402
3140.0000 185 81 0.4378
3155.0000 185 82 0.4432
3156.0000 186 82 0.4409
3172.0000 187 82 0.4385
3191.0000 188 82 0.4362
3191.0000 188 83 0.4415
3208.0000 189 83 0.4392
3212.0000 189 84 0.4444
3227.0000 190 84 0.4421
3242.0000 190 85 0.4474
3246.0000 191 85 0.4450
3250.0000 191 86 0.4503
3255.0000 191 87 0.4555
3262.0000 192 87 0.4531
3278.0000 193 87 0.4508
3283.0000 193 88 0.4560
3295.0000 194 88 0.4536
3303.0000 194 89 0.4588
3310.0000 195 89 0.4564
3310.0000 195 90 0.4615
3326.0000 196 90 0.4592
3341.0000 197 90 0.4569
3359.0000 198 90 0.4545
3363.0000 198 91 0.4596
3368.0000 198 92 0.4646
3378.0000 199 92 0.4623
3393.0000 200 92 0.4600
3395.0000 200 93 0.4650
3408.0000 201 93 0.4627
3423.0000 202 93 0.4604
3437.0000 202 94 0.4653
3438.0000 203 94 0.4631
3445.0000 203 95 0.4680
3457.0000 204 95 0.4657
3472.0000 204 96 0.4706
3475.0000 205 96 0.4683
3480.0000 205 97 0.4732
3482.0000 205 98 0.4780
3493.0000 206 98 0.4757
3502.0000 206 99 0.4806
3508.0000 207 99 0.4783
3508.0000 207 100 0.4831
3523.0000 208 100 0.4808
3542.0000 209 100 0.4785
3560.0000 210 100 0.4762
3577.0000 211 100 0.4739
3580.0000 211 101 0.4787
3581.0000 211 102 0.4834
3592.0000 211 103 0.4882
3595.0000 212 103 0.4858
3614.0000 213 103 0.4836
3630.0000 213 104 0.4883
3631.0000 214 104 0.4860
3647.0000 215 104 0.4837
3665.0000 216 104 0.4815
3680.0000 216 105 0.4861
3681.0000 217 105 0.4839
3696.0000 218 105 0.4817
3700.0000 218 106 0.4862
3715.0000 219 106 0.4840
3734.0000 220 106 0.4818
3750.0000 221 106 0.4796
3768.0000 222 106 0.4775
3783.0000 223 106 0.4753
3800.0000 224 106 0.4732
3815.0000 224 107 0.4777
3817.0000 225 107 0.4756
3835.0000 226 107 0.4735
3854.0000 227 107 0.4714
3854.0000 227 108 0.4758
3862.0000 227 109 0.4802
3868.0000 227 110 0.4846
3868.0000 227 111 0.4890
3869.0000 227 112 0.4934
3873.0000 228 112 0.4912
3892.0000 229 112 0.4891
3893.0000 229 113 0.4934
3900.0000 229 114 0.4978
3908.0000 230 114 0.4957
3910.0000 230 115 0.5000
3911.0000 230 116 0.5043
3927.0000 231 116 0.5022
3941.0000 231 117 0.5065
3943.0000 232 117 0.5043
3959.0000 233 117 0.5021
3975.0000 234 117 0.5000
3992.0000 235 117 0.4979
4007.0000 236 117 0.4958
4014.0000 236 118 0.5000
4024.0000 237 118 0.4979
4040.0000 238 118 0.4958
4057.0000 239 118 0.4937
4075.0000 240 118 0.4917
4092.0000 241 118 0.4896
4107.0000 242 118 0.4876
4111.0000 242 119 0.4917
4125.0000 243 119 0.4897
4138.0000 243 120 0.4938
4142.0000 244 120 0.4918
4157.0000 245 120 0.4898
4172.0000 246 120 0.4878
4190.0000 247 120 0.4858
4201.0000 247 121 0.4899
4209.0000 248 121 0.4879
4218.0000 248 122 0.4919
4227.0000 249 122 0.4900
4246.0000 250 122 0.4880
4249.0000 250 123 0.4920
4250.0000 250 124 0.4960
4263.0000 251 124 0.4940
4264.0000 251 125 0.4980
4270.0000 251 126 0.5020
4274.0000 251 127 0.5060
4279.0000 252 127 0.5040
4293.0000 252 128 0.5079
4298.0000 253 128 0.5059
4298.0000 253 129 0.5099
4316.0000 254 129 0.5079
4332.0000 255 129 0.5059
4351.0000 256 129 0.5039
4356.0000 256 130 0.5078
4370.0000 257 130 0.5058
4389.0000 258 130 0.5039
4408.0000 259 130 0.5019
4408.0000 259 131 0.5058
4423.0000 260 131 0.5038
4434.0000 260 132 0.5077
4435.0000 260 133 0.5115
4440.0000 261 133 0.5096
4443.0000 261 134 0.5134
4459.0000 262 134 0.5115
4468.0000 262 135 0.5153
4471.0000 262 136 0.5191
4478.0000 263 136 0.5171
4496.0000 264 136 0.5152
4513.0000 265 136 0.5132
4532.0000 266 136 0.5113
4551.0000 267 136 0.5094
4562.0000 267 137 0.5131
4567.0000 268 137 0.5112
4570.0000 268 138 0.5149
4586.0000 269 138 0.5130
4587.0000 269 139 0.5167
4601.0000 270 139 0.5148
4617.0000 271 139 0.5129
4634.0000 272 139 0.5110
4650.0000 273 139 0.5092
4667.0000 274 139 0.5073
4685.0000 274 140 0.5109
4686.0000 275 140 0.5091
4696.0000 275 141 0.5127
4698.0000 275 142 0.5164
4704.0000 276 142 0.5145
4704.0000 276 143 0.5181
4721.0000 277 143 0.5162
4723.0000 277 144 0.5199
4726.0000 277 145 0.5235
4740.0000 278 145 0.5216
4759.0000 279 145 0.5197
4778.0000 280 145 0.5179
4795.0000 281 145 0.5160
4811.0000 282 145 0.5142
4828.0000 283 145 0.5124
4845.0000 284 145 0.5106
4863.0000 285 145 0.5088
4882.0000 286 145 0.5070
4899.0000 287 145 0.5052
4916.0000 288 145 0.5035
4933.0000 289 145 0.5017
4947.0000 289 146 0.5052
4951.0000 290 146 0.5034
4966.0000 291 146 0.5017
4982.0000 291 147 0.5052
4984.0000 292 147 0.5034
4992.0000 292 148 0.5068
5000.0000 293 148 0.5051
5016.0000 294 148 0.5034
5034.0000 295 148 0.5017
5037.0000 295 149 0.5051
5053.0000 296 149 0.5034
5064.0000 296 150 0.5068
5071.0000 297 150 0.5051
5087.0000 298 150 0.5034
5087.0000 298 151 0.5067
5106.0000 299 151 0.5050
5122.0000 300 151 0.5033
5132.0000 300 152 0.5067
5133.0000 300 153 0.5100
5140.0000 301 153 0.5083
5158.0000 302 153 0.5066
5160.0000 302 154 0.5099
5175.0000 302 155 0.5132
5177.0000 303 155 0.5116
5177.0000 303 156 0.5149
5192.0000 304 156 0.5132
5210.0000 305 156 0.5115
5227.0000 306 156 0.5098
5244.0000 307 156 0.5081
5254.0000 307 157 0.5114
5260.0000 308 157 0.5097
5279.0000 309 157 0.5081
5294.0000 310 157 0.5065
5313.0000 311 157 0.5048
5318.0000 311 158 0.5080
5320.0000 311 159 0.5113
5331.0000 312 159 0.5096
5335.0000 312 160 0.5128
5346.0000 313 160 0.5112
5354.0000 313 161 0.5144
5365.0000 314 161 0.5127
5383.0000 315 161 0.5111
5401.0000 316 161 0.5095
5419.0000 317 161 0.5079
5436.0000 318 161 0.5063
5453.0000 319 161 0.5047
5468.0000 320 161 0.5031
5483.0000 320 162 0.5063
5484.0000 321 162 0.5047
5503.0000 322 162 0.5031
5510.0000 322 163 0.5062
5516.0000 322 164 0.5093
5520.0000 323 164 0.5077
5525.0000 323 165 0.5108
5525.0000 323 166 0.5139
5532.0000 323 167 0.5170
5537.0000 324 167 0.5154
5541.0000 324 168 0.5185
5554.0000 325 168 0.5169
5573.0000 326 168 0.5153
5592.0000 327 168 0.5138
5601.0000 327 169 0.5168
5609.0000 328 169 0.5152
5621.0000 328 170 0.5183
5623.0000 328 171 0.5213
5628.0000 329 171 0.5198
5646.0000 330 171 0.5182
5662.0000 331 171 0.5166
5667.0000 331 172 0.5196
5667.0000 331 173 0.5227
5678.0000 332 173 0.5211
5694.0000 333 173 0.5195
5697.0000 333 174 0.5225
5709.0000 334 174 0.5210
5724.0000 335 174 0.5194
5737.0000 335 175 0.5224
5738.0000 335 176 0.5254
5741.0000 336 176 0.5238
5750.0000 336 177 0.5268
5753.0000 336 178 0.5298
5755.0000 336 179 0.5327
5760.0000 337 179 0.5312
5775.0000 338 179 0.5296
5794.0000 339 179 0.5280
5812.0000 340 179 0.5265
5823.0000 340 180 0.5294
5824.0000 340 181 0.5324
5828.0000 341 181 0.5308
5844.0000 342 181 0.5292
5846.0000 342 182 0.5322
5852.0000 342 183 0.5351
5859.0000 343 183 0.5335
5876.0000 344 183 0.5320
5891.0000 345 183 0.5304
5892.0000 345 184 0.5333
5908.0000 346 184 0.5318
5927.0000 347 184 0.5303
5946.0000 348 184 0.5287
5964.0000 349 184 0.5272
5969.0000 349 185 0.5301
5975.0000 349 186 0.5330
5980.0000 350 186 0.5314
5990.0000 350 187 0.5343
5995.0000 351 187 0.5328
6002.0000 351 188 0.5356
6012.0000 352 188 0.5341
6028.0000 353 188 0.5326
6043.0000 354 188 0.5311
6060.0000 355 188 0.5296
6077.0000 356 188 0.5281
6077.0000 356 189 0.5309
6094.0000 357 189 0.5294
6112.0000 358 189 0.5279
6112.0000 358 190 0.5307
6119.0000 358 191 0.5335
6130.0000 359 191 0.5320
6149.0000 360 191 0.5306
6164.0000 361 191 0.5291
6165.0000 361 192 0.5319
6182.0000 362 192 0.5304
6193.0000 362 193 0.5331
6194.0000 362 194 0.5359
6200.0000 363 194 0.5344
6216.0000 364 194 0.5330
6235.0000 365 194 0.5315
6253.0000 366 194 0.5301
6270.0000 367 194 0.5286
6285.0000 368 194 0.5272
6302.0000 369 194 0.5257
6304.0000 369 195 0.5285
6305.0000 369 196 0.5312
6308.0000 369 197 0.5339
6318.0000 369 198 0.5366
6320.0000 370 198 0.5351
6328.0000 370 199 0.5378
6329.0000 370 200 0.5405
6338.0000 371 200 0.5391
6341.0000 371 201 0.5418
6354.0000 372 201 0.5403
6370.0000 373 201 0.5389
6385.0000 373 202 0.5416
6387.0000 374 202 0.5401
6403.0000 375 202 0.5387
6407.0000 375 203 0.5413
6416.0000 375 204 0.5440
6420.0000 376 204 0.5426
6437.0000 377 204 0.5411
6442.0000 377 205 0.5438
6445.0000 377 206 0.5464
6454.0000 378 206 0.5450
6473.0000 379 206 0.5435
6491.0000 380 206 0.5421
6502.0000 380 207 0.5447
6509.0000 381 207 0.5433
6525.0000 382 207 0.5419
6532.0000 382 208 0.5445
6544.0000 383 208 0.5431
6558.0000 383 209 0.5457
6560.0000 384 209 0.5443
6562.0000 384 210 0.5469
6578.0000 385 210 0.5455
6595.0000 386 210 0.5440
6613.0000 387 210 0.5426
6613.0000 387 211 0.5452
6628.0000 388 211 0.5438
6645.0000 389 211 0.5424
6648.0000 389 212 0.5450
6662.0000 390 212 0.5436
6681.0000 391 212 0.5422
6695.0000 391 213 0.5448
6700.0000 392 213 0.5434
6718.0000 393 213 0.5420
6719.0000 393 214 0.5445
6722.0000 393 215 0.5471
6737.0000 394 215 0.5457
6745.0000 394 216 0.5482
6746.0000 394 217 0.5508
6752.0000 395 217 0.5494
6771.0000 396 217 0.5480
6787.0000 397 217 0.5466
6802.0000 397 218 0.5491
6803.0000 398 218 0.5477
6808.0000 398 219 0.5503
6821.0000 399 219 0.5489
6833.0000 399 220 0.5514
6839.0000 400 220 0.5500
6849.0000 400 221 0.5525
6858.0000 401 221 0.5511
6860.0000 401 222 0.5536
6875.0000 402 222 0.5522
6878.0000 402 223 0.5547
6894.0000 403 223 0.5533
6904.0000 403 224 0.5558
6911.0000 404 224 0.5545
6925.0000 404 225 0.5569
6927.0000 405 225 0.5556
6928.0000 405 226 0.5580
6945.0000 406 226 0.5567
6963.0000 407 226 0.5553
6971.0000 407 227 0.5577
6981.0000 408 227 0.5564
6999.0000 409 227 0.5550
7018.0000 410 227 0.5537
7033.0000 410 228 0.5561
7036.0000 411 228 0.5547
7050.0000 411 229 0.5572
7052.0000 412 229 0.5558
7070.0000 413 229 0.5545
7086.0000 414 229 0.5531
7095.0000 414 230 0.5556
7101.0000 415 230 0.5542
7102.0000 415 231 0.5566
7103.0000 415 232 0.5590
7120.0000 416 232 0.5577
7124.0000 416 233 0.5601
7124.0000 416 234 0.5625
7137.0000 417 234 0.5612
7154.0000 418 234 0.5598
7170.0000 419 234 0.5585
7177.0000 419 235 0.5609
7177.0000 419 236 0.5632
7186.0000 420 236 0.5619
7203.0000 420 237 0.5643
7204.0000 421 237 0.5629
7211.0000 421 238 0.5653
7222.0000 421 239 0.5677
7222.0000 421 240 0.5701
7223.0000 422 240 0.5687
7236.0000 422 241 0.5711
7239.0000 423 241 0.5697
7254.0000 424 241 0.5684
7269.0000 425 241 0.5671
7288.0000 426 241 0.5657
7299.0000 426 242 0.5681
7304.0000 427 242 0.5667
7320.0000 428 242 0.5654
7335.0000 429 242 0.5641
7352.0000 430 242 0.5628
7353.0000 430 243 0.5651
7356.0000 430 244 0.5674
7367.0000 431 244 0.5661
7380.0000 431 245 0.5684
7380.0000 431 246 0.5708
7384.0000 432 246 0.5694
7402.0000 433 246 0.5681
7402.0000 433 247 0.5704
7403.0000 433 248 0.5727
7405.0000 433 249 0.5751
7419.0000 434 249 0.5737
7437.0000 435 249 0.5724
7452.0000 436 249 0.5711
7455.0000 436 250 0.5734
7466.0000 436 251 0.5757
7468.0000 437 251 0.5744
7484.0000 438 251 0.5731
7501.0000 439 251 0.5718
7518.0000 440 251 0.5705
7534.0000 441 251 0.5692
7548.0000 441 252 0.5714
7549.0000 442 252 0.5701
7564.0000 443 252 0.5688
7582.0000 444 252 0.5676
7598.0000 445 252 0.5663
7615.0000 446 252 0.5650
7624.0000 446 253 0.5673
7630.0000 447 253 0.5660
7646.0000 448 253 0.5647
7663.0000 449 253 0.5635
7669.0000 449 254 0.5657
7682.0000 450 254 0.5644
7682.0000 450 255 0.5667
7700.0000 451 255 0.5654
7716.0000 452 255 0.5642
7722.0000 452 256 0.5664
7733.0000 453 256 0.5651
7743.0000 453 257 0.5673
7752.0000 454 257 0.5661
7759.0000 454 258 0.5683
7769.0000 455 258 0.5670
7770.0000 455 259 0.5692
7778.0000 455 260 0.5714
7781.0000 455 261 0.5736
7787.0000 456 261 0.5724
7802.0000 456 262 0.5746
7803.0000 457 262 0.5733
7815.0000 457 263 0.5755
7821.0000 458 263 0.5742
7837.0000 459 263 0.5730
7849.0000 459 264 0.5752
7855.0000 460 264 0.5739
7868.0000 460 265 0.5761
7870.0000 461 265 0.5748
7888.0000 462 265 0.5736
7904.0000 463 265 0.5724
7923.0000 464 265 0.5711
7935.0000 464 266 0.5733
7942.0000 465 266 0.5720
7957.0000 466 266 0.5708
7973.0000 467 266 0.5696
7992.0000 468 266 0.5684
8007.0000 469 266 0.5672
8022.0000 470 266 0.5660
8037.0000 471 266 0.5648
8054.0000 472 266 0.5636
8071.0000 473 266 0.5624
8090.0000 474 266 0.5612
8091.0000 474 267 0.5633
8092.0000 474 268 0.5654
8108.0000 475 268 0.5642
8123.0000 476 268 0.5630
8140.0000 477 268 0.5618
8156.0000 478 268 0.5607
8159.0000 478 269 0.5628
8171.0000 479 269 0.5616
8188.0000 480 269 0.5604
8207.0000 481 269 0.5593
8224.0000 482 269 0.5581
8227.0000 482 270 0.5602
8228.0000 482 271 0.5622
8228.0000 482 272 0.5643
8242.0000 483 272 0.5631
8260.0000 484 272 0.5620
8276.0000 485 272 0.5608
8294.0000 486 272 0.5597
8295.0000 486 273 0.5617
8313.0000 487 273 0.5606
8331.0000 487 274 0.5626
8332.0000 488 274 0.5615
8351.0000 489 274 0.5603
8370.0000 490 274 0.5592
8375.0000 490 275 0.5612
8386.0000 491 275 0.5601
8403.0000 492 275 0.5589
8403.0000 492 276 0.5610
8418.0000 493 276 0.5598
8427.0000 493 277 0.5619
8437.0000 494 277 0.5607
8455.0000 495 277 0.5596
8461.0000 495 278 0.5616
8471.0000 496 278 0.5605
8474.0000 496 279 0.5625
8478.0000 496 280 0.5645
8487.0000 497 280 0.5634
8504.0000 498 280 0.5622
8519.0000 499 280 0.5611
8533.0000 499 281 0.5631
8534.0000 500 281 0.5620
8550.0000 501 281 0.5609
8554.0000 501 282 0.5629
8569.0000 502 282 0.5618
8584.0000 502 283 0.5637
8588.0000 503 283 0.5626
8598.0000 503 284 0.5646
8604.0000 504 284 0.5635
8620.0000 505 284 0.5624
8639.0000 506 284 0.5613
8656.0000 507 284 0.5602
8673.0000 508 284 0.5591
8681.0000 508 285 0.5610
8690.0000 509 285 0.5599
8708.0000 510 285 0.5588
8725.0000 511 285 0.5577
8737.0000 511 286 0.5597
8743.0000 512 286 0.5586
8747.0000 512 287 0.5605
8754.0000 512 288 0.5625
8755.0000 512 289 0.5645
8761.0000 513 289 0.5634
8779.0000 514 289 0.5623
8796.0000 515 289 0.5612
8814.0000 516 289 0.5601
8825.0000 516 290 0.5620
8826.0000 516 291 0.5640
8831.0000 517 291 0.5629
8833.0000 517 292 0.5648
8845.0000 517 293 0.5667
8846.0000 518 293 0.5656
8854.0000 518 294 0.5676
8862.0000 519 294 0.5665
8880.0000 520 294 0.5654
8899.0000 521 294 0.5643
8908.0000 521 295 0.5662
8915.0000 522 295 0.5651
8933.0000 523 295 0.5641
8948.0000 524 295 0.5630
8959.0000 524 296 0.5649
8966.0000 525 296 0.5638
8985.0000 526 296 0.5627
9003.0000 527 296 0.5617
9004.0000 527 297 0.5636
9010.0000 527 298 0.5655
9019.0000 528 298 0.5644
9036.0000 529 298 0.5633
9055.0000 530 298 0.5623
9073.0000 531 298 0.5612
9090.0000 532 298 0.5602
9094.0000 532 299 0.5620
9108.0000 533 299 0.5610
9123.0000 534 299 0.5599
9139.0000 535 299 0.5589
9150.0000 535 300 0.5607
9154.0000 536 300 0.5597
9155.0000 536 301 0.5616
9171.0000 537 301 0.5605
9189.0000 538 301 0.5595
9194.0000 538 302 0.5613
9207.0000 539 302 0.5603
9223.0000 540 302 0.5593
9236.0000 540 303 0.5611
9240.0000 541 303 0.5601
9256.0000 541 304 0.5619
9259.0000 542 304 0.5609
9277.0000 543 304 0.5599
9293.0000 544 304 0.5588
9311.0000 545 304 0.5578
9325.0000 545 305 0.5596
9327.0000 545 306 0.5615
9328.0000 546 306 0.5604
9342.0000 546 307 0.5623
9345.0000 547 307 0.5612
9345.0000 547 308 0.5631
9356.0000 547 309 0.5649
9360.0000 548 309 0.5639
9362.0000 548 310 0.5657
9375.0000 549 310 0.5647
9391.0000 550 310 0.5636
9400.0000 550 311 0.5655
9406.0000 551 311 0.5644
9424.0000 552 311 0.5634
9439.0000 553 311 0.5624
9455.0000 554 311 0.5614
9457.0000 554 312 0.5632
9474.0000 555 312 0.5622
9491.0000 556 312 0.5612
9510.0000 557 312 0.5601
9512.0000 557 313 0.5619
9525.0000 558 313 0.5609
9534.0000 558 314 0.5627
9535.0000 558 315 0.5645
9544.0000 559 315 0.5635
9561.0000 560 315 0.5625
9577.0000 561 315 0.5615
9594.0000 562 315 0.5605
9597.0000 562 316 0.5623
9610.0000 563 316 0.5613
9612.0000 563 317 0.5631
9627.0000 564 317 0.5621
9637.0000 564 318 0.5638
9643.0000 565 318 0.5628
9653.0000 565 319 0.5646
9662.0000 566 319 0.5636
9678.0000 567 319 0.5626
9684.0000 567 320 0.5644
9686.0000 567 321 0.5661
9690.0000 567 322 0.5679
9696.0000 568 322 0.5669
9703.0000 568 323 0.5687
9713.0000 569 323 0.5677
9731.0000 570 323 0.5667
9749.0000 570 324 0.5684
9750.0000 571 324 0.5674
9767.0000 572 324 0.5664
9768.0000 572 325 0.5682
9769.0000 572 326 0.5699
9770.0000 572 327 0.5717
9771.0000 572 328 0.5734
9784.0000 573 328 0.5724
9799.0000 573 329 0.5742
9803.0000 574 329 0.5732
9811.0000 574 330 0.5749
9819.0000 575 330 0.5739
9835.0000 576 330 0.5729
9854.0000 577 330 0.5719
9859.0000 577 331 0.5737
9871.0000 578 331 0.5727
9877.0000 578 332 0.5744
9888.0000 579 332 0.5734
9902.0000 579 333 0.5751
9906.0000 580 333 0.5741
9916.0000 580 334 0.5759
9916.0000 580 335 0.5776
9921.0000 581 335 0.5766
9930.0000 581 336 0.5783
9931.0000 581 337 0.5800
9939.0000 582 337 0.5790
9953.0000 582 338 0.5808
9958.0000 583 338 0.5798
9960.0000 583 339 0.5815
9962.0000 583 340 0.5832
9973.0000 584 340 0.5822
9989.0000 584 341 0.5839
9992.0000 585 341 0.5829
10003.0000 585 342 0.5846
10011.0000 586 342 0.5836
10029.0000 587 342 0.5826
10041.0000 587 343 0.5843
10047.0000 588 343 0.5833
10065.0000 589 343 0.5823
10074.0000 589 344 0.5840
10083.0000 590 344 0.5831
10090.0000 590 345 0.5847
10090.0000 590 346 0.5864
10093.0000 590 347 0.5881
10102.0000 591 347 0.5871
10120.0000 592 347 0.5861
10135.0000 593 347 0.5852
10137.0000 593 348 0.5868
10152.0000 594 348 0.5859
10168.0000 595 348 0.5849
10186.0000 596 348 0.5839
10190.0000 596 349 0.5856
10201.0000 597 349 0.5846
10206.0000 597 350 0.5863
10216.0000 598 350 0.5853
10231.0000 599 350 0.5843
10247.0000 599 351 0.5860
10249.0000 599 352 0.5876
10250.0000 600 352 0.5867
10250.0000 600 353 0.5883
10257.0000 600 354 0.5900
10261.0000 600 355 0.5917
10263.0000 600 356 0.5933
10268.0000 601 356 0.5923
10285.0000 602 356 0.5914
10304.0000 603 356 0.5904
10304.0000 603 357 0.5920
10323.0000 604 357 0.5911
10342.0000 605 357 0.5901
10343.0000 605 358 0.5917
10360.0000 606 358 0.5908
10379.0000 607 358 0.5898
10394.0000 608 358 0.5888
10411.0000 609 358 0.5878
10429.0000 610 358 0.5869
10442.0000 610 359 0.5885
10447.0000 611 359 0.5876
10460.0000 611 360 0.5892
10466.0000 612 360 0.5882
10484.0000 613 360 0.5873
10499.0000 614 360 0.5863
10517.0000 615 360 0.5854
10535.0000 616 360 0.5844
10548.0000 616 361 0.5860
10548.0000 616 362 0.5877
10553.0000 617 362 0.5867
10570.0000 618 362 0.5858
10588.0000 619 362 0.5848
10605.0000 620 362 0.5839
10617.0000 620 363 0.5855
10624.0000 621 363 0.5845
10632.0000 621 364 0.5862
10639.0000 622 364 0.5852
10658.0000 623 364 0.5843
10658.0000 623 365 0.5859
10674.0000 624 365 0.5849
10674.0000 624 366 0.5865
10675.0000 624 367 0.5881
10691.0000 625 367 0.5872
10700.0000 625 368 0.5888
10708.0000 626 368 0.5879
10724.0000 627 368 0.5869
10741.0000 628 368 0.5860
10756.0000 629 368 0.5851
10774.0000 630 368 0.5841
10793.0000 631 368 0.5832
10811.0000 632 368 0.5823
10822.0000 632 369 0.5839
10830.0000 633 369 0.5829
10836.0000 633 370 0.5845
10838.0000 633 371 0.5861
10848.0000 634 371 0.5852
10864.0000 635 371 0.5843
10865.0000 635 372 0.5858
10866.0000 635 373 0.5874
10880.0000 635 374 0.5890
10882.0000 635 375 0.5906
10883.0000 636 375 0.5896
10899.0000 637 375 0.5887
10906.0000 637 376 0.5903
10918.0000 638 376 0.5893
10934.0000 639 376 0.5884
10952.0000 640 376 0.5875
10953.0000 640 377 0.5891
10968.0000 641 377 0.5881
10983.0000 642 377 0.5872
10991.0000 642 378 0.5888
10999.0000 643 378 0.5879
11014.0000 644 378 0.5870
11016.0000 644 379 0.5885
11032.0000 645 379 0.5876
11042.0000 645 380 0.5891
11050.0000 646 380 0.5882
11069.0000 647 380 0.5873
11077.0000 647 381 0.5889
11084.0000 648 381 0.5880
11099.0000 649 381 0.5871
11117.0000 650 381 0.5862
11134.0000 651 381 0.5853
11149.0000 651 382 0.5868
11153.0000 652 382 0.5859
11154.0000 652 383 0.5874
11172.0000 653 383 0.5865
11184.0000 653 384 0.5881
11189.0000 654 384 0.5872
11207.0000 655 384 0.5863
11224.0000 656 384 0.5854
11240.0000 657 384 0.5845
11259.0000 658 384 0.5836
11276.0000 659 384 0.5827
11278.0000 659 385 0.5842
11289.0000 659 386 0.5857
11289.0000 659 387 0.5873
11291.0000 660 387 0.5864
11293.0000 660 388 0.5879
11302.0000 660 389 0.5894
11307.0000 661 389 0.5885
11321.0000 661 390 0.5900
11323.0000 662 390 0.5891
11328.0000 662 391 0.5906
11335.0000 662 392 0.5921
11336.0000 662 393 0.5937
11342.0000 663 393 0.5928
11351.0000 663 394 0.5943
11360.0000 664 394 0.5934
11371.0000 664 395 0.5949
11378.0000 665 395 0.5940
11393.0000 666 395 0.5931
11409.0000 666 396 0.5946
11411.0000 667 396 0.5937
11430.0000 668 396 0.5928
11449.0000 669 396 0.5919
11468.0000 670 396 0.5910
11484.0000 671 396 0.5902
11503.0000 672 396 0.5893
11510.0000 672 397 0.5908
11522.0000 673 397 0.5899
11538.0000 674 397 0.5890
11555.0000 675 397 0.5881
11567.0000 675 398 0.5896
11568.0000 675 399 0.5911
11570.0000 676 399 0.5902
11587.0000 676 400 0.5917
11588.0000 677 400 0.5908
11597.0000 677 401 0.5923
11605.0000 678 401 0.5914
11621.0000 679 401 0.5906
11638.0000 679 402 0.5920
11640.0000 680 402 0.5912
11656.0000 681 402 0.5903
11671.0000 682 402 0.5894
11686.0000 682 403 0.5909
11689.0000 683 403 0.5900
11704.0000 684 403 0.5892
11723.0000 685 403 0.5883
11738.0000 686 403 0.5875
11755.0000 687 403 0.5866
11774.0000 688 403 0.5858
11785.0000 688 404 0.5872
11789.0000 689 404 0.5864
11807.0000 690 404 0.5855
11826.0000 691 404 0.5847
11843.0000 692 404 0.5838
11859.0000 693 404 0.5830
11874.0000 694 404 0.5821
11891.0000 695 404 0.5813
11894.0000 695 405 0.5827
11906.0000 696 405 0.5819
11921.0000 697 405 0.5811
11922.0000 697 406 0.5825
11937.0000 698 406 0.5817
11938.0000 698 407 0.5831
11956.0000 699 407 0.5823
11973.0000 700 407 0.5814
11990.0000 700 408 0.5829
11992.0000 701 408 0.5820
11995.0000 701 409 0.5835
12011.0000 702 409 0.5826
12026.0000 703 409 0.5818
12045.0000 704 409 0.5810
12060.0000 704 410 0.5824
12064.0000 705 410 0.5816
12083.0000 706 410 0.5807
12086.0000 706 411 0.5822
12091.0000 706 412 0.5836
12098.0000 706 413 0.5850
12099.0000 707 413 0.5842
12100.0000 707 414 0.5856
12114.0000 708 414 0.5847
12133.0000 709 414 0.5839
12133.0000 709 415 0.5853
12137.0000 709 416 0.5867
12148.0000 710 416 0.5859
12167.0000 711 416 0.5851
12185.0000 712 416 0.5843
12190.0000 712 417 0.5857
12196.0000 712 418 0.5871
12197.0000 712 419 0.5885
12204.0000 713 419 0.5877
12222.0000 714 419 0.5868
12233.0000 714 420 0.5882
12241.0000 715 420 0.5874
12259.0000 716 420 0.5866
12260.0000 716 421 0.5880
12269.0000 716 422 0.5894
12276.0000 717 422 0.5886
12276.0000 717 423 0.5900
12292.0000 718 423 0.5891
12307.0000 719 423 0.5883
12324.0000 720 423 0.5875
12339.0000 721 423 0.5867
12355.0000 722 423 0.5859
12370.0000 723 423 0.5851
12388.0000 724 423 0.5843
12400.0000 724 424 0.5856
12403.0000 725 424 0.5848
12413.0000 725 425 0.5862
12418.0000 726 425 0.5854
12435.0000 727 425 0.5846
12451.0000 728 425 0.5838
12461.0000 728 426 0.5852
12462.0000 728 427 0.5865
12467.0000 728 428 0.5879
12468.0000 729 428 0.5871
12477.0000 729 429 0.5885
12482.0000 729 430 0.5898
12482.0000 729 431 0.5912
12483.0000 729 432 0.5926
12485.0000 730 432 0.5918
12485.0000 730 433 0.5932
12502.0000 731 433 0.5923
12502.0000 731 434 0.5937
12509.0000 731 435 0.5951
12521.0000 732 435 0.5943
12531.0000 732 436 0.5956
12537.0000 733 436 0.5948
12552.0000 734 436 0.5940
12559.0000 734 437 0.5954
12571.0000 735 437 0.5946
12585.0000 735 438 0.5959
12589.0000 736 438 0.5951
12590.0000 736 439 0.5965
12591.0000 736 440 0.5978
12604.0000 737 440 0.5970
12623.0000 738 440 0.5962
12633.0000 738 441 0.5976
12641.0000 739 441 0.5968
12657.0000 740 441 0.5959
12675.0000 741 441 0.5951
12681.0000 741 442 0.5965
12693.0000 742 442 0.5957
12709.0000 743 442 0.5949
12726.0000 744 442 0.5941
12745.0000 745 442 0.5933
12755.0000 745 443 0.5946
12764.0000 746 443 0.5938
12770.0000 746 444 0.5952
12780.0000 747 444 0.5944
12796.0000 747 445 0.5957
12798.0000 748 445 0.5949
12817.0000 749 445 0.5941
12823.0000 749 446 0.5955
12826.0000 749 447 0.5968
12830.0000 749 448 0.5981
12832.0000 750 448 0.5973
12848.0000 751 448 0.5965
12863.0000 752 448 0.5957
12880.0000 753 448 0.5950
12895.0000 754 448 0.5942
12897.0000 754 449 0.5955
12911.0000 755 449 0.5947
12928.0000 756 449 0.5939
12929.0000 756 450 0.5952
12941.0000 756 451 0.5966
12944.0000 757 451 0.5958
12950.0000 757 452 0.5971
12959.0000 758 452 0.5963
12960.0000 758 453 0.5976
12974.0000 759 453 0.5968
12993.0000 760 453 0.5961
13009.0000 761 453 0.5953
13009.0000 761 454 0.5966
13024.0000 761 455 0.5979
13028.0000 762 455 0.5971
13043.0000 762 456 0.5984
13046.0000 763 456 0.5976
13061.0000 764 456 0.5969
13062.0000 764 457 0.5982
13076.0000 764 458 0.5995
13077.0000 765 458 0.5987
13090.0000 765 459 0.6000
13095.0000 766 459 0.5992
13114.0000 767 459 0.5984
13127.0000 767 460 0.5997
13133.0000 768 460 0.5990
13150.0000 769 460 0.5982
13166.0000 770 460 0.5974
13184.0000 771 460 0.5966
13199.0000 772 460 0.5959
13216.0000 773 460 0.5951
13234.0000 774 460 0.5943
13252.0000 775 460 0.5935
13271.0000 776 460 0.5928
13290.0000 777 460 0.5920
13294.0000 777 461 0.5933
13295.0000 777 462 0.5946
13308.0000 778 462 0.5938
13326.0000 779 462 0.5931
13329.0000 779 463 0.5944
13341.0000 780 463 0.5936
13356.0000 781 463 0.5928
13372.0000 782 463 0.5921
13391.0000 783 463 0.5913
13410.0000 784 463 0.5906
13426.0000 785 463 0.5898
13445.0000 786 463 0.5891
13458.0000 786 464 0.5903
13460.0000 787 464 0.5896
13460.0000 787 465 0.5909
13475.0000 788 465 0.5901
13493.0000 789 465 0.5894
13501.0000 789 466 0.5906
13510.0000 790 466 0.5899
13528.0000 791 466 0.5891
13546.0000 792 466 0.5884
13561.0000 793 466 0.5876
13579.0000 794 466 0.5869
13598.0000 795 466 0.5862
13614.0000 796 466 0.5854
13630.0000 797 466 0.5847
13647.0000 798 466 0.5840
13651.0000 798 467 0.5852
13666.0000 799 467 0.5845
13681.0000 799 468 0.5857
13685.0000 800 468 0.5850
13704.0000 801 468 0.5843
13723.0000 802 468 0.5835
13739.0000 803 468 0.5828
13754.0000 804 468 0.5821
13773.0000 805 468 0.5814
13775.0000 805 469 0.5826
13780.0000 805 470 0.5839
13788.0000 805 471 0.5851
13792.0000 806 471 0.5844
13807.0000 807 471 0.5836
13819.0000 807 472 0.5849
13824.0000 807 473 0.5861
13826.0000 808 473 0.5854
13827.0000 808 474 0.5866
13838.0000 808 475 0.5879
13842.0000 809 475 0.5871
13843.0000 809 476 0.5884
13847.0000 809 477 0.5896
13858.0000 809 478 0.5909
13860.0000 810 478 0.5901
13879.0000 811 478 0.5894
13884.0000 811 479 0.5906
13891.0000 811 480 0.5919
13892.0000 811 481 0.5931
13893.0000 811 482 0.5943
13894.0000 812 482 0.5936
13898.0000 812 483 0.5948
13910.0000 813 483 0.5941
13920.0000 813 484 0.5953
13920.0000 813 485 0.5966
13927.0000 814 485 0.5958
13942.0000 815 485 0.5951
13958.0000 816 485 0.5944
13972.0000 816 486 0.5956
13973.0000 817 486 0.5949
13973.0000 817 487 0.5961
13992.0000 818 487 0.5954
14001.0000 818 488 0.5966
14008.0000 818 489 0.5978
14010.0000 819 489 0.5971
14029.0000 820 489 0.5963
14047.0000 821 489 0.5956
14064.0000 822 489 0.5949
14080.0000 823 489 0.5942
14096.0000 824 489 0.5934
14115.0000 825 489 0.5927
14122.0000 825 490 0.5939
14130.0000 825 491 0.5952
14130.0000 825 492 0.5964
14131.0000 826 492 0.5956
14146.0000 827 492 0.5949
14157.0000 827 493 0.5961
14164.0000 828 493 0.5954
14175.0000 828 494 0.5966
14180.0000 829 494 0.5959
14199.0000 830 494 0.5952
14216.0000 831 494 0.5945
14222.0000 831 495 0.5957
14224.0000 831 496 0.5969
14235.0000 832 496 0.5962
14253.0000 833 496 0.5954
14271.0000 834 496 0.5947
14290.0000 835 496 0.5940
14309.0000 836 496 0.5933
14324.0000 837 496 0.5926
14325.0000 837 497 0.5938
14327.0000 837 498 0.5950
14343.0000 838 498 0.5943
14358.0000 839 498 0.5936
14373.0000 840 498 0.5929
14388.0000 841 498 0.5922
