# time  created  delivered  delivered/created
19.0000 1 0 0.0000
34.0000 2 0 0.0000
51.0000 3 0 0.0000
53.0000 3 1 0.3333
58.0000 3 2 0.6667
70.0000 4 2 0.5000
87.0000 5 2 0.4000
88.0000 5 3 0.6000
99.0000 5 4 0.8000
103.0000 6 4 0.6667
105.0000 6 5 0.8333
112.0000 6 6 1.0000
120.0000 7 6 0.8571
130.0000 7 7 1.0000
136.0000 8 7 0.8750
152.0000 8 8 1.0000
155.0000 9 8 0.8889
173.0000 10 8 0.8000
192.0000 11 8 0.7273
208.0000 12 8 0.6667
210.0000 12 9 0.7500
227.0000 13 9 0.6923
235.0000 13 10 0.7692
245.0000 14 10 0.7143
261.0000 15 10 0.6667
276.0000 16 10 0.6250
278.0000 16 11 0.6875
289.0000 16 12 0.7500
293.0000 17 12 0.7059
294.0000 17 13 0.7647
309.0000 18 13 0.7222
328.0000 19 13 0.6842
329.0000 19 14 0.7368
346.0000 20 14 0.7000
365.0000 21 14 0.6667
380.0000 22 14 0.6364
395.0000 23 14 0.6087
410.0000 24 14 0.5833
414.0000 24 15 0.6250
429.0000 25 15 0.6000
445.0000 26 15 0.5769
461.0000 27 15 0.5556
469.0000 27 16 0.5926
480.0000 28 16 0.5714
497.0000 29 16 0.5517
515.0000 30 16 0.5333
519.0000 30 17 0.5667
534.0000 31 17 0.5484
553.0000 32 17 0.5313
570.0000 33 17 0.5152
588.0000 34 17 0.5000
603.0000 34 18 0.5294
607.0000 35 18 0.5143
622.0000 36 18 0.5000
638.0000 37 18 0.4865
656.0000 38 18 0.4737
671.0000 39 18 0.4615
688.0000 40 18 0.4500
707.0000 41 18 0.4390
711.0000 41 19 0.4634
726.0000 42 19 0.4524
741.0000 43 19 0.4419
750.0000 43 20 0.4651
760.0000 44 20 0.4545
779.0000 45 20 0.4444
793.0000 45 21 0.4667
798.0000 46 21 0.4565
813.0000 47 21 0.4468
828.0000 48 21 0.4375
846.0000 49 21 0.4286
861.0000 50 21 0.4200
876.0000 51 21 0.4118
881.0000 51 22 0.4314
885.0000 51 23 0.4510
895.0000 52 23 0.4423
910.0000 52 24 0.4615
914.0000 53 24 0.4528
933.0000 54 24 0.4444
952.0000 55 24 0.4364
969.0000 56 24 0.4286
986.0000 57 24 0.4211
987.0000 57 25 0.4386
1004.0000 58 25 0.4310
1022.0000 59 25 0.4237
1038.0000 60 25 0.4167
1040.0000 60 26 0.4333
1057.0000 61 26 0.4262
1076.0000 62 26 0.4194
1095.0000 63 26 0.4127
1097.0000 63 27 0.4286
1111.0000 64 27 0.4219
1126.0000 65 27 0.4154
1128.0000 65 28 0.4308
1143.0000 66 28 0.4242
1160.0000 67 28 0.4179
1179.0000 68 28 0.4118
1182.0000 68 29 0.4265
1194.0000 68 30 0.4412
1196.0000 69 30 0.4348
1198.0000 69 31 0.4493
1203.0000 69 32 0.4638
1214.0000 70 32 0.4571
1223.0000 70 33 0.4714
1224.0000 70 34 0.4857
1232.0000 71 34 0.4789
1234.0000 71 35 0.4930
1245.0000 71 36 0.5070
1248.0000 71 37 0.5211
1251.0000 72 37 0.5139
1270.0000 73 37 0.5068
1270.0000 73 38 0.5205
1287.0000 74 38 0.5135
1288.0000 74 39 0.5270
1305.0000 75 39 0.5200
1321.0000 76 39 0.5132
1336.0000 77 39 0.5065
1339.0000 77 40 0.5195
1352.0000 78 40 0.5128
1368.0000 79 40 0.5063
1369.0000 79 41 0.5190
1386.0000 80 41 0.5125
1401.0000 81 41 0.5062
1420.0000 82 41 0.5000
1438.0000 83 41 0.4940
1453.0000 84 41 0.4881
1468.0000 85 41 0.4824
1471.0000 85 42 0.4941
1484.0000 86 42 0.4884
1485.0000 86 43 0.5000
1495.0000 86 44 0.5116
1502.0000 87 44 0.5057
1510.0000 87 45 0.5172
1517.0000 88 45 0.5114
1536.0000 89 45 0.5056
1537.0000 89 46 0.5169
1547.0000 89 47 0.5281
1552.0000 90 47 0.5222
1570.0000 91 47 0.5165
1571.0000 91 48 0.5275
1586.0000 92 48 0.5217
1590.0000 92 49 0.5326
1601.0000 93 49 0.5269
1617.0000 94 49 0.5213
1629.0000 94 50 0.5319
1634.0000 95 50 0.5263
1649.0000 96 50 0.5208
1668.0000 97 50 0.5155
1684.0000 98 50 0.5102
1688.0000 98 51 0.5204
1690.0000 98 52 0.5306
1698.0000 98 53 0.5408
1703.0000 99 53 0.5354
1718.0000 100 53 0.5300
1731.0000 100 54 0.5400
1735.0000 101 54 0.5347
1739.0000 101 55 0.5446
1750.0000 102 55 0.5392
1765.0000 103 55 0.5340
1783.0000 104 55 0.5288
1802.0000 105 55 0.5238
1804.0000 105 56 0.5333
1818.0000 106 56 0.5283
1833.0000 107 56 0.5234
1848.0000 108 56 0.5185
1855.0000 108 57 0.5278
1863.0000 109 57 0.5229
1878.0000 109 58 0.5321
1881.0000 110 58 0.5273
1900.0000 111 58 0.5225
1918.0000 112 58 0.5179
1937.0000 113 58 0.5133
1954.0000 114 58 0.5088
1970.0000 115 58 0.5043
1989.0000 116 58 0.5000
1998.0000 116 59 0.5086
2008.0000 117 59 0.5043
2024.0000 118 59 0.5000
2038.0000 118 60 0.5085
2043.0000 119 60 0.5042
2052.0000 119 61 0.5126
2059.0000 119 62 0.5210
2061.0000 120 62 0.5167
2067.0000 120 63 0.5250
2076.0000 121 63 0.5207
2085.0000 121 64 0.5289
2090.0000 121 65 0.5372
2095.0000 122 65 0.5328
2112.0000 123 65 0.5285
2125.0000 123 66 0.5366
2131.0000 124 66 0.5323
2148.0000 125 66 0.5280
2163.0000 126 66 0.5238
2179.0000 127 66 0.5197
2195.0000 128 66 0.5156
2213.0000 129 66 0.5116
2232.0000 130 66 0.5077
2243.0000 130 67 0.5154
2248.0000 131 67 0.5115
2264.0000 132 67 0.5076
2268.0000 132 68 0.5152
2279.0000 132 69 0.5227
2283.0000 133 69 0.5188
2302.0000 134 69 0.5149
2320.0000 134 70 0.5224
2321.0000 135 70 0.5185
2336.0000 136 70 0.5147
2345.0000 136 71 0.5221
2352.0000 137 71 0.5182
2367.0000 138 71 0.5145
2383.0000 138 72 0.5217
2385.0000 139 72 0.5180
2392.0000 139 73 0.5252
2396.0000 139 74 0.5324
2403.0000 139 75 0.5396
2404.0000 140 75 0.5357
2413.0000 140 76 0.5429
2416.0000 140 77 0.5500
2423.0000 141 77 0.5461
2438.0000 142 77 0.5423
2456.0000 143 77 0.5385
2472.0000 144 77 0.5347
2489.0000 145 77 0.5310
2507.0000 146 77 0.5274
2508.0000 146 78 0.5342
2523.0000 147 78 0.5306
2533.0000 147 79 0.5374
2538.0000 148 79 0.5338
2542.0000 148 80 0.5405
2555.0000 148 81 0.5473
2557.0000 149 81 0.5436
2558.0000 149 82 0.5503
2564.0000 149 83 0.5570
2571.0000 149 84 0.5638
2575.0000 150 84 0.5600
2581.0000 150 85 0.5667
2585.0000 150 86 0.5733
2591.0000 151 86 0.5695
2592.0000 151 87 0.5762
2606.0000 152 87 0.5724
2620.0000 152 88 0.5789
2623.0000 153 88 0.5752
2640.0000 154 88 0.5714
2655.0000 155 88 0.5677
2671.0000 156 88 0.5641
2678.0000 156 89 0.5705
2689.0000 157 89 0.5669
2693.0000 157 90 0.5732
2706.0000 158 90 0.5696
2725.0000 159 90 0.5660
2741.0000 160 90 0.5625
2757.0000 161 90 0.5590
2772.0000 162 90 0.5556
2787.0000 163 90 0.5521
2789.0000 163 91 0.5583
2802.0000 164 91 0.5549
2806.0000 164 92 0.5610
2816.0000 164 93 0.5671
2817.0000 165 93 0.5636
2835.0000 166 93 0.5602
2840.0000 166 94 0.5663
2853.0000 167 94 0.5629
2853.0000 167 95 0.5689
2865.0000 167 96 0.5749
2868.0000 168 96 0.5714
2886.0000 169 96 0.5680
2895.0000 169 97 0.5740
2902.0000 170 97 0.5706
2917.0000 171 97 0.5673
2930.0000 171 98 0.5731
2933.0000 172 98 0.5698
2951.0000 172 99 0.5756
2952.0000 173 99 0.5723
2968.0000 174 99 0.5690
2974.0000 174 100 0.5747
2984.0000 175 100 0.5714
3000.0000 176 100 0.5682
3007.0000 176 101 0.5739
3015.0000 177 101 0.5706
3028.0000 177 102 0.5763
3031.0000 178 102 0.5730
3034.0000 178 103 0.5787
3038.0000 178 104 0.5843
3050.0000 179 104 0.5810
3051.0000 179 105 0.5866
3054.0000 179 106 0.5922
3055.0000 179 107 0.5978
3065.0000 180 107 0.5944
3070.0000 180 108 0.6000
3077.0000 180 109 0.6056
3080.0000 181 109 0.6022
3081.0000 181 110 0.6077
3090.0000 181 111 0.6133
3093.0000 181 112 0.6188
3097.0000 182 112 0.6154
3116.0000 183 112 0.6120
3135.0000 184 112 0.6087
3153.0000 185 112 0.6054
3163.0000 185 113 0.6108
3165.0000 185 114 0.6162
3168.0000 185 115 0.6216
3170.0000 186 115 0.6183
3185.0000 187 115 0.6150
3202.0000 188 115 0.6117
3219.0000 189 115 0.6085
3235.0000 190 115 0.6053
3251.0000 191 115 0.6021
3261.0000 191 116 0.6073
3270.0000 192 116 0.6042
3289.0000 193 116 0.6010
3308.0000 194 116 0.5979
3319.0000 194 117 0.6031
3323.0000 195 117 0.6000
3324.0000 195 118 0.6051
3338.0000 196 118 0.6020
3357.0000 197 118 0.5990
3362.0000 197 119 0.6041
3373.0000 198 119 0.6010
3388.0000 199 119 0.5980
3400.0000 199 120 0.6030
3407.0000 200 120 0.6000
3414.0000 200 121 0.6050
3415.0000 200 122 0.6100
3425.0000 201 122 0.6070
3425.0000 201 123 0.6119
3426.0000 201 124 0.6169
3442.0000 202 124 0.6139
3448.0000 202 125 0.6188
3450.0000 202 126 0.6238
3458.0000 203 126 0.6207
3471.0000 203 127 0.6256
3475.0000 204 127 0.6225
3487.0000 204 128 0.6275
3492.0000 205 128 0.6244
3493.0000 205 129 0.6293
3511.0000 206 129 0.6262
3526.0000 206 130 0.6311
3529.0000 207 130 0.6280
3543.0000 207 131 0.6329
3547.0000 208 131 0.6298
3552.0000 208 132 0.6346
3566.0000 209 132 0.6316
3572.0000 209 133 0.6364
3581.0000 210 133 0.6333
3600.0000 211 133 0.6303
3615.0000 211 134 0.6351
3616.0000 211 135 0.6398
3617.0000 212 135 0.6368
3620.0000 212 136 0.6415
3620.0000 212 137 0.6462
3621.0000 212 138 0.6509
3622.0000 212 139 0.6557
3632.0000 213 139 0.6526
3632.0000 213 140 0.6573
3634.0000 213 141 0.6620
3636.0000 213 142 0.6667
3638.0000 213 143 0.6714
3648.0000 214 143 0.6682
3654.0000 214 144 0.6729
3665.0000 215 144 0.6698
3680.0000 216 144 0.6667
3687.0000 216 145 0.6713
3695.0000 217 145 0.6682
3710.0000 218 145 0.6651
3726.0000 218 146 0.6697
3729.0000 219 146 0.6667
3740.0000 219 147 0.6712
3748.0000 220 147 0.6682
3766.0000 221 147 0.6652
3784.0000 222 147 0.6622
3798.0000 222 148 0.6667
3802.0000 223 148 0.6637
3811.0000 223 149 0.6682
3815.0000 223 150 0.6726
3816.0000 223 151 0.6771
3821.0000 224 151 0.6741
3838.0000 225 151 0.6711
3844.0000 225 152 0.6756
3856.0000 226 152 0.6726
3857.0000 226 153 0.6770
3867.0000 226 154 0.6814
3874.0000 227 154 0.6784
3878.0000 227 155 0.6828
3881.0000 227 156 0.6872
3884.0000 227 157 0.6916
3888.0000 227 158 0.6960
3892.0000 228 158 0.6930
3909.0000 229 158 0.6900
3911.0000 229 159 0.6943
3926.0000 230 159 0.6913
3945.0000 231 159 0.6883
3946.0000 231 160 0.6926
3960.0000 232 160 0.6897
3966.0000 232 161 0.6940
3978.0000 233 161 0.6910
3980.0000 233 162 0.6953
3984.0000 233 163 0.6996
3995.0000 234 163 0.6966
3995.0000 234 164 0.7009
4008.0000 234 165 0.7051
4014.0000 235 165 0.7021
4033.0000 236 165 0.6992
4033.0000 236 166 0.7034
4034.0000 236 167 0.7076
4052.0000 237 167 0.7046
4069.0000 238 167 0.7017
4087.0000 239 167 0.6987
4097.0000 239 168 0.7029
4105.0000 240 168 0.7000
4116.0000 240 169 0.7042
4124.0000 241 169 0.7012
4140.0000 242 169 0.6983
4150.0000 242 170 0.7025
4158.0000 243 170 0.6996
4165.0000 243 171 0.7037
4177.0000 244 171 0.7008
4195.0000 245 171 0.6980
4197.0000 245 172 0.7020
4212.0000 245 173 0.7061
4214.0000 246 173 0.7033
4215.0000 246 174 0.7073
4232.0000 247 174 0.7045
4251.0000 248 174 0.7016
4267.0000 249 174 0.6988
4282.0000 250 174 0.6960
4284.0000 250 175 0.7000
4298.0000 251 175 0.6972
4311.0000 251 176 0.7012
4315.0000 252 176 0.6984
4330.0000 253 176 0.6957
4331.0000 253 177 0.6996
4339.0000 253 178 0.7036
4345.0000 254 178 0.7008
4345.0000 254 179 0.7047
4360.0000 254 180 0.7087
4362.0000 255 180 0.7059
4378.0000 256 180 0.7031
4379.0000 256 181 0.7070
4396.0000 257 181 0.7043
4400.0000 257 182 0.7082
4412.0000 258 182 0.7054
4429.0000 259 182 0.7027
4435.0000 259 183 0.7066
4441.0000 259 184 0.7104
4448.0000 260 184 0.7077
4465.0000 261 184 0.7050
4465.0000 261 185 0.7088
4470.0000 261 186 0.7126
4472.0000 261 187 0.7165
4481.0000 262 187 0.7137
4496.0000 263 187 0.7110
4508.0000 263 188 0.7148
4511.0000 264 188 0.7121
4513.0000 264 189 0.7159
4514.0000 264 190 0.7197
4519.0000 264 191 0.7235
4526.0000 265 191 0.7208
4537.0000 265 192 0.7245
4543.0000 266 192 0.7218
4558.0000 267 192 0.7191
4566.0000 267 193 0.7228
4568.0000 267 194 0.7266
4575.0000 267 195 0.7303
4576.0000 268 195 0.7276
4593.0000 269 195 0.7249
4611.0000 270 195 0.7222
4622.0000 270 196 0.7259
4629.0000 271 196 0.7232
4633.0000 271 197 0.7269
4645.0000 272 197 0.7243
4657.0000 272 198 0.7279
4664.0000 273 198 0.7253
4682.0000 274 198 0.7226
4694.0000 274 199 0.7263
4697.0000 275 199 0.7236
4705.0000 275 200 0.7273
4712.0000 276 200 0.7246
4730.0000 277 200 0.7220
4738.0000 277 201 0.7256
4748.0000 278 201 0.7230
4765.0000 279 201 0.7204
4765.0000 279 202 0.7240
4782.0000 280 202 0.7214
4797.0000 281 202 0.7189
4816.0000 282 202 0.7163
4818.0000 282 203 0.7199
4833.0000 283 203 0.7173
4850.0000 284 203 0.7148
4865.0000 285 203 0.7123
4881.0000 286 203 0.7098
4889.0000 286 204 0.7133
4897.0000 287 204 0.7108
4915.0000 288 204 0.7083
4932.0000 289 204 0.7059
4937.0000 289 205 0.7093
4948.0000 290 205 0.7069
4965.0000 291 205 0.7045
4984.0000 292 205 0.7021
5002.0000 293 205 0.6997
5009.0000 293 206 0.7031
5020.0000 294 206 0.7007
5029.0000 294 207 0.7041
5039.0000 295 207 0.7017
5053.0000 295 208 0.7051
5057.0000 296 208 0.7027
5058.0000 296 209 0.7061
5059.0000 296 210 0.7095
5064.0000 296 211 0.7128
5073.0000 297 211 0.7104
5092.0000 298 211 0.7081
5109.0000 299 211 0.7057
5128.0000 300 211 0.7033
5131.0000 300 212 0.7067
5135.0000 300 213 0.7100
5142.0000 300 214 0.7133
5144.0000 300 215 0.7167
5145.0000 300 216 0.7200
5146.0000 301 216 0.7176
5152.0000 301 217 0.7209
5158.0000 301 218 0.7243
5161.0000 302 218 0.7219
5161.0000 302 219 0.7252
5162.0000 302 220 0.7285
5171.0000 302 221 0.7318
5177.0000 303 221 0.7294
5193.0000 304 221 0.7270
5198.0000 304 222 0.7303
5199.0000 304 223 0.7336
5211.0000 305 223 0.7311
5215.0000 305 224 0.7344
5217.0000 305 225 0.7377
5227.0000 306 225 0.7353
5244.0000 307 225 0.7329
5260.0000 308 225 0.7305
5271.0000 308 226 0.7338
5272.0000 308 227 0.7370
5275.0000 308 228 0.7403
5278.0000 309 228 0.7379
5294.0000 310 228 0.7355
5313.0000 311 228 0.7331
5313.0000 311 229 0.7363
5317.0000 311 230 0.7395
5319.0000 311 231 0.7428
5329.0000 312 231 0.7404
5343.0000 312 232 0.7436
5348.0000 313 232 0.7412
5353.0000 313 233 0.7444
5364.0000 314 233 0.7420
5381.0000 315 233 0.7397
5381.0000 315 234 0.7429
5388.0000 315 235 0.7460
5397.0000 316 235 0.7437
5412.0000 317 235 0.7413
5420.0000 317 236 0.7445
5431.0000 318 236 0.7421
5437.0000 318 237 0.7453
5449.0000 319 237 0.7429
5465.0000 320 237 0.7406
5475.0000 320 238 0.7438
5484.0000 321 238 0.7414
5502.0000 322 238 0.7391
5503.0000 322 239 0.7422
5508.0000 322 240 0.7453
5519.0000 323 240 0.7430
5535.0000 324 240 0.7407
5551.0000 325 240 0.7385
5566.0000 326 240 0.7362
5585.0000 327 240 0.7339
5600.0000 327 241 0.7370
5601.0000 328 241 0.7348
5609.0000 328 242 0.7378
5611.0000 328 243 0.7409
5618.0000 329 243 0.7386
5637.0000 330 243 0.7364
5641.0000 330 244 0.7394
5647.0000 330 245 0.7424
5652.0000 330 246 0.7455
5654.0000 331 246 0.7432
5659.0000 331 247 0.7462
5670.0000 331 248 0.7492
5672.0000 332 248 0.7470
5673.0000 332 249 0.7500
5685.0000 332 250 0.7530
5690.0000 333 250 0.7508
5697.0000 333 251 0.7538
5705.0000 334 251 0.7515
5721.0000 335 251 0.7493
5738.0000 336 251 0.7470
5755.0000 337 251 0.7448
5771.0000 338 251 0.7426
5772.0000 338 252 0.7456
5777.0000 338 253 0.7485
5779.0000 338 254 0.7515
5780.0000 338 255 0.7544
5787.0000 339 255 0.7522
5789.0000 339 256 0.7552
5793.0000 339 257 0.7581
5801.0000 339 258 0.7611
5804.0000 339 259 0.7640
5805.0000 340 259 0.7618
5823.0000 341 259 0.7595
5842.0000 342 259 0.7573
5861.0000 343 259 0.7551
5879.0000 344 259 0.7529
5881.0000 344 260 0.7558
5894.0000 345 260 0.7536
5911.0000 346 260 0.7514
5930.0000 347 260 0.7493
5945.0000 348 260 0.7471
5963.0000 349 260 0.7450
5982.0000 350 260 0.7429
5983.0000 350 261 0.7457
5988.0000 350 262 0.7486
5999.0000 351 262 0.7464
6008.0000 351 263 0.7493
6018.0000 352 263 0.7472
6034.0000 352 264 0.7500
6035.0000 353 264 0.7479
6035.0000 353 265 0.7507
6053.0000 354 265 0.7486
6068.0000 355 265 0.7465
6083.0000 356 265 0.7444
6093.0000 356 266 0.7472
6102.0000 357 266 0.7451
6117.0000 358 266 0.7430
6118.0000 358 267 0.7458
6134.0000 359 267 0.7437
6135.0000 359 268 0.7465
6136.0000 359 269 0.7493
6141.0000 359 270 0.7521
6151.0000 360 270 0.7500
6152.0000 360 271 0.7528
6163.0000 360 272 0.7556
6166.0000 361 272 0.7535
6167.0000 361 273 0.7562
6184.0000 362 273 0.7541
6203.0000 363 273 0.7521
6214.0000 363 274 0.7548
6218.0000 364 274 0.7527
6221.0000 364 275 0.7555
6229.0000 364 276 0.7582
6237.0000 365 276 0.7562
6241.0000 365 277 0.7589
6253.0000 365 278 0.7616
6256.0000 366 278 0.7596
6256.0000 366 279 0.7623
6257.0000 366 280 0.7650
6271.0000 367 280 0.7629
6284.0000 367 281 0.7657
6288.0000 368 281 0.7636
6292.0000 368 282 0.7663
6303.0000 368 283 0.7690
6307.0000 369 283 0.7669
6312.0000 369 284 0.7696
6325.0000 370 284 0.7676
6332.0000 370 285 0.7703
6341.0000 371 285 0.7682
6341.0000 371 286 0.7709
6343.0000 371 287 0.7736
6355.0000 371 288 0.7763
6357.0000 372 288 0.7742
6369.0000 372 289 0.7769
6376.0000 373 289 0.7748
6385.0000 373 290 0.7775
6391.0000 374 290 0.7754
6400.0000 374 291 0.7781
6405.0000 374 292 0.7807
6406.0000 375 292 0.7787
6414.0000 375 293 0.7813
6424.0000 376 293 0.7793
6437.0000 376 294 0.7819
6439.0000 376 295 0.7846
6440.0000 377 295 0.7825
6456.0000 378 295 0.7804
6457.0000 378 296 0.7831
6459.0000 378 297 0.7857
6474.0000 379 297 0.7836
6491.0000 380 297 0.7816
6501.0000 380 298 0.7842
6506.0000 381 298 0.7822
6521.0000 382 298 0.7801
6539.0000 383 298 0.7781
6556.0000 384 298 0.7760
6565.0000 384 299 0.7786
6572.0000 385 299 0.7766
6587.0000 385 300 0.7792
6590.0000 386 300 0.7772
6592.0000 386 301 0.7798
6607.0000 387 301 0.7778
6626.0000 388 301 0.7758
6638.0000 388 302 0.7784
6644.0000 389 302 0.7763
6648.0000 389 303 0.7789
6663.0000 390 303 0.7769
6679.0000 391 303 0.7749
6683.0000 391 304 0.7775
6694.0000 392 304 0.7755
6704.0000 392 305 0.7781
6712.0000 392 306 0.7806
6713.0000 393 306 0.7786
6730.0000 394 306 0.7766
6746.0000 395 306 0.7747
6763.0000 396 306 0.7727
6779.0000 397 306 0.7708
6796.0000 398 306 0.7688
6800.0000 398 307 0.7714
6812.0000 399 307 0.7694
6827.0000 400 307 0.7675
6842.0000 401 307 0.7656
6849.0000 401 308 0.7681
6860.0000 402 308 0.7662
6877.0000 403 308 0.7643
6893.0000 404 308 0.7624
6900.0000 404 309 0.7649
6908.0000 404 310 0.7673
6911.0000 405 310 0.7654
6919.0000 405 311 0.7679
6927.0000 406 311 0.7660
6930.0000 406 312 0.7685
6938.0000 406 313 0.7709
6943.0000 407 313 0.7690
6949.0000 407 314 0.7715
6959.0000 408 314 0.7696
6964.0000 408 315 0.7721
6976.0000 409 315 0.7702
6990.0000 409 316 0.7726
6991.0000 410 316 0.7707
6994.0000 410 317 0.7732
6996.0000 410 318 0.7756
7007.0000 411 318 0.7737
7023.0000 412 318 0.7718
7038.0000 413 318 0.7700
7039.0000 413 319 0.7724
7053.0000 414 319 0.7705
7059.0000 414 320 0.7729
7068.0000 415 320 0.7711
7069.0000 415 321 0.7735
7083.0000 416 321 0.7716
7085.0000 416 322 0.7740
7099.0000 416 323 0.7764
7100.0000 416 324 0.7788
7102.0000 417 324 0.7770
7106.0000 417 325 0.7794
7107.0000 417 326 0.7818
7121.0000 418 326 0.7799
7124.0000 418 327 0.7823
7129.0000 418 328 0.7847
7139.0000 419 328 0.7828
7155.0000 420 328 0.7810
7159.0000 420 329 0.7833
7172.0000 421 329 0.7815
7175.0000 421 330 0.7838
7181.0000 421 331 0.7862
7187.0000 421 332 0.7886
7190.0000 422 332 0.7867
7201.0000 422 333 0.7891
7206.0000 423 333 0.7872
7212.0000 423 334 0.7896
7222.0000 424 334 0.7877
7223.0000 424 335 0.7901
7236.0000 424 336 0.7925
7240.0000 425 336 0.7906
7257.0000 426 336 0.7887
7273.0000 427 336 0.7869
7292.0000 428 336 0.7850
7294.0000 428 337 0.7874
7298.0000 428 338 0.7897
7301.0000 428 339 0.7921
7309.0000 429 339 0.7902
7317.0000 429 340 0.7925
7323.0000 429 341 0.7949
7327.0000 430 341 0.7930
7332.0000 430 342 0.7953
7337.0000 430 343 0.7977
7345.0000 431 343 0.7958
7364.0000 432 343 0.7940
7368.0000 432 344 0.7963
7380.0000 433 344 0.7945
7385.0000 433 345 0.7968
7390.0000 433 346 0.7991
7399.0000 434 346 0.7972
7414.0000 435 346 0.7954
7429.0000 436 346 0.7936
7431.0000 436 347 0.7959
7437.0000 436 348 0.7982
7439.0000 436 349 0.8005
7441.0000 436 350 0.8028
7446.0000 437 350 0.8009
7447.0000 437 351 0.8032
7465.0000 438 351 0.8014
7482.0000 439 351 0.7995
7490.0000 439 352 0.8018
7500.0000 440 352 0.8000
7515.0000 440 353 0.8023
7516.0000 440 354 0.8045
7518.0000 441 354 0.8027
7537.0000 442 354 0.8009
7549.0000 442 355 0.8032
7556.0000 443 355 0.8014
7571.0000 444 355 0.7995
7578.0000 444 356 0.8018
7587.0000 445 356 0.8000
7596.0000 445 357 0.8022
7600.0000 445 358 0.8045
7604.0000 446 358 0.8027
7619.0000 447 358 0.8009
7635.0000 448 358 0.7991
7636.0000 448 359 0.8013
7653.0000 448 360 0.8036
7654.0000 449 360 0.8018
7672.0000 450 360 0.8000
7684.0000 450 361 0.8022
7691.0000 451 361 0.8004
7706.0000 452 361 0.7987
7725.0000 453 361 0.7969
7733.0000 453 362 0.7991
7741.0000 453 363 0.8013
7742.0000 454 363 0.7996
7755.0000 454 364 0.8018
7757.0000 455 364 0.8000
7774.0000 456 364 0.7982
7778.0000 456 365 0.8004
7790.0000 457 365 0.7987
7794.0000 457 366 0.8009
7806.0000 458 366 0.7991
7817.0000 458 367 0.8013
7824.0000 459 367 0.7996
7833.0000 459 368 0.8017
7842.0000 460 368 0.8000
7845.0000 460 369 0.8022
7859.0000 461 369 0.8004
7878.0000 462 369 0.7987
7881.0000 462 370 0.8009
7884.0000 462 371 0.8030
7888.0000 462 372 0.8052
7890.0000 462 373 0.8074
7895.0000 463 373 0.8056
7910.0000 464 373 0.8039
7911.0000 464 374 0.8060
7913.0000 464 375 0.8082
7920.0000 464 376 0.8103
7922.0000 464 377 0.8125
7928.0000 465 377 0.8108
7938.0000 465 378 0.8129
7942.0000 465 379 0.8151
7943.0000 466 379 0.8133
7952.0000 466 380 0.8155
7954.0000 466 381 0.8176
7961.0000 467 381 0.8158
7967.0000 467 382 0.8180
7976.0000 467 383 0.8201
7977.0000 468 383 0.8184
7994.0000 469 383 0.8166
8008.0000 469 384 0.8188
8013.0000 470 384 0.8170
8026.0000 470 385 0.8191
8028.0000 471 385 0.8174
8041.0000 471 386 0.8195
8044.0000 471 387 0.8217
8046.0000 472 387 0.8199
8065.0000 473 387 0.8182
8071.0000 473 388 0.8203
8082.0000 474 388 0.8186
8097.0000 475 388 0.8168
8113.0000 476 388 0.8151
8132.0000 477 388 0.8134
8134.0000 477 389 0.8155
8138.0000 477 390 0.8176
8140.0000 477 391 0.8197
8145.0000 477 392 0.8218
8147.0000 478 392 0.8201
8163.0000 479 392 0.8184
8163.0000 479 393 0.8205
8182.0000 480 393 0.8188
8198.0000 481 393 0.8170
8205.0000 481 394 0.8191
8206.0000 481 395 0.8212
8214.0000 482 395 0.8195
8218.0000 482 396 0.8216
8230.0000 483 396 0.8199
8247.0000 484 396 0.8182
8252.0000 484 397 0.8202
8254.0000 484 398 0.8223
8256.0000 484 399 0.8244
8266.0000 485 399 0.8227
8267.0000 485 400 0.8247
8281.0000 486 400 0.8230
8282.0000 486 401 0.8251
8283.0000 486 402 0.8272
8283.0000 486 403 0.8292
8296.0000 487 403 0.8275
8309.0000 487 404 0.8296
8313.0000 488 404 0.8279
8314.0000 488 405 0.8299
8330.0000 488 406 0.8320
8331.0000 489 406 0.8303
8338.0000 489 407 0.8323
8349.0000 490 407 0.8306
8361.0000 490 408 0.8327
8367.0000 491 408 0.8310
8386.0000 492 408 0.8293
8403.0000 493 408 0.8276
8414.0000 493 409 0.8296
8422.0000 494 409 0.8279
8437.0000 495 409 0.8263
8443.0000 495 410 0.8283
8444.0000 495 411 0.8303
8446.0000 495 412 0.8323
8446.0000 495 413 0.8343
8454.0000 496 413 0.8327
8455.0000 496 414 0.8347
8470.0000 497 414 0.8330
8478.0000 497 415 0.8350
8486.0000 497 416 0.8370
8488.0000 498 416 0.8353
8501.0000 498 417 0.8373
8504.0000 499 417 0.8357
8522.0000 500 417 0.8340
8532.0000 500 418 0.8360
8539.0000 500 419 0.8380
8540.0000 501 419 0.8363
8551.0000 501 420 0.8383
8558.0000 502 420 0.8367
8565.0000 502 421 0.8386
8574.0000 503 421 0.8370
8591.0000 504 421 0.8353
8601.0000 504 422 0.8373
8602.0000 504 423 0.8393
8603.0000 504 424 0.8413
8607.0000 505 424 0.8396
8624.0000 506 424 0.8379
8630.0000 506 425 0.8399
8643.0000 507 425 0.8383
8658.0000 507 426 0.8402
8659.0000 508 426 0.8386
8667.0000 508 427 0.8406
8670.0000 508 428 0.8425
8675.0000 509 428 0.8409
8675.0000 509 429 0.8428
8684.0000 509 430 0.8448
8690.0000 510 430 0.8431
8706.0000 511 430 0.8415
8721.0000 511 431 0.8434
8724.0000 512 431 0.8418
8742.0000 513 431 0.8402
8750.0000 513 432 0.8421
8753.0000 513 433 0.8441
8754.0000 513 434 0.8460
8759.0000 513 435 0.8480
8761.0000 514 435 0.8463
8764.0000 514 436 0.8482
8764.0000 514 437 0.8502
8765.0000 514 438 0.8521
8778.0000 515 438 0.8505
8793.0000 515 439 0.8524
8795.0000 516 439 0.8508
8812.0000 517 439 0.8491
8815.0000 517 440 0.8511
8831.0000 518 440 0.8494
8845.0000 518 441 0.8514
8849.0000 519 441 0.8497
8865.0000 520 441 0.8481
8881.0000 521 441 0.8464
8881.0000 521 442 0.8484
8896.0000 522 442 0.8467
8908.0000 522 443 0.8487
8915.0000 523 443 0.8470
8917.0000 523 444 0.8489
8918.0000 523 445 0.8509
8932.0000 524 445 0.8492
8949.0000 525 445 0.8476
8967.0000 525 446 0.8495
8968.0000 526 446 0.8479
8975.0000 526 447 0.8498
8985.0000 527 447 0.8482
9004.0000 528 447 0.8466
9022.0000 529 447 0.8450
9040.0000 530 447 0.8434
9045.0000 530 448 0.8453
9048.0000 530 449 0.8472
9055.0000 531 449 0.8456
9071.0000 532 449 0.8440
9079.0000 532 450 0.8459
9087.0000 532 451 0.8477
9089.0000 532 452 0.8496
9090.0000 533 452 0.8480
9108.0000 534 452 0.8464
9117.0000 534 453 0.8483
9119.0000 534 454 0.8502
9125.0000 535 454 0.8486
9144.0000 536 454 0.8470
9162.0000 537 454 0.8454
9178.0000 538 454 0.8439
9194.0000 539 454 0.8423
9195.0000 539 455 0.8442
9197.0000 539 456 0.8460
9203.0000 539 457 0.8479
9208.0000 539 458 0.8497
9211.0000 540 458 0.8481
9226.0000 541 458 0.8466
9238.0000 541 459 0.8484
9243.0000 542 459 0.8469
9261.0000 543 459 0.8453
9262.0000 543 460 0.8471
9278.0000 544 460 0.8456
9296.0000 545 460 0.8440
9299.0000 545 461 0.8459
9305.0000 545 462 0.8477
9312.0000 546 462 0.8462
9312.0000 546 463 0.8480
9313.0000 546 464 0.8498
9331.0000 547 464 0.8483
9333.0000 547 465 0.8501
9350.0000 548 465 0.8485
9352.0000 548 466 0.8504
9358.0000 548 467 0.8522
9369.0000 549 467 0.8506
9373.0000 549 468 0.8525
9376.0000 549 469 0.8543
9377.0000 549 470 0.8561
9378.0000 549 471 0.8579
9382.0000 549 472 0.8597
9387.0000 550 472 0.8582
9394.0000 550 473 0.8600
9395.0000 550 474 0.8618
9401.0000 550 475 0.8636
9406.0000 551 475 0.8621
9424.0000 552 475 0.8605
9435.0000 552 476 0.8623
9437.0000 552 477 0.8641
9439.0000 553 477 0.8626
9455.0000 554 477 0.8610
9458.0000 554 478 0.8628
9471.0000 555 478 0.8613
9484.0000 555 479 0.8631
9487.0000 556 479 0.8615
9505.0000 557 479 0.8600
9513.0000 557 480 0.8618
9522.0000 558 480 0.8602
9537.0000 558 481 0.8620
9541.0000 559 481 0.8605
9559.0000 560 481 0.8589
9560.0000 560 482 0.8607
9564.0000 560 483 0.8625
9567.0000 560 484 0.8643
9577.0000 561 484 0.8627
9580.0000 561 485 0.8645
9589.0000 561 486 0.8663
9594.0000 562 486 0.8648
9610.0000 563 486 0.8632
9625.0000 564 486 0.8617
9643.0000 565 486 0.8602
9643.0000 565 487 0.8619
9647.0000 565 488 0.8637
9660.0000 566 488 0.8622
9677.0000 567 488 0.8607
9678.0000 567 489 0.8624
9696.0000 568 489 0.8609
9699.0000 568 490 0.8627
9703.0000 568 491 0.8644
9704.0000 568 492 0.8662
9711.0000 569 492 0.8647
9730.0000 570 492 0.8632
9742.0000 570 493 0.8649
9745.0000 571 493 0.8634
9758.0000 571 494 0.8651
9761.0000 571 495 0.8669
9762.0000 571 496 0.8687
9763.0000 572 496 0.8671
9776.0000 572 497 0.8689
9777.0000 572 498 0.8706
9778.0000 573 498 0.8691
9789.0000 573 499 0.8709
9797.0000 574 499 0.8693
9815.0000 575 499 0.8678
9831.0000 575 500 0.8696
9834.0000 576 500 0.8681
9849.0000 576 501 0.8698
9853.0000 577 501 0.8683
9855.0000 577 502 0.8700
9855.0000 577 503 0.8718
9871.0000 578 503 0.8702
9872.0000 578 504 0.8720
9882.0000 578 505 0.8737
9886.0000 579 505 0.8722
9887.0000 579 506 0.8739
9902.0000 580 506 0.8724
9912.0000 580 507 0.8741
9913.0000 580 508 0.8759
9914.0000 580 509 0.8776
9920.0000 581 509 0.8761
9938.0000 582 509 0.8746
9946.0000 582 510 0.8763
9955.0000 583 510 0.8748
9973.0000 584 510 0.8733
9989.0000 585 510 0.8718
10003.0000 585 511 0.8735
10005.0000 586 511 0.8720
10009.0000 586 512 0.8737
10024.0000 587 512 0.8722
10040.0000 588 512 0.8707
10059.0000 589 512 0.8693
10069.0000 589 513 0.8710
10076.0000 590 513 0.8695
10094.0000 591 513 0.8680
10111.0000 592 513 0.8666
10130.0000 593 513 0.8651
10147.0000 594 513 0.8636
10156.0000 594 514 0.8653
10159.0000 594 515 0.8670
10165.0000 595 515 0.8655
10181.0000 596 515 0.8641
10181.0000 596 516 0.8658
10197.0000 597 516 0.8643
10214.0000 598 516 0.8629
10224.0000 598 517 0.8645
10233.0000 599 517 0.8631
10234.0000 599 518 0.8648
10236.0000 599 519 0.8664
10242.0000 599 520 0.8681
10248.0000 600 520 0.8667
10248.0000 600 521 0.8683
10263.0000 600 522 0.8700
10267.0000 601 522 0.8686
10267.0000 601 523 0.8702
10284.0000 602 523 0.8688
10286.0000 602 524 0.8704
10294.0000 602 525 0.8721
10300.0000 603 525 0.8706
10300.0000 603 526 0.8723
10303.0000 603 527 0.8740
10306.0000 603 528 0.8756
10319.0000 604 528 0.8742
10338.0000 605 528 0.8727
10349.0000 605 529 0.8744
10357.0000 606 529 0.8729
10360.0000 606 530 0.8746
10372.0000 607 530 0.8731
10381.0000 607 531 0.8748
10391.0000 608 531 0.8734
10403.0000 608 532 0.8750
10406.0000 608 533 0.8766
10407.0000 608 534 0.8783
10410.0000 609 534 0.8768
10421.0000 609 535 0.8785
10429.0000 610 535 0.8770
10439.0000 610 536 0.8787
10441.0000 610 537 0.8803
10444.0000 611 537 0.8789
10461.0000 612 537 0.8775
10464.0000 612 538 0.8791
10470.0000 612 539 0.8807
10472.0000 612 540 0.8824
10476.0000 613 540 0.8809
10480.0000 613 541 0.8825
10494.0000 614 541 0.8811
10510.0000 615 541 0.8797
10526.0000 616 541 0.8782
10531.0000 616 542 0.8799
10542.0000 617 542 0.8784
10560.0000 618 542 0.8770
10575.0000 619 542 0.8756
10589.0000 619 543 0.8772
10590.0000 620 543 0.8758
10609.0000 621 543 0.8744
10625.0000 622 543 0.8730
10626.0000 622 544 0.8746
10631.0000 622 545 0.8762
10639.0000 622 546 0.8778
10642.0000 623 546 0.8764
10658.0000 624 546 0.8750
10666.0000 624 547 0.8766
10673.0000 624 548 0.8782
10674.0000 624 549 0.8798
10675.0000 625 549 0.8784
10694.0000 626 549 0.8770
10695.0000 626 550 0.8786
10711.0000 627 550 0.8772
10719.0000 627 551 0.8788
10727.0000 628 551 0.8774
10741.0000 628 552 0.8790
10742.0000 629 552 0.8776
10743.0000 629 553 0.8792
10746.0000 629 554 0.8808
10760.0000 630 554 0.8794
10769.0000 630 555 0.8810
10779.0000 631 555 0.8796
10794.0000 631 556 0.8811
10796.0000 632 556 0.8797
10812.0000 633 556 0.8784
10821.0000 633 557 0.8799
10824.0000 633 558 0.8815
10830.0000 634 558 0.8801
10847.0000 635 558 0.8787
10865.0000 636 558 0.8774
10884.0000 637 558 0.8760
10903.0000 638 558 0.8746
10910.0000 638 559 0.8762
10914.0000 638 560 0.8777
10914.0000 638 561 0.8793
10922.0000 639 561 0.8779
10939.0000 640 561 0.8766
10955.0000 641 561 0.8752
10969.0000 641 562 0.8768
10972.0000 642 562 0.8754
10978.0000 642 563 0.8769
10991.0000 643 563 0.8756
11006.0000 644 563 0.8742
11019.0000 644 564 0.8758
11025.0000 645 564 0.8744
11030.0000 645 565 0.8760
11041.0000 646 565 0.8746
11059.0000 647 565 0.8733
11078.0000 648 565 0.8719
11086.0000 648 566 0.8735
11089.0000 648 567 0.8750
11093.0000 648 568 0.8765
11094.0000 649 568 0.8752
11107.0000 649 569 0.8767
11111.0000 650 569 0.8754
11120.0000 650 570 0.8769
11127.0000 650 571 0.8785
11128.0000 651 571 0.8771
11144.0000 652 571 0.8758
11147.0000 652 572 0.8773
11148.0000 652 573 0.8788
11160.0000 653 573 0.8775
11176.0000 654 573 0.8761
11183.0000 654 574 0.8777
11195.0000 655 574 0.8763
11211.0000 656 574 0.8750
11214.0000 656 575 0.8765
11217.0000 656 576 0.8780
11219.0000 656 577 0.8796
11229.0000 657 577 0.8782
11245.0000 658 577 0.8769
11260.0000 659 577 0.8756
11275.0000 660 577 0.8742
11290.0000 661 577 0.8729
11290.0000 661 578 0.8744
11300.0000 661 579 0.8759
11305.0000 662 579 0.8746
11320.0000 663 579 0.8733
11320.0000 663 580 0.8748
11327.0000 663 581 0.8763
11331.0000 663 582 0.8778
11336.0000 664 582 0.8765
11353.0000 665 582 0.8752
11355.0000 665 583 0.8767
11367.0000 665 584 0.8782
11372.0000 666 584 0.8769
11376.0000 666 585 0.8784
11387.0000 667 585 0.8771
11406.0000 668 585 0.8757
11420.0000 668 586 0.8772
11425.0000 669 586 0.8759
11441.0000 669 587 0.8774
11444.0000 670 587 0.8761
11453.0000 670 588 0.8776
11461.0000 671 588 0.8763
11463.0000 671 589 0.8778
11480.0000 672 589 0.8765
11499.0000 673 589 0.8752
11514.0000 673 590 0.8767
11515.0000 673 591 0.8782
11518.0000 674 591 0.8769
11522.0000 674 592 0.8783
11535.0000 675 592 0.8770
11550.0000 676 592 0.8757
11567.0000 677 592 0.8744
11574.0000 677 593 0.8759
11575.0000 677 594 0.8774
11586.0000 678 594 0.8761
11586.0000 678 595 0.8776
11596.0000 678 596 0.8791
11597.0000 678 597 0.8805
11604.0000 679 597 0.8792
11606.0000 679 598 0.8807
11610.0000 679 599 0.8822
11612.0000 679 600 0.8837
11618.0000 679 601 0.8851
11622.0000 680 601 0.8838
11640.0000 681 601 0.8825
11642.0000 681 602 0.8840
11657.0000 682 602 0.8827
11657.0000 682 603 0.8842
11660.0000 682 604 0.8856
11660.0000 682 605 0.8871
11663.0000 682 606 0.8886
11671.0000 682 607 0.8900
11673.0000 683 607 0.8887
11685.0000 683 608 0.8902
11692.0000 684 608 0.8889
11705.0000 684 609 0.8904
11711.0000 685 609 0.8891
11718.0000 685 610 0.8905
11729.0000 686 610 0.8892
11747.0000 687 610 0.8879
11757.0000 687 611 0.8894
11762.0000 688 611 0.8881
11773.0000 688 612 0.8895
11777.0000 689 612 0.8882
11795.0000 690 612 0.8870
11809.0000 690 613 0.8884
11814.0000 691 613 0.8871
11818.0000 691 614 0.8886
11824.0000 691 615 0.8900
11829.0000 692 615 0.8887
11830.0000 692 616 0.8902
11830.0000 692 617 0.8916
11834.0000 692 618 0.8931
11839.0000 692 619 0.8945
11844.0000 693 619 0.8932
11860.0000 694 619 0.8919
11876.0000 695 619 0.8906
11888.0000 695 620 0.8921
11893.0000 696 620 0.8908
11910.0000 697 620 0.8895
11912.0000 697 621 0.8910
11926.0000 698 621 0.8897
11935.0000 698 622 0.8911
11943.0000 699 622 0.8898
11943.0000 699 623 0.8913
11959.0000 700 623 0.8900
11976.0000 701 623 0.8887
11993.0000 702 623 0.8875
12012.0000 703 623 0.8862
12021.0000 703 624 0.8876
12027.0000 704 624 0.8864
12044.0000 705 624 0.8851
12046.0000 705 625 0.8865
12060.0000 706 625 0.8853
12076.0000 707 625 0.8840
12095.0000 708 625 0.8828
12102.0000 708 626 0.8842
12113.0000 709 626 0.8829
12122.0000 709 627 0.8843
12131.0000 710 627 0.8831
12135.0000 710 628 0.8845
12149.0000 711 628 0.8833
12167.0000 712 628 0.8820
12180.0000 712 629 0.8834
12182.0000 713 629 0.8822
12192.0000 713 630 0.8836
12199.0000 714 630 0.8824
12210.0000 714 631 0.8838
12217.0000 715 631 0.8825
12235.0000 716 631 0.8813
12248.0000 716 632 0.8827
12251.0000 717 632 0.8815
12270.0000 718 632 0.8802
12286.0000 719 632 0.8790
12290.0000 719 633 0.8804
12304.0000 720 633 0.8792
12306.0000 720 634 0.8806
12308.0000 720 635 0.8819
12323.0000 721 635 0.8807
12330.0000 721 636 0.8821
12330.0000 721 637 0.8835
12340.0000 722 637 0.8823
12355.0000 723 637 0.8811
12362.0000 723 638 0.8824
12373.0000 724 638 0.8812
12388.0000 725 638 0.8800
12406.0000 726 638 0.8788
12416.0000 726 639 0.8802
12422.0000 727 639 0.8790
12424.0000 727 640 0.8803
12438.0000 728 640 0.8791
12438.0000 728 641 0.8805
12448.0000 728 642 0.8819
12456.0000 729 642 0.8807
12467.0000 729 643 0.8820
12473.0000 730 643 0.8808
12488.0000 731 643 0.8796
12492.0000 731 644 0.8810
12504.0000 732 644 0.8798
12520.0000 733 644 0.8786
12539.0000 734 644 0.8774
12540.0000 734 645 0.8787
12541.0000 734 646 0.8801
12554.0000 735 646 0.8789
12573.0000 736 646 0.8777
12591.0000 736 647 0.8791
12592.0000 737 647 0.8779
12610.0000 738 647 0.8767
12617.0000 738 648 0.8780
12625.0000 739 648 0.8769
12641.0000 740 648 0.8757
12654.0000 740 649 0.8770
12658.0000 741 649 0.8758
12677.0000 742 649 0.8747
12678.0000 742 650 0.8760
12694.0000 742 651 0.8774
12695.0000 743 651 0.8762
12702.0000 743 652 0.8775
12707.0000 743 653 0.8789
12714.0000 744 653 0.8777
12732.0000 745 653 0.8765
12748.0000 746 653 0.8753
12763.0000 747 653 0.8742
12781.0000 748 653 0.8730
12800.0000 749 653 0.8718
12800.0000 749 654 0.8732
12804.0000 749 655 0.8745
12818.0000 750 655 0.8733
12825.0000 750 656 0.8747
12833.0000 751 656 0.8735
12835.0000 751 657 0.8748
12843.0000 751 658 0.8762
12848.0000 752 658 0.8750
12866.0000 753 658 0.8738
12866.0000 753 659 0.8752
12885.0000 754 659 0.8740
12896.0000 754 660 0.8753
12902.0000 755 660 0.8742
12920.0000 756 660 0.8730
12935.0000 757 660 0.8719
12951.0000 758 660 0.8707
12951.0000 758 661 0.8720
12967.0000 759 661 0.8709
12983.0000 760 661 0.8697
12998.0000 761 661 0.8686
13015.0000 762 661 0.8675
13024.0000 762 662 0.8688
13031.0000 763 662 0.8676
13049.0000 764 662 0.8665
13068.0000 765 662 0.8654
13078.0000 765 663 0.8667
13086.0000 766 663 0.8655
13103.0000 767 663 0.8644
13118.0000 768 663 0.8633
13136.0000 769 663 0.8622
13153.0000 770 663 0.8610
13161.0000 770 664 0.8623
13164.0000 770 665 0.8636
13168.0000 771 665 0.8625
13185.0000 772 665 0.8614
13201.0000 773 665 0.8603
13220.0000 774 665 0.8592
13222.0000 774 666 0.8605
13236.0000 775 666 0.8594
13251.0000 776 666 0.8582
13251.0000 776 667 0.8595
13269.0000 777 667 0.8584
13285.0000 778 667 0.8573
13301.0000 779 667 0.8562
13303.0000 779 668 0.8575
13307.0000 779 669 0.8588
13317.0000 780 669 0.8577
13317.0000 780 670 0.8590
13336.0000 781 670 0.8579
13337.0000 781 671 0.8592
13346.0000 781 672 0.8604
13353.0000 781 673 0.8617
13354.0000 782 673 0.8606
13357.0000 782 674 0.8619
13369.0000 783 674 0.8608
13384.0000 784 674 0.8597
13393.0000 784 675 0.8610
13399.0000 785 675 0.8599
13414.0000 786 675 0.8588
13429.0000 787 675 0.8577
13444.0000 788 675 0.8566
13461.0000 789 675 0.8555
13462.0000 789 676 0.8568
13469.0000 789 677 0.8580
13476.0000 790 677 0.8570
13491.0000 791 677 0.8559
13492.0000 791 678 0.8571
13508.0000 792 678 0.8561
13516.0000 792 679 0.8573
13523.0000 793 679 0.8562
13529.0000 793 680 0.8575
13531.0000 793 681 0.8588
13533.0000 793 682 0.8600
13542.0000 794 682 0.8589
13559.0000 795 682 0.8579
13574.0000 796 682 0.8568
13587.0000 796 683 0.8580
13591.0000 797 683 0.8570
13599.0000 797 684 0.8582
13608.0000 797 685 0.8595
13609.0000 798 685 0.8584
13612.0000 798 686 0.8596
13628.0000 799 686 0.8586
13632.0000 799 687 0.8598
13643.0000 800 687 0.8588
13652.0000 800 688 0.8600
13656.0000 800 689 0.8613
13661.0000 801 689 0.8602
13677.0000 802 689 0.8591
13683.0000 802 690 0.8603
13689.0000 802 691 0.8616
13693.0000 803 691 0.8605
13703.0000 803 692 0.8618
13710.0000 804 692 0.8607
13722.0000 804 693 0.8619
13729.0000 805 693 0.8609
13746.0000 806 693 0.8598
13753.0000 806 694 0.8610
13760.0000 806 695 0.8623
13761.0000 806 696 0.8635
13761.0000 806 697 0.8648
13765.0000 807 697 0.8637
13767.0000 807 698 0.8649
13779.0000 807 699 0.8662
13781.0000 808 699 0.8651
13796.0000 809 699 0.8640
13810.0000 809 700 0.8653
13812.0000 809 701 0.8665
13813.0000 810 701 0.8654
13828.0000 810 702 0.8667
13828.0000 810 703 0.8679
13829.0000 811 703 0.8668
13848.0000 812 703 0.8658
13867.0000 813 703 0.8647
13882.0000 814 703 0.8636
13897.0000 815 703 0.8626
13913.0000 816 703 0.8615
13932.0000 817 703 0.8605
13937.0000 817 704 0.8617
13939.0000 817 705 0.8629
13948.0000 818 705 0.8619
13951.0000 818 706 0.8631
13960.0000 818 707 0.8643
13963.0000 819 707 0.8632
13967.0000 819 708 0.8645
13979.0000 820 708 0.8634
13985.0000 820 709 0.8646
13992.0000 820 710 0.8659
13994.0000 821 710 0.8648
13995.0000 821 711 0.8660
14004.0000 821 712 0.8672
14012.0000 822 712 0.8662
14020.0000 822 713 0.8674
14027.0000 823 713 0.8663
14039.0000 823 714 0.8676
14044.0000 824 714 0.8665
14059.0000 825 714 0.8655
14061.0000 825 715 0.8667
14065.0000 825 716 0.8679
14075.0000 826 716 0.8668
14080.0000 826 717 0.8680
14094.0000 827 717 0.8670
14094.0000 827 718 0.8682
14094.0000 827 719 0.8694
14109.0000 828 719 0.8684
14113.0000 828 720 0.8696
14122.0000 828 721 0.8708
14124.0000 829 721 0.8697
14125.0000 829 722 0.8709
14129.0000 829 723 0.8721
14138.0000 829 724 0.8733
14140.0000 830 724 0.8723
14144.0000 830 725 0.8735
14158.0000 831 725 0.8724
14174.0000 832 725 0.8714
14186.0000 832 726 0.8726
14193.0000 833 726 0.8715
14210.0000 834 726 0.8705
14210.0000 834 727 0.8717
14211.0000 834 728 0.8729
14218.0000 834 729 0.8741
14225.0000 835 729 0.8731
14232.0000 835 730 0.8743
14235.0000 835 731 0.8754
14240.0000 836 731 0.8744
14249.0000 836 732 0.8756
14259.0000 837 732 0.8746
14276.0000 837 733 0.8757
14278.0000 838 733 0.8747
14282.0000 838 734 0.8759
14284.0000 838 735 0.8771
14294.0000 839 735 0.8760
14313.0000 840 735 0.8750
14320.0000 840 736 0.8762
14330.0000 841 736 0.8751
14345.0000 842 736 0.8741
14345.0000 842 737 0.8753
14350.0000 842 738 0.8765
14360.0000 843 738 0.8754
14362.0000 843 739 0.8766
14364.0000 843 740 0.8778
14367.0000 843 741 0.8790
14379.0000 844 741 0.8780
14396.0000 845 741 0.8769
