# time  created  delivered  delivered/created
19.0000 1 0 0.0000
34.0000 2 0 0.0000
51.0000 3 0 0.0000
53.0000 3 1 0.3333
58.0000 3 2 0.6667
70.0000 4 2 0.5000
87.0000 5 2 0.4000
88.0000 5 3 0.6000
99.0000 5 4 0.8000
103.0000 6 4 0.6667
105.0000 6 5 0.8333
112.0000 6 6 1.0000
120.0000 7 6 0.8571
130.0000 7 7 1.0000
136.0000 8 7 0.8750
152.0000 8 8 1.0000
155.0000 9 8 0.8889
173.0000 10 8 0.8000
192.0000 11 8 0.7273
208.0000 12 8 0.6667
210.0000 12 9 0.7500
227.0000 13 9 0.6923
235.0000 13 10 0.7692
245.0000 14 10 0.7143
261.0000 15 10 0.6667
276.0000 16 10 0.6250
278.0000 16 11 0.6875
289.0000 16 12 0.7500
293.0000 17 12 0.7059
294.0000 17 13 0.7647
309.0000 18 13 0.7222
328.0000 19 13 0.6842
329.0000 19 14 0.7368
346.0000 20 14 0.7000
365.0000 21 14 0.6667
380.0000 22 14 0.6364
395.0000 23 14 0.6087
410.0000 24 14 0.5833
414.0000 24 15 0.6250
429.0000 25 15 0.6000
445.0000 26 15 0.5769
461.0000 27 15 0.5556
469.0000 27 16 0.5926
480.0000 28 16 0.5714
497.0000 29 16 0.5517
515.0000 30 16 0.5333
519.0000 30 17 0.5667
534.0000 31 17 0.5484
553.0000 32 17 0.5313
570.0000 33 17 0.5152
588.0000 34 17 0.5000
603.0000 34 18 0.5294
607.0000 35 18 0.5143
622.0000 36 18 0.5000
638.0000 37 18 0.4865
656.0000 38 18 0.4737
671.0000 39 18 0.4615
688.0000 40 18 0.4500
707.0000 41 18 0.4390
711.0000 41 19 0.4634
726.0000 42 19 0.4524
741.0000 43 19 0.4419
750.0000 43 20 0.4651
760.0000 44 20 0.4545
779.0000 45 20 0.4444
793.0000 45 21 0.4667
798.0000 46 21 0.4565
813.0000 47 21 0.4468
828.0000 48 21 0.4375
846.0000 49 21 0.4286
861.0000 50 21 0.4200
876.0000 51 21 0.4118
881.0000 51 22 0.4314
885.0000 51 23 0.4510
895.0000 52 23 0.4423
910.0000 52 24 0.4615
914.0000 53 24 0.4528
933.0000 54 24 0.4444
952.0000 55 24 0.4364
969.0000 56 24 0.4286
986.0000 57 24 0.4211
987.0000 57 25 0.4386
1004.0000 58 25 0.4310
1022.0000 59 25 0.4237
1038.0000 60 25 0.4167
1040.0000 60 26 0.4333
1057.0000 61 26 0.4262
1076.0000 62 26 0.4194
1095.0000 63 26 0.4127
1097.0000 63 27 0.4286
1111.0000 64 27 0.4219
1126.0000 65 27 0.4154
1128.0000 65 28 0.4308
1143.0000 66 28 0.4242
1160.0000 67 28 0.4179
1179.0000 68 28 0.4118
1182.0000 68 29 0.4265
1194.0000 68 30 0.4412
1196.0000 69 30 0.4348
1198.0000 69 31 0.4493
1203.0000 69 32 0.4638
1214.0000 70 32 0.4571
1223.0000 70 33 0.4714
1224.0000 70 34 0.4857
1232.0000 71 34 0.4789
1234.0000 71 35 0.4930
1245.0000 71 36 0.5070
1248.0000 71 37 0.5211
1251.0000 72 37 0.5139
1270.0000 73 37 0.5068
1270.0000 73 38 0.5205
1287.0000 74 38 0.5135
1288.0000 74 39 0.5270
1305.0000 75 39 0.5200
1321.0000 76 39 0.5132
1336.0000 77 39 0.5065
1339.0000 77 40 0.5195
1352.0000 78 40 0.5128
1368.0000 79 40 0.5063
1369.0000 79 41 0.5190
1386.0000 80 41 0.5125
1401.0000 81 41 0.5062
1420.0000 82 41 0.5000
1438.0000 83 41 0.4940
1453.0000 84 41 0.4881
1468.0000 85 41 0.4824
1471.0000 85 42 0.4941
1484.0000 86 42 0.4884
1485.0000 86 43 0.5000
1495.0000 86 44 0.5116
1502.0000 87 44 0.5057
1510.0000 87 45 0.5172
1517.0000 88 45 0.5114
1536.0000 89 45 0.5056
1537.0000 89 46 0.5169
1547.0000 89 47 0.5281
1552.0000 90 47 0.5222
1570.0000 91 47 0.5165
1571.0000 91 48 0.5275
1586.0000 92 48 0.5217
1590.0000 92 49 0.5326
1601.0000 93 49 0.5269
1617.0000 94 49 0.5213
1619.0000 94 50 0.5319
1629.0000 94 51 0.5426
1634.0000 95 51 0.5368
1649.0000 96 51 0.5313
1668.0000 97 51 0.5258
1684.0000 98 51 0.5204
1688.0000 98 52 0.5306
1690.0000 98 53 0.5408
1698.0000 98 54 0.5510
1703.0000 99 54 0.5455
1718.0000 100 54 0.5400
1735.0000 101 54 0.5347
1739.0000 101 55 0.5446
1750.0000 102 55 0.5392
1765.0000 103 55 0.5340
1783.0000 104 55 0.5288
1802.0000 105 55 0.5238
1804.0000 105 56 0.5333
1818.0000 106 56 0.5283
1833.0000 107 56 0.5234
1848.0000 108 56 0.5185
1855.0000 108 57 0.5278
1863.0000 109 57 0.5229
1878.0000 109 58 0.5321
1881.0000 110 58 0.5273
1900.0000 111 58 0.5225
1918.0000 112 58 0.5179
1934.0000 112 59 0.5268
1937.0000 113 59 0.5221
1954.0000 114 59 0.5175
1970.0000 115 59 0.5130
1989.0000 116 59 0.5086
2008.0000 117 59 0.5043
2024.0000 118 59 0.5000
2043.0000 119 59 0.4958
2052.0000 119 60 0.5042
2059.0000 119 61 0.5126
2061.0000 120 61 0.5083
2061.0000 120 62 0.5167
2076.0000 121 62 0.5124
2079.0000 121 63 0.5207
2090.0000 121 64 0.5289
2095.0000 122 64 0.5246
2104.0000 122 65 0.5328
2104.0000 122 66 0.5410
2112.0000 123 66 0.5366
2131.0000 124 66 0.5323
2148.0000 125 66 0.5280
2163.0000 126 66 0.5238
2179.0000 127 66 0.5197
2195.0000 128 66 0.5156
2213.0000 129 66 0.5116
2232.0000 130 66 0.5077
2246.0000 130 67 0.5154
2248.0000 131 67 0.5115
2264.0000 132 67 0.5076
2265.0000 132 68 0.5152
2270.0000 132 69 0.5227
2275.0000 132 70 0.5303
2283.0000 133 70 0.5263
2293.0000 133 71 0.5338
2299.0000 133 72 0.5414
2302.0000 134 72 0.5373
2303.0000 134 73 0.5448
2320.0000 134 74 0.5522
2321.0000 135 74 0.5481
2321.0000 135 75 0.5556
2325.0000 135 76 0.5630
2336.0000 136 76 0.5588
2338.0000 136 77 0.5662
2341.0000 136 78 0.5735
2352.0000 137 78 0.5693
2367.0000 138 78 0.5652
2385.0000 139 78 0.5612
2404.0000 140 78 0.5571
2423.0000 141 78 0.5532
2428.0000 141 79 0.5603
2430.0000 141 80 0.5674
2432.0000 141 81 0.5745
2434.0000 141 82 0.5816
2438.0000 142 82 0.5775
2456.0000 143 82 0.5734
2457.0000 143 83 0.5804
2463.0000 143 84 0.5874
2465.0000 143 85 0.5944
2469.0000 143 86 0.6014
2472.0000 144 86 0.5972
2472.0000 144 87 0.6042
2477.0000 144 88 0.6111
2489.0000 145 88 0.6069
2489.0000 145 89 0.6138
2507.0000 146 89 0.6096
2508.0000 146 90 0.6164
2523.0000 147 90 0.6122
2524.0000 147 91 0.6190
2535.0000 147 92 0.6259
2538.0000 148 92 0.6216
2557.0000 149 92 0.6174
2563.0000 149 93 0.6242
2575.0000 150 93 0.6200
2589.0000 150 94 0.6267
2591.0000 151 94 0.6225
2592.0000 151 95 0.6291
2606.0000 152 95 0.6250
2623.0000 153 95 0.6209
2640.0000 154 95 0.6169
2655.0000 155 95 0.6129
2662.0000 155 96 0.6194
2664.0000 155 97 0.6258
2665.0000 155 98 0.6323
2671.0000 156 98 0.6282
2677.0000 156 99 0.6346
2689.0000 157 99 0.6306
2694.0000 157 100 0.6369
2706.0000 158 100 0.6329
2708.0000 158 101 0.6392
2725.0000 159 101 0.6352
2730.0000 159 102 0.6415
2741.0000 160 102 0.6375
2757.0000 161 102 0.6335
2772.0000 162 102 0.6296
2787.0000 163 102 0.6258
2802.0000 164 102 0.6220
2817.0000 165 102 0.6182
2835.0000 166 102 0.6145
2843.0000 166 103 0.6205
2849.0000 166 104 0.6265
2853.0000 167 104 0.6228
2868.0000 168 104 0.6190
2875.0000 168 105 0.6250
2877.0000 168 106 0.6310
2886.0000 169 106 0.6272
2902.0000 170 106 0.6235
2903.0000 170 107 0.6294
2906.0000 170 108 0.6353
2917.0000 171 108 0.6316
2921.0000 171 109 0.6374
2926.0000 171 110 0.6433
2933.0000 172 110 0.6395
2934.0000 172 111 0.6453
2952.0000 173 111 0.6416
2968.0000 174 111 0.6379
2984.0000 175 111 0.6343
3000.0000 176 111 0.6307
3015.0000 177 111 0.6271
3024.0000 177 112 0.6328
3030.0000 177 113 0.6384
3031.0000 178 113 0.6348
3032.0000 178 114 0.6404
3050.0000 179 114 0.6369
3063.0000 179 115 0.6425
3065.0000 180 115 0.6389
3068.0000 180 116 0.6444
3078.0000 180 117 0.6500
3080.0000 181 117 0.6464
3083.0000 181 118 0.6519
3084.0000 181 119 0.6575
3097.0000 182 119 0.6538
3116.0000 183 119 0.6503
3134.0000 183 120 0.6557
3135.0000 184 120 0.6522
3153.0000 185 120 0.6486
3165.0000 185 121 0.6541
3170.0000 186 121 0.6505
3171.0000 186 122 0.6559
3185.0000 187 122 0.6524
3188.0000 187 123 0.6578
3188.0000 187 124 0.6631
3202.0000 188 124 0.6596
3209.0000 188 125 0.6649
3219.0000 189 125 0.6614
3235.0000 190 125 0.6579
3236.0000 190 126 0.6632
3251.0000 191 126 0.6597
3253.0000 191 127 0.6649
3261.0000 191 128 0.6702
3263.0000 191 129 0.6754
3266.0000 191 130 0.6806
3270.0000 192 130 0.6771
3282.0000 192 131 0.6823
3289.0000 193 131 0.6788
3299.0000 193 132 0.6839
3299.0000 193 133 0.6891
3308.0000 194 133 0.6856
3319.0000 194 134 0.6907
3323.0000 195 134 0.6872
3324.0000 195 135 0.6923
3338.0000 196 135 0.6888
3357.0000 197 135 0.6853
3373.0000 198 135 0.6818
3388.0000 199 135 0.6784
3392.0000 199 136 0.6834
3400.0000 199 137 0.6884
3407.0000 200 137 0.6850
3407.0000 200 138 0.6900
3423.0000 200 139 0.6950
3425.0000 201 139 0.6915
3442.0000 202 139 0.6881
3454.0000 202 140 0.6931
3455.0000 202 141 0.6980
3456.0000 202 142 0.7030
3458.0000 203 142 0.6995
3460.0000 203 143 0.7044
3475.0000 204 143 0.7010
3492.0000 205 143 0.6976
3492.0000 205 144 0.7024
3509.0000 205 145 0.7073
3511.0000 206 145 0.7039
3512.0000 206 146 0.7087
3513.0000 206 147 0.7136
3514.0000 206 148 0.7184
3516.0000 206 149 0.7233
3520.0000 206 150 0.7282
3529.0000 207 150 0.7246
3545.0000 207 151 0.7295
3547.0000 208 151 0.7260
3566.0000 209 151 0.7225
3568.0000 209 152 0.7273
3577.0000 209 153 0.7321
3581.0000 210 153 0.7286
3592.0000 210 154 0.7333
3600.0000 211 154 0.7299
3613.0000 211 155 0.7346
3617.0000 212 155 0.7311
3632.0000 213 155 0.7277
3634.0000 213 156 0.7324
3648.0000 214 156 0.7290
3665.0000 215 156 0.7256
3678.0000 215 157 0.7302
3680.0000 216 157 0.7269
3684.0000 216 158 0.7315
3689.0000 216 159 0.7361
3695.0000 217 159 0.7327
3710.0000 218 159 0.7294
3729.0000 219 159 0.7260
3748.0000 220 159 0.7227
3766.0000 221 159 0.7195
3784.0000 222 159 0.7162
3802.0000 223 159 0.7130
3821.0000 224 159 0.7098
3825.0000 224 160 0.7143
3838.0000 225 160 0.7111
3856.0000 226 160 0.7080
3874.0000 227 160 0.7048
3874.0000 227 161 0.7093
3892.0000 228 161 0.7061
3896.0000 228 162 0.7105
3903.0000 228 163 0.7149
3909.0000 229 163 0.7118
3926.0000 230 163 0.7087
3945.0000 231 163 0.7056
3960.0000 232 163 0.7026
3964.0000 232 164 0.7069
3978.0000 233 164 0.7039
3989.0000 233 165 0.7082
3995.0000 234 165 0.7051
4014.0000 235 165 0.7021
4033.0000 236 165 0.6992
4034.0000 236 166 0.7034
4052.0000 237 166 0.7004
4069.0000 238 166 0.6975
4084.0000 238 167 0.7017
4087.0000 239 167 0.6987
4098.0000 239 168 0.7029
4105.0000 240 168 0.7000
4106.0000 240 169 0.7042
4124.0000 241 169 0.7012
4137.0000 241 170 0.7054
4140.0000 242 170 0.7025
4146.0000 242 171 0.7066
4158.0000 243 171 0.7037
4168.0000 243 172 0.7078
4172.0000 243 173 0.7119
4177.0000 244 173 0.7090
4195.0000 245 173 0.7061
4214.0000 246 173 0.7033
4232.0000 247 173 0.7004
4233.0000 247 174 0.7045
4244.0000 247 175 0.7085
4251.0000 248 175 0.7056
4265.0000 248 176 0.7097
4267.0000 249 176 0.7068
4267.0000 249 177 0.7108
4282.0000 250 177 0.7080
4284.0000 250 178 0.7120
4298.0000 251 178 0.7092
4315.0000 252 178 0.7063
4323.0000 252 179 0.7103
4330.0000 253 179 0.7075
4335.0000 253 180 0.7115
4345.0000 254 180 0.7087
4345.0000 254 181 0.7126
4348.0000 254 182 0.7165
4362.0000 255 182 0.7137
4378.0000 256 182 0.7109
4381.0000 256 183 0.7148
4382.0000 256 184 0.7188
4396.0000 257 184 0.7160
4408.0000 257 185 0.7198
4412.0000 258 185 0.7171
4412.0000 258 186 0.7209
4418.0000 258 187 0.7248
4422.0000 258 188 0.7287
4429.0000 259 188 0.7259
4434.0000 259 189 0.7297
4439.0000 259 190 0.7336
4448.0000 260 190 0.7308
4451.0000 260 191 0.7346
4453.0000 260 192 0.7385
4456.0000 260 193 0.7423
4465.0000 261 193 0.7395
4472.0000 261 194 0.7433
4481.0000 262 194 0.7405
4486.0000 262 195 0.7443
4496.0000 263 195 0.7414
4497.0000 263 196 0.7452
4498.0000 263 197 0.7490
4511.0000 264 197 0.7462
4513.0000 264 198 0.7500
4526.0000 265 198 0.7472
4540.0000 265 199 0.7509
4543.0000 266 199 0.7481
4558.0000 267 199 0.7453
4572.0000 267 200 0.7491
4573.0000 267 201 0.7528
4576.0000 268 201 0.7500
4593.0000 269 201 0.7472
4611.0000 270 201 0.7444
4629.0000 271 201 0.7417
4645.0000 272 201 0.7390
4664.0000 273 201 0.7363
4676.0000 273 202 0.7399
4682.0000 274 202 0.7372
4686.0000 274 203 0.7409
4697.0000 275 203 0.7382
4711.0000 275 204 0.7418
4712.0000 276 204 0.7391
4714.0000 276 205 0.7428
4730.0000 277 205 0.7401
4745.0000 277 206 0.7437
4747.0000 277 207 0.7473
4748.0000 278 207 0.7446
4764.0000 278 208 0.7482
4765.0000 279 208 0.7455
4782.0000 280 208 0.7429
4797.0000 281 208 0.7402
4816.0000 282 208 0.7376
4820.0000 282 209 0.7411
4833.0000 283 209 0.7385
4840.0000 283 210 0.7420
4850.0000 284 210 0.7394
4853.0000 284 211 0.7430
4865.0000 285 211 0.7404
4881.0000 286 211 0.7378
4897.0000 287 211 0.7352
4915.0000 288 211 0.7326
4932.0000 289 211 0.7301
4948.0000 290 211 0.7276
4965.0000 291 211 0.7251
4978.0000 291 212 0.7285
4984.0000 292 212 0.7260
5002.0000 293 212 0.7235
5011.0000 293 213 0.7270
5020.0000 294 213 0.7245
5029.0000 294 214 0.7279
5039.0000 295 214 0.7254
5055.0000 295 215 0.7288
5057.0000 296 215 0.7264
5057.0000 296 216 0.7297
5065.0000 296 217 0.7331
5073.0000 297 217 0.7306
5076.0000 297 218 0.7340
5092.0000 298 218 0.7315
5093.0000 298 219 0.7349
5109.0000 299 219 0.7324
5120.0000 299 220 0.7358
5128.0000 300 220 0.7333
5146.0000 301 220 0.7309
5161.0000 302 220 0.7285
5162.0000 302 221 0.7318
5163.0000 302 222 0.7351
5172.0000 302 223 0.7384
5177.0000 303 223 0.7360
5193.0000 304 223 0.7336
5203.0000 304 224 0.7368
5208.0000 304 225 0.7401
5211.0000 305 225 0.7377
5227.0000 306 225 0.7353
5244.0000 307 225 0.7329
5260.0000 308 225 0.7305
5264.0000 308 226 0.7338
5278.0000 309 226 0.7314
5294.0000 310 226 0.7290
5313.0000 311 226 0.7267
5317.0000 311 227 0.7299
5327.0000 311 228 0.7331
5329.0000 312 228 0.7308
5348.0000 313 228 0.7284
5364.0000 314 228 0.7261
5381.0000 315 228 0.7238
5397.0000 316 228 0.7215
5412.0000 317 228 0.7192
5419.0000 317 229 0.7224
5431.0000 318 229 0.7201
5433.0000 318 230 0.7233
5435.0000 318 231 0.7264
5449.0000 319 231 0.7241
5465.0000 320 231 0.7219
5481.0000 320 232 0.7250
5484.0000 321 232 0.7227
5502.0000 322 232 0.7205
5519.0000 323 232 0.7183
5535.0000 324 232 0.7160
5542.0000 324 233 0.7191
5547.0000 324 234 0.7222
5551.0000 325 234 0.7200
5566.0000 326 234 0.7178
5585.0000 327 234 0.7156
5593.0000 327 235 0.7187
5595.0000 327 236 0.7217
5598.0000 327 237 0.7248
5600.0000 327 238 0.7278
5601.0000 328 238 0.7256
5618.0000 329 238 0.7234
5621.0000 329 239 0.7264
5623.0000 329 240 0.7295
5623.0000 329 241 0.7325
5628.0000 329 242 0.7356
5633.0000 329 243 0.7386
5633.0000 329 244 0.7416
5636.0000 329 245 0.7447
5637.0000 330 245 0.7424
5654.0000 331 245 0.7402
5655.0000 331 246 0.7432
5664.0000 331 247 0.7462
5672.0000 332 247 0.7440
5685.0000 332 248 0.7470
5690.0000 333 248 0.7447
5705.0000 334 248 0.7425
5721.0000 335 248 0.7403
5738.0000 336 248 0.7381
5748.0000 336 249 0.7411
5749.0000 336 250 0.7440
5755.0000 337 250 0.7418
5758.0000 337 251 0.7448
5771.0000 338 251 0.7426
5772.0000 338 252 0.7456
5778.0000 338 253 0.7485
5787.0000 339 253 0.7463
5789.0000 339 254 0.7493
5805.0000 340 254 0.7471
5806.0000 340 255 0.7500
5823.0000 341 255 0.7478
5836.0000 341 256 0.7507
5838.0000 341 257 0.7537
5842.0000 342 257 0.7515
5851.0000 342 258 0.7544
5861.0000 343 258 0.7522
5872.0000 343 259 0.7551
5879.0000 344 259 0.7529
5884.0000 344 260 0.7558
5894.0000 345 260 0.7536
5911.0000 346 260 0.7514
5930.0000 347 260 0.7493
5931.0000 347 261 0.7522
5942.0000 347 262 0.7550
5945.0000 348 262 0.7529
5951.0000 348 263 0.7557
5963.0000 349 263 0.7536
5982.0000 350 263 0.7514
5983.0000 350 264 0.7543
5999.0000 351 264 0.7521
6018.0000 352 264 0.7500
6027.0000 352 265 0.7528
6035.0000 353 265 0.7507
6053.0000 354 265 0.7486
6068.0000 355 265 0.7465
6083.0000 356 265 0.7444
6102.0000 357 265 0.7423
6110.0000 357 266 0.7451
6117.0000 358 266 0.7430
6134.0000 359 266 0.7409
6135.0000 359 267 0.7437
6137.0000 359 268 0.7465
6151.0000 360 268 0.7444
6161.0000 360 269 0.7472
6166.0000 361 269 0.7452
6184.0000 362 269 0.7431
6203.0000 363 269 0.7410
6216.0000 363 270 0.7438
6216.0000 363 271 0.7466
6217.0000 363 272 0.7493
6218.0000 364 272 0.7473
6221.0000 364 273 0.7500
6222.0000 364 274 0.7527
6225.0000 364 275 0.7555
6237.0000 365 275 0.7534
6252.0000 365 276 0.7562
6256.0000 366 276 0.7541
6257.0000 366 277 0.7568
6262.0000 366 278 0.7596
6271.0000 367 278 0.7575
6288.0000 368 278 0.7554
6306.0000 368 279 0.7582
6307.0000 369 279 0.7561
6310.0000 369 280 0.7588
6315.0000 369 281 0.7615
6325.0000 370 281 0.7595
6328.0000 370 282 0.7622
6339.0000 370 283 0.7649
6341.0000 371 283 0.7628
6343.0000 371 284 0.7655
6348.0000 371 285 0.7682
6356.0000 371 286 0.7709
6357.0000 372 286 0.7688
6365.0000 372 287 0.7715
6366.0000 372 288 0.7742
6376.0000 373 288 0.7721
6391.0000 374 288 0.7701
6406.0000 375 288 0.7680
6424.0000 376 288 0.7660
6425.0000 376 289 0.7686
6428.0000 376 290 0.7713
6440.0000 377 290 0.7692
6442.0000 377 291 0.7719
6451.0000 377 292 0.7745
6456.0000 378 292 0.7725
6474.0000 379 292 0.7704
6478.0000 379 293 0.7731
6488.0000 379 294 0.7757
6490.0000 379 295 0.7784
6491.0000 380 295 0.7763
6491.0000 380 296 0.7789
6493.0000 380 297 0.7816
6494.0000 380 298 0.7842
6495.0000 380 299 0.7868
6499.0000 380 300 0.7895
6506.0000 381 300 0.7874
6510.0000 381 301 0.7900
6514.0000 381 302 0.7927
6521.0000 382 302 0.7906
6523.0000 382 303 0.7932
6539.0000 383 303 0.7911
6545.0000 383 304 0.7937
6556.0000 384 304 0.7917
6567.0000 384 305 0.7943
6572.0000 385 305 0.7922
6587.0000 385 306 0.7948
6590.0000 386 306 0.7927
6607.0000 387 306 0.7907
6626.0000 388 306 0.7887
6626.0000 388 307 0.7912
6642.0000 388 308 0.7938
6644.0000 389 308 0.7918
6663.0000 390 308 0.7897
6679.0000 391 308 0.7877
6681.0000 391 309 0.7903
6694.0000 392 309 0.7883
6709.0000 392 310 0.7908
6713.0000 393 310 0.7888
6730.0000 394 310 0.7868
6746.0000 395 310 0.7848
6748.0000 395 311 0.7873
6749.0000 395 312 0.7899
6750.0000 395 313 0.7924
6751.0000 395 314 0.7949
6763.0000 396 314 0.7929
6772.0000 396 315 0.7955
6779.0000 397 315 0.7935
6796.0000 398 315 0.7915
6796.0000 398 316 0.7940
6808.0000 398 317 0.7965
6812.0000 399 317 0.7945
6825.0000 399 318 0.7970
6827.0000 400 318 0.7950
6835.0000 400 319 0.7975
6839.0000 400 320 0.8000
6842.0000 401 320 0.7980
6860.0000 402 320 0.7960
6877.0000 403 320 0.7940
6884.0000 403 321 0.7965
6885.0000 403 322 0.7990
6893.0000 404 322 0.7970
6911.0000 405 322 0.7951
6927.0000 406 322 0.7931
6929.0000 406 323 0.7956
6943.0000 407 323 0.7936
6959.0000 408 323 0.7917
6973.0000 408 324 0.7941
6975.0000 408 325 0.7966
6976.0000 409 325 0.7946
6991.0000 410 325 0.7927
7004.0000 410 326 0.7951
7007.0000 411 326 0.7932
7007.0000 411 327 0.7956
7020.0000 411 328 0.7981
7023.0000 412 328 0.7961
7038.0000 413 328 0.7942
7049.0000 413 329 0.7966
7053.0000 414 329 0.7947
7059.0000 414 330 0.7971
7068.0000 415 330 0.7952
7069.0000 415 331 0.7976
7079.0000 415 332 0.8000
7083.0000 416 332 0.7981
7102.0000 417 332 0.7962
7111.0000 417 333 0.7986
7121.0000 418 333 0.7967
7127.0000 418 334 0.7990
7139.0000 419 334 0.7971
7155.0000 420 334 0.7952
7172.0000 421 334 0.7933
7173.0000 421 335 0.7957
7175.0000 421 336 0.7981
7190.0000 422 336 0.7962
7195.0000 422 337 0.7986
7196.0000 422 338 0.8009
7199.0000 422 339 0.8033
7206.0000 423 339 0.8014
7222.0000 424 339 0.7995
7223.0000 424 340 0.8019
7223.0000 424 341 0.8042
7236.0000 424 342 0.8066
7240.0000 425 342 0.8047
7257.0000 426 342 0.8028
7263.0000 426 343 0.8052
7263.0000 426 344 0.8075
7273.0000 427 344 0.8056
7289.0000 427 345 0.8080
7292.0000 428 345 0.8061
7299.0000 428 346 0.8084
7309.0000 429 346 0.8065
7312.0000 429 347 0.8089
7322.0000 429 348 0.8112
7327.0000 430 348 0.8093
7328.0000 430 349 0.8116
7334.0000 430 350 0.8140
7340.0000 430 351 0.8163
7340.0000 430 352 0.8186
7345.0000 431 352 0.8167
7364.0000 432 352 0.8148
7367.0000 432 353 0.8171
7380.0000 433 353 0.8152
7399.0000 434 353 0.8134
7403.0000 434 354 0.8157
7411.0000 434 355 0.8180
7414.0000 435 355 0.8161
7415.0000 435 356 0.8184
7420.0000 435 357 0.8207
7423.0000 435 358 0.8230
7429.0000 436 358 0.8211
7436.0000 436 359 0.8234
7436.0000 436 360 0.8257
7446.0000 437 360 0.8238
7447.0000 437 361 0.8261
7447.0000 437 362 0.8284
7460.0000 437 363 0.8307
7465.0000 438 363 0.8288
7482.0000 439 363 0.8269
7500.0000 440 363 0.8250
7518.0000 441 363 0.8231
7524.0000 441 364 0.8254
7526.0000 441 365 0.8277
7537.0000 442 365 0.8258
7537.0000 442 366 0.8281
7556.0000 443 366 0.8262
7567.0000 443 367 0.8284
7571.0000 444 367 0.8266
7576.0000 444 368 0.8288
7583.0000 444 369 0.8311
7587.0000 445 369 0.8292
7604.0000 446 369 0.8274
7619.0000 447 369 0.8255
7623.0000 447 370 0.8277
7625.0000 447 371 0.8300
7635.0000 448 371 0.8281
7645.0000 448 372 0.8304
7652.0000 448 373 0.8326
7654.0000 449 373 0.8307
7672.0000 450 373 0.8289
7682.0000 450 374 0.8311
7688.0000 450 375 0.8333
7691.0000 451 375 0.8315
7706.0000 452 375 0.8296
7719.0000 452 376 0.8319
7725.0000 453 376 0.8300
7742.0000 454 376 0.8282
7743.0000 454 377 0.8304
7750.0000 454 378 0.8326
7757.0000 455 378 0.8308
7774.0000 456 378 0.8289
7782.0000 456 379 0.8311
7790.0000 457 379 0.8293
7806.0000 458 379 0.8275
7824.0000 459 379 0.8257
7832.0000 459 380 0.8279
7839.0000 459 381 0.8301
7842.0000 460 381 0.8283
7859.0000 461 381 0.8265
7878.0000 462 381 0.8247
7893.0000 462 382 0.8268
7895.0000 463 382 0.8251
7895.0000 463 383 0.8272
7906.0000 463 384 0.8294
7910.0000 464 384 0.8276
7928.0000 465 384 0.8258
7943.0000 466 384 0.8240
7952.0000 466 385 0.8262
7961.0000 467 385 0.8244
7977.0000 468 385 0.8226
7982.0000 468 386 0.8248
7994.0000 469 386 0.8230
8013.0000 470 386 0.8213
8028.0000 471 386 0.8195
8045.0000 471 387 0.8217
8046.0000 472 387 0.8199
8065.0000 473 387 0.8182
8082.0000 474 387 0.8165
8097.0000 475 387 0.8147
8099.0000 475 388 0.8168
8101.0000 475 389 0.8189
8108.0000 475 390 0.8211
8111.0000 475 391 0.8232
8113.0000 476 391 0.8214
8132.0000 477 391 0.8197
8147.0000 478 391 0.8180
8163.0000 479 391 0.8163
8169.0000 479 392 0.8184
8182.0000 480 392 0.8167
8198.0000 481 392 0.8150
8201.0000 481 393 0.8170
8205.0000 481 394 0.8191
8206.0000 481 395 0.8212
8214.0000 482 395 0.8195
8224.0000 482 396 0.8216
8230.0000 483 396 0.8199
8232.0000 483 397 0.8219
8244.0000 483 398 0.8240
8247.0000 484 398 0.8223
8255.0000 484 399 0.8244
8256.0000 484 400 0.8264
8257.0000 484 401 0.8285
8258.0000 484 402 0.8306
8260.0000 484 403 0.8326
8262.0000 484 404 0.8347
8264.0000 484 405 0.8368
8266.0000 485 405 0.8351
8275.0000 485 406 0.8371
8275.0000 485 407 0.8392
8281.0000 486 407 0.8374
8289.0000 486 408 0.8395
8296.0000 487 408 0.8378
8302.0000 487 409 0.8398
8313.0000 488 409 0.8381
8315.0000 488 410 0.8402
8321.0000 488 411 0.8422
8324.0000 488 412 0.8443
8331.0000 489 412 0.8425
8332.0000 489 413 0.8446
8349.0000 490 413 0.8429
8367.0000 491 413 0.8411
8373.0000 491 414 0.8432
8375.0000 491 415 0.8452
8383.0000 491 416 0.8473
8386.0000 492 416 0.8455
8386.0000 492 417 0.8476
8387.0000 492 418 0.8496
8388.0000 492 419 0.8516
8402.0000 492 420 0.8537
8403.0000 493 420 0.8519
8403.0000 493 421 0.8540
8421.0000 493 422 0.8560
8422.0000 494 422 0.8543
8437.0000 495 422 0.8525
8443.0000 495 423 0.8545
8454.0000 496 423 0.8528
8459.0000 496 424 0.8548
8470.0000 497 424 0.8531
8488.0000 498 424 0.8514
8504.0000 499 424 0.8497
8512.0000 499 425 0.8517
8522.0000 500 425 0.8500
8540.0000 501 425 0.8483
8540.0000 501 426 0.8503
8558.0000 502 426 0.8486
8567.0000 502 427 0.8506
8574.0000 503 427 0.8489
8587.0000 503 428 0.8509
8591.0000 504 428 0.8492
8592.0000 504 429 0.8512
8607.0000 505 429 0.8495
8624.0000 506 429 0.8478
8625.0000 506 430 0.8498
8643.0000 507 430 0.8481
8651.0000 507 431 0.8501
8659.0000 508 431 0.8484
8662.0000 508 432 0.8504
8674.0000 508 433 0.8524
8675.0000 509 433 0.8507
8682.0000 509 434 0.8527
8690.0000 510 434 0.8510
8692.0000 510 435 0.8529
8706.0000 511 435 0.8513
8706.0000 511 436 0.8532
8723.0000 511 437 0.8552
8724.0000 512 437 0.8535
8738.0000 512 438 0.8555
8742.0000 513 438 0.8538
8753.0000 513 439 0.8558
8754.0000 513 440 0.8577
8756.0000 513 441 0.8596
8756.0000 513 442 0.8616
8761.0000 514 442 0.8599
8766.0000 514 443 0.8619
8778.0000 515 443 0.8602
8795.0000 516 443 0.8585
8797.0000 516 444 0.8605
8811.0000 516 445 0.8624
8812.0000 517 445 0.8607
8831.0000 518 445 0.8591
8836.0000 518 446 0.8610
8840.0000 518 447 0.8629
8849.0000 519 447 0.8613
8865.0000 520 447 0.8596
8872.0000 520 448 0.8615
8880.0000 520 449 0.8635
8881.0000 521 449 0.8618
8896.0000 522 449 0.8602
8899.0000 522 450 0.8621
8915.0000 523 450 0.8604
8917.0000 523 451 0.8623
8932.0000 524 451 0.8607
8949.0000 525 451 0.8590
8964.0000 525 452 0.8610
8968.0000 526 452 0.8593
8973.0000 526 453 0.8612
8985.0000 527 453 0.8596
8986.0000 527 454 0.8615
9004.0000 528 454 0.8598
9022.0000 529 454 0.8582
9040.0000 530 454 0.8566
9055.0000 531 454 0.8550
9071.0000 532 454 0.8534
9085.0000 532 455 0.8553
9088.0000 532 456 0.8571
9090.0000 533 456 0.8555
9092.0000 533 457 0.8574
9093.0000 533 458 0.8593
9094.0000 533 459 0.8612
9108.0000 534 459 0.8596
9125.0000 535 459 0.8579
9144.0000 536 459 0.8563
9162.0000 537 459 0.8547
9178.0000 538 459 0.8532
9194.0000 539 459 0.8516
9202.0000 539 460 0.8534
9211.0000 540 460 0.8519
9211.0000 540 461 0.8537
9226.0000 541 461 0.8521
9243.0000 542 461 0.8506
9261.0000 543 461 0.8490
9278.0000 544 461 0.8474
9279.0000 544 462 0.8493
9296.0000 545 462 0.8477
9301.0000 545 463 0.8495
9304.0000 545 464 0.8514
9312.0000 546 464 0.8498
9317.0000 546 465 0.8516
9322.0000 546 466 0.8535
9331.0000 547 466 0.8519
9350.0000 548 466 0.8504
9352.0000 548 467 0.8522
9369.0000 549 467 0.8506
9387.0000 550 467 0.8491
9387.0000 550 468 0.8509
9403.0000 550 469 0.8527
9404.0000 550 470 0.8545
9406.0000 551 470 0.8530
9424.0000 552 470 0.8514
9429.0000 552 471 0.8533
9434.0000 552 472 0.8551
9439.0000 553 472 0.8535
9441.0000 553 473 0.8553
9455.0000 554 473 0.8538
9455.0000 554 474 0.8556
9458.0000 554 475 0.8574
9460.0000 554 476 0.8592
9464.0000 554 477 0.8610
9471.0000 555 477 0.8595
9472.0000 555 478 0.8613
9474.0000 555 479 0.8631
9481.0000 555 480 0.8649
9486.0000 555 481 0.8667
9487.0000 556 481 0.8651
9505.0000 557 481 0.8636
9515.0000 557 482 0.8654
9522.0000 558 482 0.8638
9528.0000 558 483 0.8656
9541.0000 559 483 0.8640
9545.0000 559 484 0.8658
9555.0000 559 485 0.8676
9559.0000 560 485 0.8661
9575.0000 560 486 0.8679
9577.0000 561 486 0.8663
9577.0000 561 487 0.8681
9589.0000 561 488 0.8699
9594.0000 562 488 0.8683
9594.0000 562 489 0.8701
9597.0000 562 490 0.8719
9599.0000 562 491 0.8737
9600.0000 562 492 0.8754
9610.0000 563 492 0.8739
9625.0000 564 492 0.8723
9643.0000 565 492 0.8708
9660.0000 566 492 0.8693
9677.0000 567 492 0.8677
9683.0000 567 493 0.8695
9692.0000 567 494 0.8713
9696.0000 568 494 0.8697
9704.0000 568 495 0.8715
9705.0000 568 496 0.8732
9711.0000 569 496 0.8717
9730.0000 570 496 0.8702
9745.0000 571 496 0.8687
9750.0000 571 497 0.8704
9763.0000 572 497 0.8689
9778.0000 573 497 0.8674
9783.0000 573 498 0.8691
9790.0000 573 499 0.8709
9797.0000 574 499 0.8693
9815.0000 575 499 0.8678
9823.0000 575 500 0.8696
9834.0000 576 500 0.8681
9853.0000 577 500 0.8666
9854.0000 577 501 0.8683
9871.0000 578 501 0.8668
9876.0000 578 502 0.8685
9886.0000 579 502 0.8670
9899.0000 579 503 0.8687
9902.0000 580 503 0.8672
9911.0000 580 504 0.8690
9916.0000 580 505 0.8707
9920.0000 581 505 0.8692
9935.0000 581 506 0.8709
9938.0000 582 506 0.8694
9944.0000 582 507 0.8711
9955.0000 583 507 0.8696
9961.0000 583 508 0.8714
9969.0000 583 509 0.8731
9973.0000 584 509 0.8716
9989.0000 585 509 0.8701
10005.0000 586 509 0.8686
10007.0000 586 510 0.8703
10021.0000 586 511 0.8720
10024.0000 587 511 0.8705
10040.0000 588 511 0.8690
10058.0000 588 512 0.8707
10059.0000 589 512 0.8693
10076.0000 590 512 0.8678
10094.0000 591 512 0.8663
10096.0000 591 513 0.8680
10097.0000 591 514 0.8697
10107.0000 591 515 0.8714
10108.0000 591 516 0.8731
10111.0000 592 516 0.8716
10119.0000 592 517 0.8733
10130.0000 593 517 0.8718
10147.0000 594 517 0.8704
10149.0000 594 518 0.8721
10149.0000 594 519 0.8737
10152.0000 594 520 0.8754
10161.0000 594 521 0.8771
10162.0000 594 522 0.8788
10165.0000 595 522 0.8773
10178.0000 595 523 0.8790
10178.0000 595 524 0.8807
10181.0000 596 524 0.8792
10197.0000 597 524 0.8777
10209.0000 597 525 0.8794
10213.0000 597 526 0.8811
10214.0000 598 526 0.8796
10214.0000 598 527 0.8813
10224.0000 598 528 0.8829
10232.0000 598 529 0.8846
10233.0000 599 529 0.8831
10234.0000 599 530 0.8848
10236.0000 599 531 0.8865
10248.0000 600 531 0.8850
10251.0000 600 532 0.8867
10267.0000 601 532 0.8852
10284.0000 602 532 0.8837
10286.0000 602 533 0.8854
10286.0000 602 534 0.8870
10293.0000 602 535 0.8887
10299.0000 602 536 0.8904
10300.0000 603 536 0.8889
10312.0000 603 537 0.8905
10312.0000 603 538 0.8922
10319.0000 604 538 0.8907
10338.0000 605 538 0.8893
10348.0000 605 539 0.8909
10352.0000 605 540 0.8926
10357.0000 606 540 0.8911
10361.0000 606 541 0.8927
10372.0000 607 541 0.8913
10391.0000 608 541 0.8898
10403.0000 608 542 0.8914
10410.0000 609 542 0.8900
10414.0000 609 543 0.8916
10429.0000 610 543 0.8902
10444.0000 611 543 0.8887
10444.0000 611 544 0.8903
10461.0000 612 544 0.8889
10466.0000 612 545 0.8905
10476.0000 613 545 0.8891
10494.0000 614 545 0.8876
10510.0000 615 545 0.8862
10510.0000 615 546 0.8878
10526.0000 616 546 0.8864
10539.0000 616 547 0.8880
10542.0000 617 547 0.8865
10560.0000 618 547 0.8851
10575.0000 619 547 0.8837
10583.0000 619 548 0.8853
10590.0000 620 548 0.8839
10609.0000 621 548 0.8824
10625.0000 622 548 0.8810
10631.0000 622 549 0.8826
10633.0000 622 550 0.8842
10642.0000 623 550 0.8828
10658.0000 624 550 0.8814
10675.0000 625 550 0.8800
10675.0000 625 551 0.8816
10677.0000 625 552 0.8832
10694.0000 626 552 0.8818
10695.0000 626 553 0.8834
10696.0000 626 554 0.8850
10701.0000 626 555 0.8866
10710.0000 626 556 0.8882
10711.0000 627 556 0.8868
10726.0000 627 557 0.8884
10727.0000 628 557 0.8869
10742.0000 629 557 0.8855
10760.0000 630 557 0.8841
10764.0000 630 558 0.8857
10779.0000 631 558 0.8843
10796.0000 632 558 0.8829
10806.0000 632 559 0.8845
10809.0000 632 560 0.8861
10812.0000 633 560 0.8847
10822.0000 633 561 0.8863
10823.0000 633 562 0.8878
10830.0000 634 562 0.8864
10847.0000 635 562 0.8850
10858.0000 635 563 0.8866
10865.0000 636 563 0.8852
10879.0000 636 564 0.8868
10880.0000 636 565 0.8884
10884.0000 637 565 0.8870
10903.0000 638 565 0.8856
10919.0000 638 566 0.8871
10922.0000 639 566 0.8858
10939.0000 640 566 0.8844
10955.0000 641 566 0.8830
10972.0000 642 566 0.8816
10991.0000 643 566 0.8802
11000.0000 643 567 0.8818
11004.0000 643 568 0.8834
11006.0000 644 568 0.8820
11025.0000 645 568 0.8806
11028.0000 645 569 0.8822
11041.0000 646 569 0.8808
11059.0000 647 569 0.8794
11078.0000 648 569 0.8781
11094.0000 649 569 0.8767
11111.0000 650 569 0.8754
11115.0000 650 570 0.8769
11117.0000 650 571 0.8785
11121.0000 650 572 0.8800
11128.0000 651 572 0.8786
11134.0000 651 573 0.8802
11135.0000 651 574 0.8817
11144.0000 652 574 0.8804
11160.0000 653 574 0.8790
11167.0000 653 575 0.8806
11176.0000 654 575 0.8792
11195.0000 655 575 0.8779
11211.0000 656 575 0.8765
11222.0000 656 576 0.8780
11229.0000 657 576 0.8767
11239.0000 657 577 0.8782
11245.0000 658 577 0.8769
11260.0000 659 577 0.8756
11275.0000 660 577 0.8742
11290.0000 661 577 0.8729
11302.0000 661 578 0.8744
11305.0000 662 578 0.8731
11320.0000 663 578 0.8718
11328.0000 663 579 0.8733
11331.0000 663 580 0.8748
11336.0000 664 580 0.8735
11338.0000 664 581 0.8750
11340.0000 664 582 0.8765
11349.0000 664 583 0.8780
11353.0000 665 583 0.8767
11372.0000 666 583 0.8754
11383.0000 666 584 0.8769
11387.0000 667 584 0.8756
11387.0000 667 585 0.8771
11406.0000 668 585 0.8757
11425.0000 669 585 0.8744
11436.0000 669 586 0.8759
11444.0000 670 586 0.8746
11454.0000 670 587 0.8761
11455.0000 670 588 0.8776
11461.0000 671 588 0.8763
11463.0000 671 589 0.8778
11480.0000 672 589 0.8765
11482.0000 672 590 0.8780
11491.0000 672 591 0.8795
11499.0000 673 591 0.8782
11506.0000 673 592 0.8796
11518.0000 674 592 0.8783
11529.0000 674 593 0.8798
11534.0000 674 594 0.8813
11535.0000 675 594 0.8800
11539.0000 675 595 0.8815
11547.0000 675 596 0.8830
11550.0000 676 596 0.8817
11567.0000 677 596 0.8804
11586.0000 678 596 0.8791
11586.0000 678 597 0.8805
11587.0000 678 598 0.8820
11588.0000 678 599 0.8835
11589.0000 678 600 0.8850
11597.0000 678 601 0.8864
11599.0000 678 602 0.8879
11604.0000 679 602 0.8866
11606.0000 679 603 0.8881
11622.0000 680 603 0.8868
11640.0000 681 603 0.8855
11642.0000 681 604 0.8869
11643.0000 681 605 0.8884
11644.0000 681 606 0.8899
11645.0000 681 607 0.8913
11656.0000 681 608 0.8928
11657.0000 682 608 0.8915
11671.0000 682 609 0.8930
11673.0000 683 609 0.8917
11689.0000 683 610 0.8931
11692.0000 684 610 0.8918
11711.0000 685 610 0.8905
11729.0000 686 610 0.8892
11747.0000 687 610 0.8879
11747.0000 687 611 0.8894
11762.0000 688 611 0.8881
11764.0000 688 612 0.8895
11773.0000 688 613 0.8910
11777.0000 689 613 0.8897
11787.0000 689 614 0.8911
11795.0000 690 614 0.8899
11800.0000 690 615 0.8913
11813.0000 690 616 0.8928
11814.0000 691 616 0.8915
11814.0000 691 617 0.8929
11825.0000 691 618 0.8944
11829.0000 692 618 0.8931
11830.0000 692 619 0.8945
11837.0000 692 620 0.8960
11844.0000 693 620 0.8947
11860.0000 694 620 0.8934
11876.0000 695 620 0.8921
11886.0000 695 621 0.8935
11893.0000 696 621 0.8922
11901.0000 696 622 0.8937
11910.0000 697 622 0.8924
11915.0000 697 623 0.8938
11926.0000 698 623 0.8926
11943.0000 699 623 0.8913
11958.0000 699 624 0.8927
11959.0000 700 624 0.8914
11976.0000 701 624 0.8902
11993.0000 702 624 0.8889
11998.0000 702 625 0.8903
12008.0000 702 626 0.8917
12012.0000 703 626 0.8905
12023.0000 703 627 0.8919
12027.0000 704 627 0.8906
12027.0000 704 628 0.8920
12044.0000 705 628 0.8908
12046.0000 705 629 0.8922
12060.0000 706 629 0.8909
12076.0000 707 629 0.8897
12095.0000 708 629 0.8884
12113.0000 709 629 0.8872
12131.0000 710 629 0.8859
12138.0000 710 630 0.8873
12149.0000 711 630 0.8861
12167.0000 712 630 0.8848
12182.0000 713 630 0.8836
12184.0000 713 631 0.8850
12195.0000 713 632 0.8864
12199.0000 714 632 0.8852
12207.0000 714 633 0.8866
12210.0000 714 634 0.8880
12217.0000 715 634 0.8867
12235.0000 716 634 0.8855
12242.0000 716 635 0.8869
12243.0000 716 636 0.8883
12245.0000 716 637 0.8897
12251.0000 717 637 0.8884
12270.0000 718 637 0.8872
12280.0000 718 638 0.8886
12286.0000 719 638 0.8873
12304.0000 720 638 0.8861
12323.0000 721 638 0.8849
12334.0000 721 639 0.8863
12340.0000 722 639 0.8850
12355.0000 723 639 0.8838
12361.0000 723 640 0.8852
12373.0000 724 640 0.8840
12388.0000 725 640 0.8828
12406.0000 726 640 0.8815
12416.0000 726 641 0.8829
12416.0000 726 642 0.8843
12417.0000 726 643 0.8857
12418.0000 726 644 0.8871
12420.0000 726 645 0.8884
12422.0000 727 645 0.8872
12432.0000 727 646 0.8886
12438.0000 728 646 0.8874
12444.0000 728 647 0.8887
12456.0000 729 647 0.8875
12457.0000 729 648 0.8889
12473.0000 730 648 0.8877
12488.0000 731 648 0.8865
12494.0000 731 649 0.8878
12504.0000 732 649 0.8866
12520.0000 733 649 0.8854
12539.0000 734 649 0.8842
12540.0000 734 650 0.8856
12553.0000 734 651 0.8869
12554.0000 735 651 0.8857
12573.0000 736 651 0.8845
12591.0000 736 652 0.8859
12592.0000 737 652 0.8847
12610.0000 738 652 0.8835
12625.0000 739 652 0.8823
12641.0000 740 652 0.8811
12658.0000 741 652 0.8799
12677.0000 742 652 0.8787
12695.0000 743 652 0.8775
12713.0000 743 653 0.8789
12714.0000 744 653 0.8777
12717.0000 744 654 0.8790
12732.0000 745 654 0.8779
12747.0000 745 655 0.8792
12748.0000 746 655 0.8780
12755.0000 746 656 0.8794
12763.0000 747 656 0.8782
12781.0000 748 656 0.8770
12800.0000 749 656 0.8758
12818.0000 750 656 0.8747
12831.0000 750 657 0.8760
12833.0000 751 657 0.8748
12836.0000 751 658 0.8762
12843.0000 751 659 0.8775
12848.0000 752 659 0.8763
12849.0000 752 660 0.8777
12866.0000 753 660 0.8765
12885.0000 754 660 0.8753
12887.0000 754 661 0.8767
12902.0000 755 661 0.8755
12920.0000 756 661 0.8743
12935.0000 757 661 0.8732
12951.0000 758 661 0.8720
12967.0000 759 661 0.8709
12975.0000 759 662 0.8722
12983.0000 760 662 0.8711
12995.0000 760 663 0.8724
12998.0000 761 663 0.8712
13015.0000 762 663 0.8701
13031.0000 763 663 0.8689
13040.0000 763 664 0.8702
13041.0000 763 665 0.8716
13049.0000 764 665 0.8704
13068.0000 765 665 0.8693
13079.0000 765 666 0.8706
13082.0000 765 667 0.8719
13086.0000 766 667 0.8708
13103.0000 767 667 0.8696
13118.0000 768 667 0.8685
13136.0000 769 667 0.8674
13141.0000 769 668 0.8687
13153.0000 770 668 0.8675
13153.0000 770 669 0.8688
13168.0000 771 669 0.8677
13177.0000 771 670 0.8690
13185.0000 772 670 0.8679
13200.0000 772 671 0.8692
13201.0000 773 671 0.8680
13205.0000 773 672 0.8693
13220.0000 774 672 0.8682
13233.0000 774 673 0.8695
13236.0000 775 673 0.8684
13251.0000 776 673 0.8673
13269.0000 777 673 0.8662
13273.0000 777 674 0.8674
13278.0000 777 675 0.8687
13285.0000 778 675 0.8676
13301.0000 779 675 0.8665
13316.0000 779 676 0.8678
13317.0000 780 676 0.8667
13317.0000 780 677 0.8679
13336.0000 781 677 0.8668
13338.0000 781 678 0.8681
13354