# time  created  delivered  delivered/created
19.0000 1 0 0.0000
34.0000 2 0 0.0000
51.0000 3 0 0.0000
53.0000 3 1 0.3333
58.0000 3 2 0.6667
70.0000 4 2 0.5000
87.0000 5 2 0.4000
88.0000 5 3 0.6000
99.0000 5 4 0.8000
103.0000 6 4 0.6667
105.0000 6 5 0.8333
112.0000 6 6 1.0000
120.0000 7 6 0.8571
130.0000 7 7 1.0000
136.0000 8 7 0.8750
152.0000 8 8 1.0000
155.0000 9 8 0.8889
173.0000 10 8 0.8000
192.0000 11 8 0.7273
208.0000 12 8 0.6667
210.0000 12 9 0.7500
227.0000 13 9 0.6923
235.0000 13 10 0.7692
245.0000 14 10 0.7143
261.0000 15 10 0.6667
276.0000 16 10 0.6250
278.0000 16 11 0.6875
289.0000 16 12 0.7500
293.0000 17 12 0.7059
294.0000 17 13 0.7647
309.0000 18 13 0.7222
328.0000 19 13 0.6842
329.0000 19 14 0.7368
346.0000 20 14 0.7000
365.0000 21 14 0.6667
380.0000 22 14 0.6364
395.0000 23 14 0.6087
410.0000 24 14 0.5833
414.0000 24 15 0.6250
429.0000 25 15 0.6000
445.0000 26 15 0.5769
461.0000 27 15 0.5556
469.0000 27 16 0.5926
480.0000 28 16 0.5714
497.0000 29 16 0.5517
515.0000 30 16 0.5333
519.0000 30 17 0.5667
534.0000 31 17 0.5484
553.0000 32 17 0.5313
570.0000 33 17 0.5152
588.0000 34 17 0.5000
603.0000 34 18 0.5294
607.0000 35 18 0.5143
622.0000 36 18 0.5000
638.0000 37 18 0.4865
656.0000 38 18 0.4737
671.0000 39 18 0.4615
688.0000 40 18 0.4500
707.0000 41 18 0.4390
711.0000 41 19 0.4634
726.0000 42 19 0.4524
741.0000 43 19 0.4419
750.0000 43 20 0.4651
760.0000 44 20 0.4545
779.0000 45 20 0.4444
793.0000 45 21 0.4667
798.0000 46 21 0.4565
813.0000 47 21 0.4468
828.0000 48 21 0.4375
846.0000 49 21 0.4286
861.0000 50 21 0.4200
876.0000 51 21 0.4118
881.0000 51 22 0.4314
885.0000 51 23 0.4510
895.0000 52 23 0.4423
910.0000 52 24 0.4615
914.0000 53 24 0.4528
933.0000 54 24 0.4444
952.0000 55 24 0.4364
969.0000 56 24 0.4286
986.0000 57 24 0.4211
987.0000 57 25 0.4386
1004.0000 58 25 0.4310
1022.0000 59 25 0.4237
1038.0000 60 25 0.4167
1040.0000 60 26 0.4333
1057.0000 61 26 0.4262
1076.0000 62 26 0.4194
1095.0000 63 26 0.4127
1097.0000 63 27 0.4286
1111.0000 64 27 0.4219
1126.0000 65 27 0.4154
1128.0000 65 28 0.4308
1143.0000 66 28 0.4242
1160.0000 67 28 0.4179
1179.0000 68 28 0.4118
1182.0000 68 29 0.4265
1194.0000 68 30 0.4412
1196.0000 69 30 0.4348
1198.0000 69 31 0.4493
1203.0000 69 32 0.4638
1214.0000 70 32 0.4571
1223.0000 70 33 0.4714
1224.0000 70 34 0.4857
1232.0000 71 34 0.4789
1234.0000 71 35 0.4930
1245.0000 71 36 0.5070
1248.0000 71 37 0.5211
1251.0000 72 37 0.5139
1270.0000 73 37 0.5068
1270.0000 73 38 0.5205
1287.0000 74 38 0.5135
1288.0000 74 39 0.5270
1305.0000 75 39 0.5200
1321.0000 76 39 0.5132
1336.0000 77 39 0.5065
1339.0000 77 40 0.5195
1352.0000 78 40 0.5128
1368.0000 79 40 0.5063
1369.0000 79 41 0.5190
1386.0000 80 41 0.5125
1401.0000 81 41 0.5062
1420.0000 82 41 0.5000
1438.0000 83 41 0.4940
1453.0000 84 41 0.4881
1468.0000 85 41 0.4824
1471.0000 85 42 0.4941
1484.0000 86 42 0.4884
1485.0000 86 43 0.5000
1495.0000 86 44 0.5116
1502.0000 87 44 0.5057
1510.0000 87 45 0.5172
1517.0000 88 45 0.5114
1536.0000 89 45 0.5056
1537.0000 89 46 0.5169
1547.0000 89 47 0.5281
1552.0000 90 47 0.5222
1570.0000 91 47 0.5165
1571.0000 91 48 0.5275
1586.0000 92 48 0.5217
1590.0000 92 49 0.5326
1601.0000 93 49 0.5269
1617.0000 94 49 0.5213
1629.0000 94 50 0.5319
1634.0000 95 50 0.5263
1649.0000 96 50 0.5208
1668.0000 97 50 0.5155
1684.0000 98 50 0.5102
1688.0000 98 51 0.5204
1690.0000 98 52 0.5306
1698.0000 98 53 0.5408
1703.0000 99 53 0.5354
1718.0000 100 53 0.5300
1731.0000 100 54 0.5400
1735.0000 101 54 0.5347
1739.0000 101 55 0.5446
1750.0000 102 55 0.5392
1765.0000 103 55 0.5340
1783.0000 104 55 0.5288
1802.0000 105 55 0.5238
1804.0000 105 56 0.5333
1818.0000 106 56 0.5283
1833.0000 107 56 0.5234
1848.0000 108 56 0.5185
1855.0000 108 57 0.5278
1863.0000 109 57 0.5229
1878.0000 109 58 0.5321
1881.0000 110 58 0.5273
1900.0000 111 58 0.5225
1918.0000 112 58 0.5179
1934.0000 112 59 0.5268
1937.0000 113 59 0.5221
1954.0000 114 59 0.5175
1970.0000 115 59 0.5130
1989.0000 116 59 0.5086
2008.0000 117 59 0.5043
2024.0000 118 59 0.5000
2038.0000 118 60 0.5085
2043.0000 119 60 0.5042
2052.0000 119 61 0.5126
2059.0000 119 62 0.5210
2061.0000 120 62 0.5167
2073.0000 120 63 0.5250
2076.0000 121 63 0.5207
2079.0000 121 64 0.5289
2090.0000 121 65 0.5372
2095.0000 122 65 0.5328
2107.0000 122 66 0.5410
2112.0000 123 66 0.5366
2131.0000 124 66 0.5323
2148.0000 125 66 0.5280
2163.0000 126 66 0.5238
2179.0000 127 66 0.5197
2195.0000 128 66 0.5156
2213.0000 129 66 0.5116
2232.0000 130 66 0.5077
2243.0000 130 67 0.5154
2247.0000 130 68 0.5231
2248.0000 131 68 0.5191
2264.0000 132 68 0.5152
2269.0000 132 69 0.5227
2270.0000 132 70 0.5303
2272.0000 132 71 0.5379
2283.0000 133 71 0.5338
2297.0000 133 72 0.5414
2302.0000 134 72 0.5373
2308.0000 134 73 0.5448
2316.0000 134 74 0.5522
2321.0000 135 74 0.5481
2325.0000 135 75 0.5556
2334.0000 135 76 0.5630
2336.0000 136 76 0.5588
2341.0000 136 77 0.5662
2347.0000 136 78 0.5735
2352.0000 137 78 0.5693
2367.0000 138 78 0.5652
2370.0000 138 79 0.5725
2375.0000 138 80 0.5797
2385.0000 139 80 0.5755
2404.0000 140 80 0.5714
2413.0000 140 81 0.5786
2423.0000 141 81 0.5745
2423.0000 141 82 0.5816
2424.0000 141 83 0.5887
2430.0000 141 84 0.5957
2435.0000 141 85 0.6028
2438.0000 142 85 0.5986
2438.0000 142 86 0.6056
2447.0000 142 87 0.6127
2456.0000 143 87 0.6084
2472.0000 144 87 0.6042
2476.0000 144 88 0.6111
2478.0000 144 89 0.6181
2481.0000 144 90 0.6250
2486.0000 144 91 0.6319
2489.0000 145 91 0.6276
2507.0000 146 91 0.6233
2508.0000 146 92 0.6301
2511.0000 146 93 0.6370
2523.0000 147 93 0.6327
2528.0000 147 94 0.6395
2538.0000 148 94 0.6351
2540.0000 148 95 0.6419
2557.0000 149 95 0.6376
2569.0000 149 96 0.6443
2575.0000 150 96 0.6400
2591.0000 151 96 0.6358
2606.0000 152 96 0.6316
2623.0000 153 96 0.6275
2640.0000 154 96 0.6234
2655.0000 155 96 0.6194
2661.0000 155 97 0.6258
2671.0000 156 97 0.6218
2689.0000 157 97 0.6178
2706.0000 158 97 0.6139
2708.0000 158 98 0.6203
2725.0000 159 98 0.6164
2730.0000 159 99 0.6226
2741.0000 160 99 0.6188
2757.0000 161 99 0.6149
2771.0000 161 100 0.6211
2772.0000 162 100 0.6173
2787.0000 163 100 0.6135
2802.0000 164 100 0.6098
2817.0000 165 100 0.6061
2834.0000 165 101 0.6121
2835.0000 166 101 0.6084
2853.0000 167 101 0.6048
2856.0000 167 102 0.6108
2868.0000 168 102 0.6071
2886.0000 169 102 0.6036
2902.0000 170 102 0.6000
2917.0000 171 102 0.5965
2925.0000 171 103 0.6023
2926.0000 171 104 0.6082
2926.0000 171 105 0.6140
2927.0000 171 106 0.6199
2933.0000 172 106 0.6163
2952.0000 173 106 0.6127
2968.0000 174 106 0.6092
2984.0000 175 106 0.6057
3000.0000 176 106 0.6023
3006.0000 176 107 0.6080
3015.0000 177 107 0.6045
3023.0000 177 108 0.6102
3028.0000 177 109 0.6158
3031.0000 178 109 0.6124
3043.0000 178 110 0.6180
3049.0000 178 111 0.6236
3050.0000 179 111 0.6201
3050.0000 179 112 0.6257
3058.0000 179 113 0.6313
3065.0000 180 113 0.6278
3068.0000 180 114 0.6333
3080.0000 181 114 0.6298
3082.0000 181 115 0.6354
3097.0000 182 115 0.6319
3116.0000 183 115 0.6284
3135.0000 184 115 0.6250
3141.0000 184 116 0.6304
3153.0000 185 116 0.6270
3170.0000 186 116 0.6237
3171.0000 186 117 0.6290
3185.0000 187 117 0.6257
3197.0000 187 118 0.6310
3202.0000 188 118 0.6277
3219.0000 189 118 0.6243
3235.0000 190 118 0.6211
3251.0000 191 118 0.6178
3261.0000 191 119 0.6230
3270.0000 192 119 0.6198
3289.0000 193 119 0.6166
3308.0000 194 119 0.6134
3311.0000 194 120 0.6186
3314.0000 194 121 0.6237
3319.0000 194 122 0.6289
3323.0000 195 122 0.6256
3324.0000 195 123 0.6308
3338.0000 196 123 0.6276
3357.0000 197 123 0.6244
3372.0000 197 124 0.6294
3373.0000 198 124 0.6263
3388.0000 199 124 0.6231
3400.0000 199 125 0.6281
3400.0000 199 126 0.6332
3407.0000 200 126 0.6300
3425.0000 201 126 0.6269
3442.0000 202 126 0.6238
3458.0000 203 126 0.6207
3460.0000 203 127 0.6256
3465.0000 203 128 0.6305
3474.0000 203 129 0.6355
3475.0000 204 129 0.6324
3492.0000 205 129 0.6293
3496.0000 205 130 0.6341
3497.0000 205 131 0.6390
3511.0000 206 131 0.6359
3529.0000 207 131 0.6329
3534.0000 207 132 0.6377
3538.0000 207 133 0.6425
3544.0000 207 134 0.6473
3547.0000 208 134 0.6442
3566.0000 209 134 0.6411
3569.0000 209 135 0.6459
3570.0000 209 136 0.6507
3576.0000 209 137 0.6555
3581.0000 210 137 0.6524
3600.0000 211 137 0.6493
3610.0000 211 138 0.6540
3611.0000 211 139 0.6588
3617.0000 212 139 0.6557
3618.0000 212 140 0.6604
3622.0000 212 141 0.6651
3632.0000 213 141 0.6620
3633.0000 213 142 0.6667
3634.0000 213 143 0.6714
3648.0000 214 143 0.6682
3649.0000 214 144 0.6729
3653.0000 214 145 0.6776
3665.0000 215 145 0.6744
3668.0000 215 146 0.6791
3680.0000 216 146 0.6759
3691.0000 216 147 0.6806
3695.0000 217 147 0.6774
3705.0000 217 148 0.6820
3710.0000 218 148 0.6789
3713.0000 218 149 0.6835
3715.0000 218 150 0.6881
3721.0000 218 151 0.6927
3729.0000 219 151 0.6895
3748.0000 220 151 0.6864
3766.0000 221 151 0.6833
3784.0000 222 151 0.6802
3797.0000 222 152 0.6847
3802.0000 223 152 0.6816
3807.0000 223 153 0.6861
3821.0000 224 153 0.6830
3830.0000 224 154 0.6875
3838.0000 225 154 0.6844
3843.0000 225 155 0.6889
3847.0000 225 156 0.6933
3856.0000 226 156 0.6903
3873.0000 226 157 0.6947
3874.0000 227 157 0.6916
3879.0000 227 158 0.6960
3892.0000 228 158 0.6930
3899.0000 228 159 0.6974
3909.0000 229 159 0.6943
3911.0000 229 160 0.6987
3926.0000 230 160 0.6957
3945.0000 231 160 0.6926
3946.0000 231 161 0.6970
3960.0000 232 161 0.6940
3974.0000 232 162 0.6983
3975.0000 232 163 0.7026
3978.0000 233 163 0.6996
3985.0000 233 164 0.7039
3992.0000 233 165 0.7082
3993.0000 233 166 0.7124
3995.0000 234 166 0.7094
4006.0000 234 167 0.7137
4014.0000 235 167 0.7106
4032.0000 235 168 0.7149
4033.0000 236 168 0.7119
4034.0000 236 169 0.7161
4036.0000 236 170 0.7203
4052.0000 237 170 0.7173
4069.0000 238 170 0.7143
4087.0000 239 170 0.7113
4099.0000 239 171 0.7155
4104.0000 239 172 0.7197
4105.0000 240 172 0.7167
4105.0000 240 173 0.7208
4118.0000 240 174 0.7250
4124.0000 241 174 0.7220
4133.0000 241 175 0.7261
4140.0000 242 175 0.7231
4145.0000 242 176 0.7273
4158.0000 243 176 0.7243
4177.0000 244 176 0.7213
4195.0000 245 176 0.7184
4214.0000 246 176 0.7154
4232.0000 247 176 0.7126
4251.0000 248 176 0.7097
4266.0000 248 177 0.7137
4267.0000 249 177 0.7108
4282.0000 250 177 0.7080
4292.0000 250 178 0.7120
4298.0000 251 178 0.7092
4315.0000 252 178 0.7063
4330.0000 253 178 0.7036
4345.0000 254 178 0.7008
4349.0000 254 179 0.7047
4362.0000 255 179 0.7020
4371.0000 255 180 0.7059
4378.0000 256 180 0.7031
4393.0000 256 181 0.7070
4396.0000 257 181 0.7043
4397.0000 257 182 0.7082
4403.0000 257 183 0.7121
4406.0000 257 184 0.7160
4412.0000 258 184 0.7132
4416.0000 258 185 0.7171
4421.0000 258 186 0.7209
4429.0000 259 186 0.7181
4434.0000 259 187 0.7220
4444.0000 259 188 0.7259
4448.0000 260 188 0.7231
4465.0000 261 188 0.7203
4472.0000 261 189 0.7241
4481.0000 262 189 0.7214
4496.0000 263 189 0.7186
4496.0000 263 190 0.7224
4498.0000 263 191 0.7262
4511.0000 264 191 0.7235
4513.0000 264 192 0.7273
4526.0000 265 192 0.7245
4543.0000 266 192 0.7218
4552.0000 266 193 0.7256
4554.0000 266 194 0.7293
4558.0000 267 194 0.7266
4565.0000 267 195 0.7303
4573.0000 267 196 0.7341
4574.0000 267 197 0.7378
4576.0000 268 197 0.7351
4583.0000 268 198 0.7388
4593.0000 269 198 0.7361
4611.0000 270 198 0.7333
4624.0000 270 199 0.7370
4629.0000 271 199 0.7343
4636.0000 271 200 0.7380
4645.0000 272 200 0.7353
4664.0000 273 200 0.7326
4682.0000 274 200 0.7299
4686.0000 274 201 0.7336
4686.0000 274 202 0.7372
4693.0000 274 203 0.7409
4697.0000 275 203 0.7382
4712.0000 276 203 0.7355
4713.0000 276 204 0.7391
4721.0000 276 205 0.7428
4730.0000 277 205 0.7401
4735.0000 277 206 0.7437
4748.0000 278 206 0.7410
4758.0000 278 207 0.7446
4762.0000 278 208 0.7482
4764.0000 278 209 0.7518
4765.0000 279 209 0.7491
4782.0000 280 209 0.7464
4794.0000 280 210 0.7500
4794.0000 280 211 0.7536
4797.0000 281 211 0.7509
4816.0000 282 211 0.7482
4819.0000 282 212 0.7518
4822.0000 282 213 0.7553
4829.0000 282 214 0.7589
4833.0000 283 214 0.7562
4844.0000 283 215 0.7597
4849.0000 283 216 0.7633
4850.0000 284 216 0.7606
4865.0000 285 216 0.7579
4881.0000 286 216 0.7552
4885.0000 286 217 0.7587
4895.0000 286 218 0.7622
4897.0000 287 218 0.7596
4915.0000 288 218 0.7569
4926.0000 288 219 0.7604
4932.0000 289 219 0.7578
4936.0000 289 220 0.7612
4948.0000 290 220 0.7586
4965.0000 291 220 0.7560
4984.0000 292 220 0.7534
5002.0000 293 220 0.7509
5007.0000 293 221 0.7543
5020.0000 294 221 0.7517
5039.0000 295 221 0.7492
5045.0000 295 222 0.7525
5055.0000 295 223 0.7559
5057.0000 296 223 0.7534
5057.0000 296 224 0.7568
5059.0000 296 225 0.7601
5073.0000 297 225 0.7576
5092.0000 298 225 0.7550
5109.0000 299 225 0.7525
5128.0000 300 225 0.7500
5132.0000 300 226 0.7533
5133.0000 300 227 0.7567
5134.0000 300 228 0.7600
5146.0000 301 228 0.7575
5161.0000 302 228 0.7550
5177.0000 303 228 0.7525
5189.0000 303 229 0.7558
5193.0000 304 229 0.7533
5206.0000 304 230 0.7566
5209.0000 304 231 0.7599
5211.0000 305 231 0.7574
5227.0000 306 231 0.7549
5244.0000 307 231 0.7524
5244.0000 307 232 0.7557
5260.0000 308 232 0.7532
5263.0000 308 233 0.7565
5278.0000 309 233 0.7540
5294.0000 310 233 0.7516
5313.0000 311 233 0.7492
5317.0000 311 234 0.7524
5329.0000 312 234 0.7500
5332.0000 312 235 0.7532
5348.0000 313 235 0.7508
5364.0000 314 235 0.7484
5381.0000 315 235 0.7460
5382.0000 315 236 0.7492
5397.0000 316 236 0.7468
5412.0000 317 236 0.7445
5419.0000 317 237 0.7476
5422.0000 317 238 0.7508
5431.0000 318 238 0.7484
5449.0000 319 238 0.7461
5465.0000 320 238 0.7438
5484.0000 321 238 0.7414
5502.0000 322 238 0.7391
5510.0000 322 239 0.7422
5519.0000 323 239 0.7399
5535.0000 324 239 0.7377
5551.0000 325 239 0.7354
5566.0000 326 239 0.7331
5585.0000 327 239 0.7309
5601.0000 328 239 0.7287
5615.0000 328 240 0.7317
5618.0000 329 240 0.7295
5630.0000 329 241 0.7325
5633.0000 329 242 0.7356
5637.0000 330 242 0.7333
5638.0000 330 243 0.7364
5650.0000 330 244 0.7394
5654.0000 331 244 0.7372
5664.0000 331 245 0.7402
5671.0000 331 246 0.7432
5672.0000 332 246 0.7410
5681.0000 332 247 0.7440
5685.0000 332 248 0.7470
5690.0000 333 248 0.7447
5698.0000 333 249 0.7477
5705.0000 334 249 0.7455
5713.0000 334 250 0.7485
5721.0000 335 250 0.7463
5732.0000 335 251 0.7493
5738.0000 336 251 0.7470
5738.0000 336 252 0.7500
5755.0000 337 252 0.7478
5771.0000 338 252 0.7456
5772.0000 338 253 0.7485
5786.0000 338 254 0.7515
5787.0000 339 254 0.7493
5789.0000 339 255 0.7522
5805.0000 340 255 0.7500
5811.0000 340 256 0.7529
5823.0000 341 256 0.7507
5842.0000 342 256 0.7485
5861.0000 343 256 0.7464
5879.0000 344 256 0.7442
5880.0000 344 257 0.7471
5894.0000 345 257 0.7449
5904.0000 345 258 0.7478
5911.0000 346 258 0.7457
5911.0000 346 259 0.7486
5911.0000 346 260 0.7514
5930.0000 347 260 0.7493
5945.0000 348 260 0.7471
5963.0000 349 260 0.7450
5982.0000 350 260 0.7429
5983.0000 350 261 0.7457
5999.0000 351 261 0.7436
6018.0000 352 261 0.7415
6026.0000 352 262 0.7443
6035.0000 353 262 0.7422
6053.0000 354 262 0.7401
6066.0000 354 263 0.7429
6068.0000 355 263 0.7408
6080.0000 355 264 0.7437
6083.0000 356 264 0.7416
6095.0000 356 265 0.7444
6102.0000 357 265 0.7423
6117.0000 358 265 0.7402
6134.0000 359 265 0.7382
6137.0000 359 266 0.7409
6144.0000 359 267 0.7437
6145.0000 359 268 0.7465
6147.0000 359 269 0.7493
6151.0000 360 269 0.7472
6166.0000 361 269 0.7452
6184.0000 362 269 0.7431
6198.0000 362 270 0.7459
6203.0000 363 270 0.7438
6218.0000 364 270 0.7418
6221.0000 364 271 0.7445
6237.0000 365 271 0.7425
6255.0000 365 272 0.7452
6256.0000 366 272 0.7432
6257.0000 366 273 0.7459
6261.0000 366 274 0.7486
6271.0000 367 274 0.7466
6288.0000 368 274 0.7446
6307.0000 369 274 0.7425
6315.0000 369 275 0.7453
6325.0000 370 275 0.7432
6341.0000 371 275 0.7412
6342.0000 371 276 0.7439
6357.0000 372 276 0.7419
6369.0000 372 277 0.7446
6376.0000 373 277 0.7426
6378.0000 373 278 0.7453
6391.0000 374 278 0.7433
6406.0000 375 278 0.7413
6424.0000 376 278 0.7394
6440.0000 377 278 0.7374
6440.0000 377 279 0.7401
6442.0000 377 280 0.7427
6443.0000 377 281 0.7454
6449.0000 377 282 0.7480
6452.0000 377 283 0.7507
6456.0000 378 283 0.7487
6474.0000 379 283 0.7467
6477.0000 379 284 0.7493
6482.0000 379 285 0.7520
6483.0000 379 286 0.7546
6488.0000 379 287 0.7573
6491.0000 380 287 0.7553
6494.0000 380 288 0.7579
6506.0000 381 288 0.7559
6518.0000 381 289 0.7585
6520.0000 381 290 0.7612
6521.0000 382 290 0.7592
6539.0000 383 290 0.7572
6556.0000 384 290 0.7552
6556.0000 384 291 0.7578
6572.0000 385 291 0.7558
6588.0000 385 292 0.7584
6590.0000 386 292 0.7565
6607.0000 387 292 0.7545
6626.0000 388 292 0.7526
6636.0000 388 293 0.7552
6644.0000 389 293 0.7532
6657.0000 389 294 0.7558
6657.0000 389 295 0.7584
6663.0000 390 295 0.7564
6679.0000 391 295 0.7545
6685.0000 391 296 0.7570
6694.0000 392 296 0.7551
6712.0000 392 297 0.7577
6713.0000 393 297 0.7557
6730.0000 394 297 0.7538
6731.0000 394 298 0.7563
6743.0000 394 299 0.7589
6746.0000 395 299 0.7570
6763.0000 396 299 0.7551
6779.0000 397 299 0.7531
6783.0000 397 300 0.7557
6796.0000 398 300 0.7538
6798.0000 398 301 0.7563
6812.0000 399 301 0.7544
6813.0000 399 302 0.7569
6823.0000 399 303 0.7594
6827.0000 400 303 0.7575
6842.0000 401 303 0.7556
6859.0000 401 304 0.7581
6860.0000 402 304 0.7562
6862.0000 402 305 0.7587
6864.0000 402 306 0.7612
6867.0000 402 307 0.7637
6867.0000 402 308 0.7662
6871.0000 402 309 0.7687
6877.0000 403 309 0.7667
6893.0000 404 309 0.7649
6894.0000 404 310 0.7673
6904.0000 404 311 0.7698
6911.0000 405 311 0.7679
6921.0000 405 312 0.7704
6924.0000 405 313 0.7728
6927.0000 406 313 0.7709
6932.0000 406 314 0.7734
6943.0000 407 314 0.7715
6949.0000 407 315 0.7740
6950.0000 407 316 0.7764
6959.0000 408 316 0.7745
6972.0000 408 317 0.7770
6974.0000 408 318 0.7794
6976.0000 409 318 0.7775
6991.0000 410 318 0.7756
6993.0000 410 319 0.7780
7002.0000 410 320 0.7805
7007.0000 411 320 0.7786
7023.0000 412 320 0.7767
7036.0000 412 321 0.7791
7038.0000 413 321 0.7772
7048.0000 413 322 0.7797
7053.0000 414 322 0.7778
7056.0000 414 323 0.7802
7068.0000 415 323 0.7783
7069.0000 415 324 0.7807
7083.0000 416 324 0.7788
7088.0000 416 325 0.7813
7102.0000 417 325 0.7794
7104.0000 417 326 0.7818
7116.0000 417 327 0.7842
7118.0000 417 328 0.7866
7121.0000 418 328 0.7847
7139.0000 419 328 0.7828
7154.0000 419 329 0.7852
7155.0000 420 329 0.7833
7172.0000 421 329 0.7815
7190.0000 422 329 0.7796
7206.0000 423 329 0.7778
7216.0000 423 330 0.7801
7222.0000 424 330 0.7783
7223.0000 424 331 0.7807
7225.0000 424 332 0.7830
7231.0000 424 333 0.7854
7231.0000 424 334 0.7877
7232.0000 424 335 0.7901
7234.0000 424 336 0.7925
7236.0000 424 337 0.7948
7239.0000 424 338 0.7972
7240.0000 425 338 0.7953
7257.0000 426 338 0.7934
7273.0000 427 338 0.7916
7277.0000 427 339 0.7939
7289.0000 427 340 0.7963
7290.0000 427 341 0.7986
7292.0000 428 341 0.7967
7309.0000 429 341 0.7949
7319.0000 429 342 0.7972
7320.0000 429 343 0.7995
7327.0000 430 343 0.7977
7345.0000 431 343 0.7958
7359.0000 431 344 0.7981
7364.0000 432 344 0.7963
7366.0000 432 345 0.7986
7380.0000 433 345 0.7968
7399.0000 434 345 0.7949
7399.0000 434 346 0.7972
7414.0000 435 346 0.7954
7429.0000 436 346 0.7936
7431.0000 436 347 0.7959
7431.0000 436 348 0.7982
7440.0000 436 349 0.8005
7446.0000 437 349 0.7986
7455.0000 437 350 0.8009
7465.0000 438 350 0.7991
7482.0000 439 350 0.7973
7500.0000 440 350 0.7955
7518.0000 441 350 0.7937
7528.0000 441 351 0.7959
7535.0000 441 352 0.7982
7537.0000 442 352 0.7964
7538.0000 442 353 0.7986
7544.0000 442 354 0.8009
7546.0000 442 355 0.8032
7556.0000 443 355 0.8014
7571.0000 444 355 0.7995
7577.0000 444 356 0.8018
7578.0000 444 357 0.8041
7587.0000 445 357 0.8022
7604.0000 446 357 0.8004
7619.0000 447 357 0.7987
7623.0000 447 358 0.8009
7635.0000 448 358 0.7991
7636.0000 448 359 0.8013
7651.0000 448 360 0.8036
7654.0000 449 360 0.8018
7672.0000 450 360 0.8000
7691.0000 451 360 0.7982
7706.0000 452 360 0.7965
7715.0000 452 361 0.7987
7723.0000 452 362 0.8009
7725.0000 453 362 0.7991
7741.0000 453 363 0.8013
7742.0000 454 363 0.7996
7742.0000 454 364 0.8018
7743.0000 454 365 0.8040
7746.0000 454 366 0.8062
7757.0000 455 366 0.8044
7764.0000 455 367 0.8066
7769.0000 455 368 0.8088
7774.0000 456 368 0.8070
7778.0000 456 369 0.8092
7789.0000 456 370 0.8114
7790.0000 457 370 0.8096
7804.0000 457 371 0.8118
7806.0000 458 371 0.8100
7824.0000 459 371 0.8083
7842.0000 460 371 0.8065
7859.0000 461 371 0.8048
7863.0000 461 372 0.8069
7878.0000 462 372 0.8052
7895.0000 463 372 0.8035
7904.0000 463 373 0.8056
7910.0000 464 373 0.8039
7928.0000 465 373 0.8022
7943.0000 466 373 0.8004
7961.0000 467 373 0.7987
7976.0000 467 374 0.8009
7977.0000 468 374 0.7991
7994.0000 469 374 0.7974
8004.0000 469 375 0.7996
8013.0000 470 375 0.7979
8017.0000 470 376 0.8000
8019.0000 470 377 0.8021
8028.0000 471 377 0.8004
8045.0000 471 378 0.8025
8046.0000 472 378 0.8008
8065.0000 473 378 0.7992
8082.0000 474 378 0.7975
8093.0000 474 379 0.7996
8095.0000 474 380 0.8017
8097.0000 475 380 0.8000
8099.0000 475 381 0.8021
8113.0000 476 381 0.8004
8132.0000 477 381 0.7987
8147.0000 478 381 0.7971
8163.0000 479 381 0.7954
8182.0000 480 381 0.7938
8198.0000 481 381 0.7921
8201.0000 481 382 0.7942
8208.0000 481 383 0.7963
8209.0000 481 384 0.7983
8210.0000 481 385 0.8004
8214.0000 482 385 0.7988
8230.0000 483 385 0.7971
8247.0000 484 385 0.7955
8256.0000 484 386 0.7975
8258.0000 484 387 0.7996
8266.0000 485 387 0.7979
8281.0000 486 387 0.7963
8281.0000 486 388 0.7984
8283.0000 486 389 0.8004
8296.0000 487 389 0.7988
8301.0000 487 390 0.8008
8313.0000 488 390 0.7992
8331.0000 489 390 0.7975
8349.0000 490 390 0.7959
8364.0000 490 391 0.7980
8364.0000 490 392 0.8000
8367.0000 491 392 0.7984
8375.0000 491 393 0.8004
8386.0000 492 393 0.7988
8403.0000 493 393 0.7972
8406.0000 493 394 0.7992
8408.0000 493 395 0.8012
8422.0000 494 395 0.7996
8437.0000 495 395 0.7980
8447.0000 495 396 0.8000
8449.0000 495 397 0.8020
8454.0000 496 397 0.8004
8460.0000 496 398 0.8024
8461.0000 496 399 0.8044
8470.0000 497 399 0.8028
8488.0000 498 399 0.8012
8502.0000 498 400 0.8032
8504.0000 499 400 0.8016
8522.0000 500 400 0.8000
8540.0000 501 400 0.7984
8542.0000 501 401 0.8004
8545.0000 501 402 0.8024
8558.0000 502 402 0.8008
8574.0000 503 402 0.7992
8590.0000 503 403 0.8012
8591.0000 504 403 0.7996
8607.0000 505 403 0.7980
8616.0000 505 404 0.8000
8624.0000 506 404 0.7984
8643.0000 507 404 0.7968
8645.0000 507 405 0.7988
8659.0000 508 405 0.7972
8660.0000 508 406 0.7992
8675.0000 509 406 0.7976
8690.0000 510 406 0.7961
8690.0000 510 407 0.7980
8694.0000 510 408 0.8000
8706.0000 511 408 0.7984
8713.0000 511 409 0.8004
8716.0000 511 410 0.8023
8724.0000 512 410 0.8008
8727.0000 512 411 0.8027
8729.0000 512 412 0.8047
8742.0000 513 412 0.8031
8756.0000 513 413 0.8051
8757.0000 513 414 0.8070
8761.0000 514 414 0.8054
8762.0000 514 415 0.8074
8762.0000 514 416 0.8093
8763.0000 514 417 0.8113
8765.0000 514 418 0.8132
8766.0000 514 419 0.8152
8778.0000 515 419 0.8136
8785.0000 515 420 0.8155
8795.0000 516 420 0.8140
8808.0000 516 421 0.8159
8812.0000 517 421 0.8143
8812.0000 517 422 0.8162
8817.0000 517 423 0.8182
8822.0000 517 424 0.8201
8831.0000 518 424 0.8185
8831.0000 518 425 0.8205
8837.0000 518 426 0.8224
8849.0000 519 426 0.8208
8865.0000 520 426 0.8192
8881.0000 521 426 0.8177
8891.0000 521 427 0.8196
8896.0000 522 427 0.8180
8902.0000 522 428 0.8199
8910.0000 522 429 0.8218
8915.0000 523 429 0.8203
8921.0000 523 430 0.8222
8932.0000 524 430 0.8206
8949.0000 525 430 0.8190
8968.0000 526 430 0.8175
8973.0000 526 431 0.8194
8975.0000 526 432 0.8213
8985.0000 527 432 0.8197
8986.0000 527 433 0.8216
8987.0000 527 434 0.8235
8997.0000 527 435 0.8254
9004.0000 528 435 0.8239
9010.0000 528 436 0.8258
9021.0000 528 437 0.8277
9022.0000 529 437 0.8261
9040.0000 530 437 0.8245
9055.0000 531 437 0.8230
9071.0000 532 437 0.8214
9090.0000 533 437 0.8199
9103.0000 533 438 0.8218
9106.0000 533 439 0.8236
9108.0000 534 439 0.8221
9125.0000 535 439 0.8206
9144.0000 536 439 0.8190
9162.0000 537 439 0.8175
9173.0000 537 440 0.8194
9178.0000 538 440 0.8178
9194.0000 539 440 0.8163
9195.0000 539 441 0.8182
9207.0000 539 442 0.8200
9208.0000 539 443 0.8219
9211.0000 540 443 0.8204
9218.0000 540 444 0.8222
9226.0000 541 444 0.8207
9230.0000 541 445 0.8226
9243.0000 542 445 0.8210
9261.0000 543 445 0.8195
9278.0000 544 445 0.8180
9278.0000 544 446 0.8199
9296.0000 545 446 0.8183
9306.0000 545 447 0.8202
9312.0000 546 447 0.8187
9317.0000 546 448 0.8205
9331.0000 547 448 0.8190
9347.0000 547 449 0.8208
9350.0000 548 449 0.8193
9365.0000 548 450 0.8212
9369.0000 549 450 0.8197
9374.0000 549 451 0.8215
9377.0000 549 452 0.8233
9387.0000 550 452 0.8218
9387.0000 550 453 0.8236
9392.0000 550 454 0.8255
9406.0000 551 454 0.8240
9413.0000 551 455 0.8258
9424.0000 552 455 0.8243
9434.0000 552 456 0.8261
9439.0000 553 456 0.8246
9449.0000 553 457 0.8264
9455.0000 554 457 0.8249
9458.0000 554 458 0.8267
9458.0000 554 459 0.8285
9460.0000 554 460 0.8303
9470.0000 554 461 0.8321
9471.0000 555 461 0.8306
9487.0000 556 461 0.8291
9497.0000 556 462 0.8309
9505.0000 557 462 0.8294
9522.0000 558 462 0.8280
9522.0000 558 463 0.8297
9535.0000 558 464 0.8315
9541.0000 559 464 0.8301
9541.0000 559 465 0.8318
9559.0000 560 465 0.8304
9571.0000 560 466 0.8321
9572.0000 560 467 0.8339
9577.0000 561 467 0.8324
9594.0000 562 467 0.8310
9599.0000 562 468 0.8327
9610.0000 563 468 0.8313
9616.0000 563 469 0.8330
9625.0000 564 469 0.8316
9642.0000 564 470 0.8333
9643.0000 565 470 0.8319
9643.0000 565 471 0.8336
9660.0000 566 471 0.8322
9675.0000 566 472 0.8339
9677.0000 567 472 0.8325
9689.0000 567 473 0.8342
9696.0000 568 473 0.8327
9696.0000 568 474 0.8345
9704.0000 568 475 0.8363
9705.0000 568 476 0.8380
9706.0000 568 477 0.8398
9711.0000 569 477 0.8383
9721.0000 569 478 0.8401
9722.0000 569 479 0.8418
9722.0000 569 480 0.8436
9724.0000 569 481 0.8453
9725.0000 569 482 0.8471
9730.0000 570 482 0.8456
9745.0000 571 482 0.8441
9751.0000 571 483 0.8459
9759.0000 571 484 0.8476
9763.0000 572 484 0.8462
9778.0000 573 484 0.8447
9778.0000 573 485 0.8464
9797.0000 574 485 0.8449
9815.0000 575 485 0.8435
9829.0000 575 486 0.8452
9834.0000 576 486 0.8438
9853.0000 577 486 0.8423
9871.0000 578 486 0.8408
9882.0000 578 487 0.8426
9886.0000 579 487 0.8411
9892.0000 579 488 0.8428
9901.0000 579 489 0.8446
9902.0000 580 489 0.8431
9905.0000 580 490 0.8448
9911.0000 580 491 0.8466
9912.0000 580 492 0.8483
9920.0000 581 492 0.8468
9927.0000 581 493 0.8485
9935.0000 581 494 0.8503
9938.0000 582 494 0.8488
9955.0000 583 494 0.8473
9973.0000 584 494 0.8459
9979.0000 584 495 0.8476
9989.0000 585 495 0.8462
9989.0000 585 496 0.8479
9995.0000 585 497 0.8496
10005.0000 586 497 0.8481
10013.0000 586 498 0.8498
10024.0000 587 498 0.8484
10024.0000 587 499 0.8501
10025.0000 587 500 0.8518
10036.0000 587 501 0.8535
10040.0000 588 501 0.8520
10049.0000 588 502 0.8537
10059.0000 589 502 0.8523
10064.0000 589 503 0.8540
10072.0000 589 504 0.8557
10076.0000 590 504 0.8542
10086.0000 590 505 0.8559
10094.0000 591 505 0.8545
10106.0000 591 506 0.8562
10111.0000 592 506 0.8547
10126.0000 592 507 0.8564
10129.0000 592 508 0.8581
10130.0000 593 508 0.8567
10147.0000 594 508 0.8552
10157.0000 594 509 0.8569
10165.0000 595 509 0.8555
10171.0000 595 510 0.8571
10177.0000 595 511 0.8588
10180.0000 595 512 0.8605
10181.0000 596 512 0.8591
10186.0000 596 513 0.8607
10197.0000 597 513 0.8593
10200.0000 597 514 0.8610
10212.0000 597 515 0.8626
10214.0000 598 515 0.8612
10215.0000 598 516 0.8629
10233.0000 599 516 0.8614
10236.0000 599 517 0.8631
10241.0000 599 518 0.8648
10242.0000 599 519 0.8664
10243.0000 599 520 0.8681
10248.0000 600 520 0.8667
10257.0000 600 521 0.8683
10267.0000 601 521 0.8669
10284.0000 602 521 0.8654
10286.0000 602 522 0.8671
10296.0000 602 523 0.8688
10300.0000 603 523 0.8673
10319.0000 604 523 0.8659
10320.0000 604 524 0.8675
10321.0000 604 525 0.8692
10330.0000 604 526 0.8709
10338.0000 605 526 0.8694
10353.0000 605 527 0.8711
10355.0000 605 528 0.8727
10357.0000 606 528 0.8713
10372.0000 607 528 0.8699
10374.0000 607 529 0.8715
10391.0000 608 529 0.8701
10409.0000 608 530 0.8717
10410.0000 609 530 0.8703
10424.0000 609 531 0.8719
10429.0000 610 531 0.8705
10444.0000 611 531 0.8691
10461.0000 612 531 0.8676
10465.0000 612 532 0.8693
10476.0000 613 532 0.8679
10487.0000 613 533 0.8695
10493.0000 613 534 0.8711
10494.0000 614 534 0.8697
10499.0000 614 535 0.8713
10501.0000 614 536 0.8730
10509.0000 614 537 0.8746
10510.0000 615 537 0.8732
10526.0000 616 537 0.8718
10532.0000 616 538 0.8734
10538.0000 616 539 0.8750
10542.0000 617 539 0.8736
10549.0000 617 540 0.8752
10560.0000 618 540 0.8738
10575.0000 619 540 0.8724
10579.0000 619 541 0.8740
10590.0000 620 541 0.8726
10607.0000 620 542 0.8742
10609.0000 621 542 0.8728
10625.0000 622 542 0.8714
10642.0000 623 542 0.8700
10656.0000 623 543 0.8716
10658.0000 624 543 0.8702
10666.0000 624 544 0.8718
10666.0000 624 545 0.8734
10674.0000 624 546 0.8750
10675.0000 625 546 0.8736
10676.0000 625 547 0.8752
10679.0000 625 548 0.8768
10694.0000 626 548 0.8754
10705.0000 626 549 0.8770
10711.0000 627 549 0.8756
10711.0000 627 550 0.8772
10713.0000 627 551 0.8788
10727.0000 628 551 0.8774
10741.0000 628 552 0.8790
10742.0000 629 552 0.8776
10742.0000 629 553 0.8792
10760.0000 630 553 0.8778
10766.0000 630 554 0.8794
10768.0000 630 555 0.8810
10779.0000 631 555 0.8796
10779.0000 631 556 0.8811
10792.0000 631 557 0.8827
10796.0000 632 557 0.8813
10812.0000 633 557 0.8799
10818.0000 633 558 0.8815
10820.0000 633 559 0.8831
10830.0000 634 559 0.8817
10847.0000 635 559 0.8803
10865.0000 636 559 0.8789
10884.0000 637 559 0.8776
10886.0000 637 560 0.8791
10903.0000 638 560 0.8777
10908.0000 638 561 0.8793
10922.0000 639 561 0.8779
10939.0000 640 561 0.8766
10939.0000 640 562 0.8781
10955.0000 641 562 0.8768
10972.0000 642 562 0.8754
10991.0000 643 562 0.8740
11006.0000 644 562 0.8727
11025.0000 645 562 0.8713
11030.0000 645 563 0.8729
11041.0000 646 563 0.8715
11057.0000 646 564 0.8731
11059.0000 647 564 0.8717
11078.0000 648 564 0.8704
11090.0000 648 565 0.8719
11094.0000 649 565 0.8706
11100.0000 649 566 0.8721
11111.0000 650 566 0.8708
11111.0000 650 567 0.8723
11120.0000 650 568 0.8738
11128.0000 651 568 0.8725
11130.0000 651 569 0.8740
11132.0000 651 570 0.8756
11132.0000 651 571 0.8771
11144.0000 652 571 0.8758
11160.0000 653 571 0.8744
11173.0000 653 572 0.8760
11176.0000 654 572 0.8746
11195.0000 655 572 0.8733
11199.0000 655 573 0.8748
11207.0000 655 574 0.8763
11211.0000 656 574 0.8750
11222.0000 656 575 0.8765
11229.0000 657 575 0.8752
11238.0000 657 576 0.8767
11242.0000 657 577 0.8782
11245.0000 658 577 0.8769
11260.0000 659 577 0.8756
11275.0000 660 577 0.8742
11290.0000 661 577 0.8729
11302.0000 661 578 0.8744
11305.0000 662 578 0.8731
11318.0000 662 579 0.8746
11320.0000 663 579 0.8733
11328.0000 663 580 0.8748
11333.0000 663 581 0.8763
11334.0000 663 582 0.8778
11336.0000 664 582 0.8765
11338.0000 664 583 0.8780
11345.0000 664 584 0.8795
11353.0000 665 584 0.8782
11355.0000 665 585 0.8797
11372.0000 666 585 0.8784
11373.0000 666 586 0.8799
11387.0000 667 586 0.8786
11406.0000 668 586 0.8772
11408.0000 668 587 0.8787
11422.0000 668 588 0.8802
11425.0000 669 588 0.8789
11444.0000 670 588 0.8776
11461.0000 671 588 0.8763
11463.0000 671 589 0.8778
11480.0000 672 589 0.8765
11491.0000 672 590 0.8780
11499.0000 673 590 0.8767
11499.0000 673 591 0.8782
11503.0000 673 592 0.8796
11518.0000 674 592 0.8783
11520.0000 674 593 0.8798
11534.0000 674 594 0.8813
11535.0000 675 594 0.8800
11535.0000 675 595 0.8815
11536.0000 675 596 0.8830
11550.0000 676 596 0.8817
11567.0000 677 596 0.8804
11571.0000 677 597 0.8818
11586.0000 678 597 0.8805
11598.0000 678 598 0.8820
11600.0000 678 599 0.8835
11604.0000 679 599 0.8822
11607.0000 679 600 0.8837
11608.0000 679 601 0.8851
11622.0000 680 601 0.8838
11640.0000 681 6