# time  created  delivered  delivered/created
19.0000 1 0 0.0000
34.0000 2 0 0.0000
51.0000 3 0 0.0000
62.0000 3 1 0.3333
64.0000 3 2 0.6667
70.0000 4 2 0.5000
87.0000 5 2 0.4000
93.0000 5 3 0.6000
101.0000 5 4 0.8000
103.0000 6 4 0.6667
108.0000 6 5 0.8333
120.0000 7 5 0.7143
126.0000 7 6 0.8571
136.0000 8 6 0.7500
146.0000 8 7 0.8750
155.0000 9 7 0.7778
173.0000 10 7 0.7000
192.0000 11 7 0.6364
202.0000 11 8 0.7273
208.0000 12 8 0.6667
210.0000 12 9 0.7500
227.0000 13 9 0.6923
231.0000 13 10 0.7692
245.0000 14 10 0.7143
249.0000 14 11 0.7857
261.0000 15 11 0.7333
274.0000 15 12 0.8000
276.0000 16 12 0.7500
289.0000 16 13 0.8125
293.0000 17 13 0.7647
294.0000 17 14 0.8235
309.0000 18 14 0.7778
328.0000 19 14 0.7368
329.0000 19 15 0.7895
346.0000 20 15 0.7500
365.0000 21 15 0.7143
375.0000 21 16 0.7619
380.0000 22 16 0.7273
395.0000 23 16 0.6957
410.0000 24 16 0.6667
416.0000 24 17 0.7083
429.0000 25 17 0.6800
436.0000 25 18 0.7200
445.0000 26 18 0.6923
461.0000 27 18 0.6667
465.0000 27 19 0.7037
480.0000 28 19 0.6786
497.0000 29 19 0.6552
515.0000 30 19 0.6333
521.0000 30 20 0.6667
534.0000 31 20 0.6452
546.0000 31 21 0.6774
553.0000 32 21 0.6563
570.0000 33 21 0.6364
588.0000 34 21 0.6176
603.0000 34 22 0.6471
607.0000 35 22 0.6286
622.0000 36 22 0.6111
633.0000 36 23 0.6389
638.0000 37 23 0.6216
646.0000 37 24 0.6486
656.0000 38 24 0.6316
670.0000 38 25 0.6579
671.0000 39 25 0.6410
675.0000 39 26 0.6667
679.0000 39 27 0.6923
688.0000 40 27 0.6750
693.0000 40 28 0.7000
707.0000 41 28 0.6829
710.0000 41 29 0.7073
726.0000 42 29 0.6905
741.0000 43 29 0.6744
745.0000 43 30 0.6977
760.0000 44 30 0.6818
760.0000 44 31 0.7045
779.0000 45 31 0.6889
798.0000 46 31 0.6739
813.0000 47 31 0.6596
828.0000 48 31 0.6458
846.0000 49 31 0.6327
861.0000 50 31 0.6200
876.0000 51 31 0.6078
895.0000 52 31 0.5962
914.0000 53 31 0.5849
933.0000 54 31 0.5741
952.0000 55 31 0.5636
969.0000 56 31 0.5536
986.0000 57 31 0.5439
987.0000 57 32 0.5614
1004.0000 58 32 0.5517
1022.0000 59 32 0.5424
1038.0000 60 32 0.5333
1057.0000 61 32 0.5246
1076.0000 62 32 0.5161
1095.0000 63 32 0.5079
1097.0000 63 33 0.5238
1111.0000 64 33 0.5156
1126.0000 65 33 0.5077
1143.0000 66 33 0.5000
1144.0000 66 34 0.5152
1154.0000 66 35 0.5303
1156.0000 66 36 0.5455
1160.0000 67 36 0.5373
1179.0000 68 36 0.5294
1187.0000 68 37 0.5441
1188.0000 68 38 0.5588
1189.0000 68 39 0.5735
1196.0000 69 39 0.5652
1198.0000 69 40 0.5797
1214.0000 70 40 0.5714
1231.0000 70 41 0.5857
1232.0000 71 41 0.5775
1234.0000 71 42 0.5915
1248.0000 71 43 0.6056
1251.0000 72 43 0.5972
1252.0000 72 44 0.6111
1270.0000 73 44 0.6027
1274.0000 73 45 0.6164
1285.0000 73 46 0.6301
1287.0000 74 46 0.6216
1305.0000 75 46 0.6133
1321.0000 76 46 0.6053
1336.0000 77 46 0.5974
1337.0000 77 47 0.6104
1352.0000 78 47 0.6026
1368.0000 79 47 0.5949
1386.0000 80 47 0.5875
1401.0000 81 47 0.5802
1420.0000 82 47 0.5732
1437.0000 82 48 0.5854
1438.0000 83 48 0.5783
1440.0000 83 49 0.5904
1453.0000 84 49 0.5833
1468.0000 85 49 0.5765
1469.0000 85 50 0.5882
1484.0000 86 50 0.5814
1485.0000 86 51 0.5930
1502.0000 87 51 0.5862
1517.0000 88 51 0.5795
1536.0000 89 51 0.5730
1552.0000 90 51 0.5667
1570.0000 91 51 0.5604
1571.0000 91 52 0.5714
1579.0000 91 53 0.5824
1586.0000 92 53 0.5761
1592.0000 92 54 0.5870
1601.0000 93 54 0.5806
1609.0000 93 55 0.5914
1617.0000 94 55 0.5851
1617.0000 94 56 0.5957
1634.0000 95 56 0.5895
1649.0000 96 56 0.5833
1668.0000 97 56 0.5773
1671.0000 97 57 0.5876
1684.0000 98 57 0.5816
1703.0000 99 57 0.5758
1718.0000 100 57 0.5700
1735.0000 101 57 0.5644
1750.0000 102 57 0.5588
1765.0000 103 57 0.5534
1783.0000 104 57 0.5481
1802.0000 105 57 0.5429
1818.0000 106 57 0.5377
1833.0000 107 57 0.5327
1848.0000 108 57 0.5278
1863.0000 109 57 0.5229
1869.0000 109 58 0.5321
1874.0000 109 59 0.5413
1881.0000 110 59 0.5364
1892.0000 110 60 0.5455
1900.0000 111 60 0.5405
1918.0000 112 60 0.5357
1932.0000 112 61 0.5446
1937.0000 113 61 0.5398
1954.0000 114 61 0.5351
1957.0000 114 62 0.5439
1970.0000 115 62 0.5391
1989.0000 116 62 0.5345
2008.0000 117 62 0.5299
2024.0000 118 62 0.5254
2027.0000 118 63 0.5339
2032.0000 118 64 0.5424
2043.0000 119 64 0.5378
2048.0000 119 65 0.5462
2061.0000 120 65 0.5417
2076.0000 121 65 0.5372
2078.0000 121 66 0.5455
2095.0000 122 66 0.5410
2104.0000 122 67 0.5492
2112.0000 123 67 0.5447
2131.0000 124 67 0.5403
2148.0000 125 67 0.5360
2163.0000 126 67 0.5317
2179.0000 127 67 0.5276
2195.0000 128 67 0.5234
2213.0000 129 67 0.5194
2215.0000 129 68 0.5271
2226.0000 129 69 0.5349
2232.0000 130 69 0.5308
2248.0000 131 69 0.5267
2264.0000 132 69 0.5227
2267.0000 132 70 0.5303
2283.0000 133 70 0.5263
2302.0000 134 70 0.5224
2321.0000 135 70 0.5185
2336.0000 136 70 0.5147
2352.0000 137 70 0.5109
2367.0000 138 70 0.5072
2367.0000 138 71 0.5145
2385.0000 139 71 0.5108
2397.0000 139 72 0.5180
2404.0000 140 72 0.5143
2423.0000 141 72 0.5106
2432.0000 141 73 0.5177
2435.0000 141 74 0.5248
2436.0000 141 75 0.5319
2438.0000 142 75 0.5282
2440.0000 142 76 0.5352
2454.0000 142 77 0.5423
2455.0000 142 78 0.5493
2456.0000 143 78 0.5455
2472.0000 144 78 0.5417
2489.0000 145 78 0.5379
2506.0000 145 79 0.5448
2507.0000 146 79 0.5411
2510.0000 146 80 0.5479
2523.0000 147 80 0.5442
2527.0000 147 81 0.5510
2536.0000 147 82 0.5578
2538.0000 148 82 0.5541
2543.0000 148 83 0.5608
2557.0000 149 83 0.5570
2558.0000 149 84 0.5638
2575.0000 150 84 0.5600
2575.0000 150 85 0.5667
2591.0000 151 85 0.5629
2605.0000 151 86 0.5695
2606.0000 152 86 0.5658
2623.0000 153 86 0.5621
2639.0000 153 87 0.5686
2640.0000 154 87 0.5649
2655.0000 155 87 0.5613
2671.0000 156 87 0.5577
2675.0000 156 88 0.5641
2689.0000 157 88 0.5605
2706.0000 158 88 0.5570
2725.0000 159 88 0.5535
2730.0000 159 89 0.5597
2741.0000 160 89 0.5563
2757.0000 161 89 0.5528
2762.0000 161 90 0.5590
2763.0000 161 91 0.5652
2772.0000 162 91 0.5617
2787.0000 163 91 0.5583
2802.0000 164 91 0.5549
2808.0000 164 92 0.5610
2817.0000 165 92 0.5576
2835.0000 166 92 0.5542
2844.0000 166 93 0.5602
2846.0000 166 94 0.5663
2853.0000 167 94 0.5629
2868.0000 168 94 0.5595
2886.0000 169 94 0.5562
2902.0000 170 94 0.5529
2906.0000 170 95 0.5588
2917.0000 171 95 0.5556
2933.0000 172 95 0.5523
2952.0000 173 95 0.5491
2968.0000 174 95 0.5460
2977.0000 174 96 0.5517
2984.0000 175 96 0.5486
3000.0000 176 96 0.5455
3006.0000 176 97 0.5511
3015.0000 177 97 0.5480
3031.0000 178 97 0.5449
3032.0000 178 98 0.5506
3038.0000 178 99 0.5562
3050.0000 179 99 0.5531
3065.0000 180 99 0.5500
3080.0000 181 99 0.5470
3081.0000 181 100 0.5525
3083.0000 181 101 0.5580
3097.0000 182 101 0.5549
3116.0000 183 101 0.5519
3120.0000 183 102 0.5574
3135.0000 184 102 0.5543
3153.0000 185 102 0.5514
3170.0000 186 102 0.5484
3185.0000 187 102 0.5455
3196.0000 187 103 0.5508
3200.0000 187 104 0.5561
3202.0000 188 104 0.5532
3219.0000 189 104 0.5503
3235.0000 190 104 0.5474
3235.0000 190 105 0.5526
3251.0000 191 105 0.5497
3270.0000 192 105 0.5469
3284.0000 192 106 0.5521
3284.0000 192 107 0.5573
3288.0000 192 108 0.5625
3289.0000 193 108 0.5596
3306.0000 193 109 0.5648
3308.0000 194 109 0.5619
3310.0000 194 110 0.5670
3311.0000 194 111 0.5722
3311.0000 194 112 0.5773
3316.0000 194 113 0.5825
3323.0000 195 113 0.5795
3324.0000 195 114 0.5846
3338.0000 196 114 0.5816
3342.0000 196 115 0.5867
3344.0000 196 116 0.5918
3357.0000 197 116 0.5888
3365.0000 197 117 0.5939
3373.0000 198 117 0.5909
3388.0000 199 117 0.5879
3407.0000 200 117 0.5850
3425.0000 201 117 0.5821
3442.0000 202 117 0.5792
3446.0000 202 118 0.5842
3458.0000 203 118 0.5813
3460.0000 203 119 0.5862
3467.0000 203 120 0.5911
3468.0000 203 121 0.5961
3475.0000 204 121 0.5931
3484.0000 204 122 0.5980
3488.0000 204 123 0.6029
3492.0000 205 123 0.6000
3500.0000 205 124 0.6049
3511.0000 206 124 0.6019
3526.0000 206 125 0.6068
3529.0000 207 125 0.6039
3547.0000 208 125 0.6010
3553.0000 208 126 0.6058
3555.0000 208 127 0.6106
3566.0000 209 127 0.6077
3581.0000 210 127 0.6048
3583.0000 210 128 0.6095
3600.0000 211 128 0.6066
3609.0000 211 129 0.6114
3609.0000 211 130 0.6161
3611.0000 211 131 0.6209
3617.0000 212 131 0.6179
3618.0000 212 132 0.6226
3621.0000 212 133 0.6274
3632.0000 213 133 0.6244
3641.0000 213 134 0.6291
3648.0000 214 134 0.6262
3665.0000 215 134 0.6233
3680.0000 216 134 0.6204
3688.0000 216 135 0.6250
3695.0000 217 135 0.6221
3710.0000 218 135 0.6193
3714.0000 218 136 0.6239
3729.0000 219 136 0.6210
3748.0000 220 136 0.6182
3749.0000 220 137 0.6227
3755.0000 220 138 0.6273
3766.0000 221 138 0.6244
3784.0000 222 138 0.6216
3797.0000 222 139 0.6261
3801.0000 222 140 0.6306
3802.0000 223 140 0.6278
3807.0000 223 141 0.6323
3812.0000 223 142 0.6368
3821.0000 224 142 0.6339
3838.0000 225 142 0.6311
3856.0000 226 142 0.6283
3867.0000 226 143 0.6327
3874.0000 227 143 0.6300
3892.0000 228 143 0.6272
3894.0000 228 144 0.6316
3909.0000 229 144 0.6288
3911.0000 229 145 0.6332
3926.0000 230 145 0.6304
3945.0000 231 145 0.6277
3960.0000 232 145 0.6250
3966.0000 232 146 0.6293
3970.0000 232 147 0.6336
3978.0000 233 147 0.6309
3983.0000 233 148 0.6352
3986.0000 233 149 0.6395
3995.0000 234 149 0.6368
4014.0000 235 149 0.6340
4025.0000 235 150 0.6383
4026.0000 235 151 0.6426
4028.0000 235 152 0.6468
4033.0000 236 152 0.6441
4034.0000 236 153 0.6483
4034.0000 236 154 0.6525
4037.0000 236 155 0.6568
4052.0000 237 155 0.6540
4069.0000 238 155 0.6513
4084.0000 238 156 0.6555
4087.0000 239 156 0.6527
4089.0000 239 157 0.6569
4105.0000 240 157 0.6542
4124.0000 241 157 0.6515
4140.0000 242 157 0.6488
4141.0000 242 158 0.6529
4143.0000 242 159 0.6570
4147.0000 242 160 0.6612
4148.0000 242 161 0.6653
4158.0000 243 161 0.6626
4177.0000 244 161 0.6598
4195.0000 245 161 0.6571
4214.0000 246 161 0.6545
4217.0000 246 162 0.6585
4229.0000 246 163 0.6626
4232.0000 247 163 0.6599
4233.0000 247 164 0.6640
4251.0000 248 164 0.6613
4264.0000 248 165 0.6653
4267.0000 249 165 0.6627
4282.0000 250 165 0.6600
4283.0000 250 166 0.6640
4288.0000 250 167 0.6680
4298.0000 251 167 0.6653
4303.0000 251 168 0.6693
4315.0000 252 168 0.6667
4330.0000 253 168 0.6640
4345.0000 254 168 0.6614
4362.0000 255 168 0.6588
4372.0000 255 169 0.6627
4378.0000 256 169 0.6602
4396.0000 257 169 0.6576
4397.0000 257 170 0.6615
4412.0000 258 170 0.6589
4429.0000 259 170 0.6564
4448.0000 260 170 0.6538
4449.0000 260 1