# time  created  delivered  delivered/created
19.0000 1 0 0.0000
34.0000 2 0 0.0000
51.0000 3 0 0.0000
54.0000 3 1 0.3333
64.0000 3 2 0.6667
70.0000 4 2 0.5000
87.0000 5 2 0.4000
93.0000 5 3 0.6000
100.0000 5 4 0.8000
103.0000 6 4 0.6667
111.0000 6 5 0.8333
120.0000 7 5 0.7143
136.0000 8 5 0.6250
147.0000 8 6 0.7500
155.0000 9 6 0.6667
159.0000 9 7 0.7778
173.0000 10 7 0.7000
192.0000 11 7 0.6364
208.0000 12 7 0.5833
210.0000 12 8 0.6667
227.0000 13 8 0.6154
237.0000 13 9 0.6923
245.0000 14 9 0.6429
252.0000 14 10 0.7143
261.0000 15 10 0.6667
272.0000 15 11 0.7333
276.0000 16 11 0.6875
289.0000 16 12 0.7500
293.0000 17 12 0.7059
294.0000 17 13 0.7647
309.0000 18 13 0.7222
328.0000 19 13 0.6842
329.0000 19 14 0.7368
346.0000 20 14 0.7000
365.0000 21 14 0.6667
380.0000 22 14 0.6364
395.0000 23 14 0.6087
410.0000 24 14 0.5833
414.0000 24 15 0.6250
429.0000 25 15 0.6000
445.0000 26 15 0.5769
461.0000 27 15 0.5556
461.0000 27 16 0.5926
480.0000 28 16 0.5714
481.0000 28 17 0.6071
497.0000 29 17 0.5862
509.0000 29 18 0.6207
515.0000 30 18 0.6000
534.0000 31 18 0.5806
553.0000 32 18 0.5625
570.0000 33 18 0.5455
588.0000 34 18 0.5294
600.0000 34 19 0.5588
600.0000 34 20 0.5882
606.0000 34 21 0.6176
607.0000 35 21 0.6000
622.0000 36 21 0.5833
638.0000 37 21 0.5676
647.0000 37 22 0.5946
656.0000 38 22 0.5789
661.0000 38 23 0.6053
662.0000 38 24 0.6316
671.0000 39 24 0.6154
688.0000 40 24 0.6000
698.0000 40 25 0.6250
707.0000 41 25 0.6098
709.0000 41 26 0.6341
726.0000 42 26 0.6190
741.0000 43 26 0.6047
760.0000 44 26 0.5909
779.0000 45 26 0.5778
795.0000 45 27 0.6000
798.0000 46 27 0.5870
813.0000 47 27 0.5745
828.0000 48 27 0.5625
846.0000 49 27 0.5510
861.0000 50 27 0.5400
876.0000 51 27 0.5294
895.0000 52 27 0.5192
914.0000 53 27 0.5094
933.0000 54 27 0.5000
952.0000 55 27 0.4909
957.0000 55 28 0.5091
969.0000 56 28 0.5000
973.0000 56 29 0.5179
986.0000 57 29 0.5088
987.0000 57 30 0.5263
995.0000 57 31 0.5439
1004.0000 58 31 0.5345
1022.0000 59 31 0.5254
1038.0000 60 31 0.5167
1057.0000 61 31 0.5082
1076.0000 62 31 0.5000
1095.0000 63 31 0.4921
1111.0000 64 31 0.4844
1126.0000 65 31 0.4769
1143.0000 66 31 0.4697
1145.0000 66 32 0.4848
1160.0000 67 32 0.4776
1172.0000 67 33 0.4925
1173.0000 67 34 0.5075
1179.0000 68 34 0.5000
1186.0000 68 35 0.5147
1196.0000 69 35 0.5072
1198.0000 69 36 0.5217
1214.0000 70 36 0.5143
1224.0000 70 37 0.5286
1225.0000 70 38 0.5429
1228.0000 70 39 0.5571
1232.0000 71 39 0.5493
1234.0000 71 40 0.5634
1251.0000 72 40 0.5556
1270.0000 73 40 0.5479
1287.0000 74 40 0.5405
1290.0000 74 41 0.5541
1294.0000 74 42 0.5676
1305.0000 75 42 0.5600
1321.0000 76 42 0.5526
1336.0000 77 42 0.5455
1337.0000 77 43 0.5584
1352.0000 78 43 0.5513
1365.0000 78 44 0.5641
1368.0000 79 44 0.5570
1382.0000 79 45 0.5696
1383.0000 79 46 0.5823
1386.0000 80 46 0.5750
1401.0000 81 46 0.5679
1420.0000 82 46 0.5610
1438.0000 83 46 0.5542
1453.0000 84 46 0.5476
1468.0000 85 46 0.5412
1484.0000 86 46 0.5349
1485.0000 86 47 0.5465
1502.0000 87 47 0.5402
1517.0000 88 47 0.5341
1536.0000 89 47 0.5281
1552.0000 90 47 0.5222
1570.0000 91 47 0.5165
1571.0000 91 48 0.5275
1586.0000 92 48 0.5217
1588.0000 92 49 0.5326
1601.0000 93 49 0.5269
1617.0000 94 49 0.5213
1619.0000 94 50 0.5319
1634.0000 95 50 0.5263
1649.0000 96 50 0.5208
1668.0000 97 50 0.5155
1670.0000 97 51 0.5258
1678.0000 97 52 0.5361
1680.0000 97 53 0.5464
1684.0000 98 53 0.5408
1688.0000 98 54 0.5510
1703.0000 99 54 0.5455
1718.0000 100 54 0.5400
1735.0000 101 54 0.5347
1742.0000 101 55 0.5446
1750.0000 102 55 0.5392
1752.0000 102 56 0.5490
1763.0000 102 57 0.5588
1765.0000 103 57 0.5534
1772.0000 103 58 0.5631
1777.0000 103 59 0.5728
1783.0000 104 59 0.5673
1802.0000 105 59 0.5619
1818.0000 106 59 0.5566
1833.0000 107 59 0.5514
1848.0000 108 59 0.5463
1863.0000 109 59 0.5413
1881.0000 110 59 0.5364
1882.0000 110 60 0.5455
1900.0000 111 60 0.5405
1918.0000 112 60 0.5357
1937.0000 113 60 0.5310
1954.0000 114 60 0.5263
1970.0000 115 60 0.5217
1989.0000 116 60 0.5172
2008.0000 117 60 0.5128
2024.0000 118 60 0.5085
2043.0000 119 60 0.5042
2061.0000 120 60 0.5000
2076.0000 121 60 0.4959
2078.0000 121 61 0.5041
2095.0000 122 61 0.5000
2103.0000 122 62 0.5082
2112.0000 123 62 0.5041
2131.0000 124 62 0.5000
2131.0000 124 63 0.5081
2148.0000 125 63 0.5040
2163.0000 126 63 0.5000
2179.0000 127 63 0.4961
2180.0000 127 64 0.5039
2181.0000 127 65 0.5118
2195.0000 128 65 0.5078
2213.0000 129 65 0.5039
2214.0000 129 66 0.5116
2232.0000 130 66 0.5077
2233.0000 130 67 0.5154
2235.0000 130 68 0.5231
2247.0000 130 69 0.5308
2248.0000 131 69 0.5267
2257.0000 131 70 0.5344
2264.0000 132 70 0.5303
2283.0000 133 70 0.5263
2302.0000 134 70 0.5224
2304.0000 134 71 0.5299
2306.0000 134 72 0.5373
2321.0000 135 72 0.5333
2336.0000 136 72 0.5294
2352.0000 137 72 0.5255
2366.0000 137 73 0.5328
2367.0000 138 73 0.5290
2385.0000 139 73 0.5252
2404.0000 140 73 0.5214
2423.0000 141 73 0.5177
2438.0000 142 73 0.5141
2442.0000 142 74 0.5211
2456.0000 143 74 0.5175
2472.0000 144 74 0.5139
2489.0000 145 74 0.5103
2499.0000 145 75 0.5172
2507.0000 146 75 0.5137
2508.0000 146 76 0.5205
2523.0000 147 76 0.5170
2538.0000 148 76 0.5135
2557.0000 149 76 0.5101
2558.0000 149 77 0.5168
2572.0000 149 78 0.5235
2575.0000 150 78 0.5200
2591.0000 151 78 0.5166
2606.0000 152 78 0.5132
2623.0000 153 78 0.5098
2631.0000 153 79 0.5163
2640.0000 154 79 0.5130
2642.0000 154 80 0.5195
2644.0000 154 81 0.5260
2655.0000 155 81 0.5226
2669.0000 155 82 0.5290
2671.0000 156 82 0.5256
2674.0000 156 83 0.5321
2680.0000 156 84 0.5385
2689.0000 157 84 0.5350
2694.0000 157 85 0.5414
2695.0000 157 86 0.5478
2699.0000 157 87 0.5541
2699.0000 157 88 0.5605
2703.0000 157 89 0.5669
2706.0000 158 89 0.5633
2707.0000 158 90 0.5696
2711.0000 158 91 0.5759
2712.0000 158 92 0.5823
2716.0000 158 93 0.5886
2721.0000 158 94 0.5949
2725.0000 159 94 0.5912
2730.0000 159 95 0.5975
2738.0000 159 96 0.6038
2741.0000 160 96 0.6000
2757.0000 161 96 0.5963
2772.0000 162 96 0.5926
2787.0000 163 96 0.5890
2802.0000 164 96 0.5854
2817.0000 165 96 0.5818
2835.0000 166 96 0.5783
2853.0000 167 96 0.5749
2868.0000 168 96 0.5714
2883.0000 168 97 0.5774
2886.0000 169 97 0.5740
2902.0000 170 97 0.5706
2905.0000 170 98 0.5765
2917.0000 171 98 0.5731
2921.0000 171 99 0.5789
2931.0000 171 100 0.5848
2933.0000 172 100 0.5814
2942.0000 172 101 0.5872
2946.0000 172 102 0.5930
2952.0000 173 102 0.5896
2955.0000 173 103 0.5954
2967.0000 173 104 0.6012
2968.0000 174 104 0.5977
2979.0000 174 105 0.6034
2984.0000 175 105 0.6000
2995.0000 175 106 0.6057
3000.0000 176 106 0.6023
3015.0000 177 106 0.5989
3031.0000 178 106 0.5955
3050.0000 179 106 0.5922
3065.0000 180 106 0.5889
3080.0000 181 106 0.5856
3082.0000 181 107 0.5912
3097.0000 182 107 0.5879
3116.0000 183 107 0.5847
3135.0000 184 107 0.5815
3153.0000 185 107 0.5784
3170.0000 186 107 0.5753
3185.0000 187 107 0.5722
3202.0000 188 107 0.5691
3210.0000 188 108 0.5745
3213.0000 188 109 0.5798
3219.0000 189 109 0.5767
3235.0000 190 109 0.5737
3251.0000 191 109 0.5707
3270.0000 192 109 0.5677
3274.0000 192 110 0.5729
3286.0000 192 111 0.5781
3289.0000 193 111 0.5751
3293.0000 193 112 0.5803
3295.0000 193 113 0.5855
3298.0000 193 114 0.5907
3308.0000 194 114 0.5876
3323.0000 195 114 0.5846
3324.0000 195 115 0.5897
3338.0000 196 115 0.5867
3357.0000 197 115 0.5838
3358.0000 197 116 0.5888
3363.0000 197 117 0.5939
3368.0000 197 118 0.5990
3369.0000 197 119 0.6041
3372.0000 197 120 0.6091
3373.0000 198 120 0.6061
3387.0000 198 121 0.6111
3388.0000 199 121 0.6080
3403.0000 199 122 0.6131
3407.0000 200 122 0.6100
3420.0000 200 123 0.6150
3425.0000 201 123 0.6119
3436.0000 201 124 0.6169
3442.0000 202 124 0.6139
3458.0000 203 124 0.6108
3460.0000 203 125 0.6158
3465.0000 203 126 0.6207
3475.0000 204 126 0.6176
3489.0000 204 127 0.6225
3492.0000 205 127 0.6195
3507.0000 205 128 0.6244
3508.0000 205 129 0.6293
3511.0000 206 129 0.6262
3514.0000 206 130 0.6311
3527.0000 206 131 0.6359
3529.0000 207 131 0.6329
3543.0000 207 132 0.6377
3546.0000 207 133 0.6425
3547.0000 208 133 0.6394
3558.0000 208 134 0.6442
3558.0000 208 135 0.6490
3559.0000 208 136 0.6538
3565.0000 208 137 0.6587
3566.0000 209 137 0.6555
3581.0000 210 137 0.6524
3600.0000 211 137 0.6493
3605.0000 211 138 0.6540
3617.0000 212 138 0.6509
3620.0000 212 139 0.6557
3621.0000 212 140 0.6604
3629.0000 212 141 0.6651
3632.0000 213 141 0.6620
3634.0000 213 142 0.6667
3637.0000 213 143 0.6714
3642.0000 213 144 0.6761
3648.0000 214 144 0.6729
3653.0000 214 145 0.6776
3665.0000 215 145 0.6744
3680.0000 216 145 0.6713
3690.0000 216 146 0.6759
3690.0000 216 147 0.6806
3695.0000 217 147 0.6774
3701.0000 217 148 0.6820
3710.0000 218 148 0.6789
3729.0000 219 148 0.6758
3748.0000 220 148 0.6727
3752.0000 220 149 0.6773
3758.0000 220 150 0.6818
3758.0000 220 151 0.6864
3766.0000 221 151 0.6833
3767.0000 221 152 0.6878
3780.0000 221 153 0.6923
3784.0000 222 153 0.6892
3798.0000 222 154 0.6937
3802.0000 223 154 0.6906
3808.0000 223 155 0.6951
3821.0000 224 155 0.6920
3828.0000 224 156 0.6964
3838.0000 225 156 0.6933
3856.0000 226 156 0.6903
3867.0000 226 157 0.6947
3874.0000 227 157 0.6916
3876.0000 227 158 0.6960
3880.0000 227 159 0.7004
3889.0000 227 160 0.7048
3892.0000 228 160 0.7018
3908.0000 228 161 0.7061
3909.0000 229 161 0.7031
3909.0000 229 162 0.7074
3915.0000 229 163 0.7118
3920.0000 229 164 0.7162
3921.0000 229 165 0.7205
3926.0000 230 165 0.7174
3942.0000 230 166 0.7217
3945.0000 231 166 0.7186
3956.0000 231 167 0.7229
3960.0000 232 167 0.7198
3978.0000 233 167 0.7167
3983.0000 233 168 0.7210
3985.0000 233 169 0.7253
3995.0000 234 169 0.7222
4011.0000 234 170 0.7265
4014.0000 235 170 0.7234
4033.0000 236 170 0.7203
4034.0000 236 171 0.7246
4038.0000 236 172 0.7288
4039.0000 236 173 0.7331
4044.0000 236 174 0.7373
4047.0000 236 175 0.7415
4052.0000 237 175 0.7384
4069.0000 238 175 0.7353
4085.0000 238 176 0.7395
4087.0000 239 176 0.7364
4105.0000 240 176 0.7333
4124.0000 241 176 0.7303
4135.0000 241 177 0.7344
4140.0000 242 177 0.7314
4149.0000 242 178 0.7355
4154.0000 242 179 0.7397
4158.0000 243 179 0.7366
4177.0000 244 179 0.7336
4195.0000 245 179 0.7306
4201.0000 245 180 0.7347
4214.0000 246 180 0.7317
4214.0000 246 181 0.7358
4232.0000 247 181 0.7328
4234.0000 247 182 0.7368
4238.0000 247 183 0.7409
4251.0000 248 183 0.7379
4266.0000 248 184 0.7419
4267.0000 249 184 0.7390
4275.0000 249 185 0.7430
4278.0000 249 186 0.7470
4281.0000 249 187 0.7510
4282.0000 250 187 0.7480
4283.0000 250 188 0.7520
4298.0000 251 188 0.7490
4312.0000 251 189 0.7530
4315.0000 252 189 0.7500
4330.0000 253 189 0.7470
4345.0000 254 189 0.7441
4362.0000 255 189 0.7412
4378.0000 256 189 0.7383
4396.0000 257 189 0.7354
4398.0000 257 190 0.7393
4400.0000 257 191 0.7432
4412.0000 258 191 0.7403
4429.0000 259 191 0.7375
4444.0000 259 192 0.7413
4446.0000 259 193 0.7452
4448.0000 260 193 0.7423
4465.0000 261 193 0.7395
4481.0000 262 193 0.7366
4490.0000 262 194 0.7405
4490.0000 262 195 0.7443
4496.0000 263 195 0.7414
4511.0000 264 195 0.7386
4513.0000 264 196 0.7424
4526.0000 265 196 0.7396
4543.0000 266 196 0.7368
4558.0000 267 196 0.7341
4571.0000 267 197 0.7378
4576.0000 268 197 0.7351
4593.0000 269 197 0.7323
4602.0000 269 198 0.7361
4604.0000 269 199 0.7398
4611.0000 270 199 0.7370
4625.0000 270 200 0.7407
4629.0000 271 200 0.7380
4637.0000 271 201 0.7417
4645.0000 272 201 0.7390
4664.0000 273 201 0.7363
4672.0000 273 202 0.7399
4682.0000 274 202 0.7372
4696.0000 274 203 0.7409
4697.0000 275 203 0.7382
4697.0000 275 204 0.7418
4705.0000 275 205 0.7455
4706.0000 275 206 0.7491
4712.0000 276 206 0.7464
4730.0000 277 206 0.7437
4748.0000 278 206 0.7410
4756.0000 278 207 0.7446
4762.0000 278 208 0.7482
4765.0000 279 208 0.7455
4771.0000 279 209 0.7491
4782.0000 280 209 0.7464
4797.0000 281 209 0.7438
4816.0000 282 209 0.7411
4821.0000 282 210 0.7447
4827.0000 282 211 0.7482
4833.0000 283 211 0.7456
4850.0000 284 211 0.7430
4865.0000 285 211 0.7404
4881.0000 286 211 0.7378
4882.0000 286 212 0.7413
4897.0000 287 212 0.7387
4900.0000 287 213 0.7422
4901.0000 287 214 0.7456
4902.0000 287 215 0.7491
4915.0000 288 215 0.7465
4932.0000 289 215 0.7439
4940.0000 289 216 0.7474
4948.0000 290 216 0.7448
4950.0000 290 217 0.7483
4965.0000 291 217 0.7457
4984.0000 292 217 0.7432
4985.0000 292 218 0.7466
4998.0000 292 219 0.7500
5002.0000 293 219 0.7474
5006.0000 293 220 0.7509
5020.0000 294 220 0.7483
5037.0000 294 221 0.7517
5039.0000 295 221 0.7492
5057.0000 296 221 0.7466
5060.0000 296 222 0.7500
5073.0000 297 222 0.7475
5077.0000 297 223 0.7508
5080.0000 297 224 0.7542
5092.0000 298 224 0.7517
5095.0000 298 225 0.7550
5096.0000 298 226 0.7584
5097.0000 298 227 0.7617
5109.0000 299 227 0.7592
5128.0000 300 227 0.7567
5146.0000 301 227 0.7542
5161.0000 302 227 0.7517
5163.0000 302 228 0.7550
5176.0000 302 229 0.7583
5177.0000 303 229 0.7558
5193.0000 304 229 0.7533
5211.0000 305 229 0.7508
5227.0000 306 229 0.7484
5244.0000 307 229 0.7459
5257.0000 307 230 0.7492
5260.0000 308 230 0.7468
5262.0000 308 231 0.7500
5278.0000 309 231 0.7476
5294.0000 310 231 0.7452
5313.0000 311 231 0.7428
5329.0000 312 231 0.7404
5334.0000 312 232 0.7436
5348.0000 313 232 0.7412
5357.0000 313 233 0.7444
5364.0000 314 233 0.7420
5365.0000 314 234 0.7452
5381.0000 315 234 0.7429
5397.0000 316 234 0.7405
5412.0000 317 234 0.7382
5422.0000 317 235 0.7413
5431.0000 318 235 0.7390
5439.0000 318 236 0.7421
5449.0000 319 236 0.7398
5465.0000 320 236 0.7375
5478.0000 320 237 0.7406
5484.0000 321 237 0.7383
5502.0000 322 237 0.7360
5503.0000 322 238 0.7391
5519.0000 323 238 0.7368
5522.0000 323 239 0.7399
5523.0000 323 240 0.7430
5533.0000 323 241 0.7461
5535.0000 324 241 0.7438
5551.0000 325 241 0.7415
5566.0000 326 241 0.7393
5585.0000 327 241 0.7370
5601.0000 328 241 0.7348
5618.0000 329 241 0.7325
5634.0000 329 242 0.7356
5637.0000 330 242 0.7333
5638.0000 330 243 0.7364
5654.0000 331 243 0.7341
5655.0000 331 244 0.7372
5672.0000 332 244 0.7349
5689.0000 332 245 0.7380
5690.0000 333 245 0.7357
5697.0000 333 246 0.7387
5703.0000 333 247 0.7417
5705.0000 334 247 0.7395
5721.0000 335 247 0.7373
5721.0000 335 248 0.7403
5725.0000 335 249 0.7433
5731.0000 335 250 0.7463
5738.0000 336 250 0.7440
5739.0000 336 251 0.7470
5751.0000 336 252 0.7500
5755.0000 337 252 0.7478
5767.0000 337 253 0.7507
5771.0000 338 253 0.7485
5772.0000 338 254 0.7515
5787.0000 339 254 0.7493
5796.0000 339 255 0.7522
5805.0000 340 255 0.7500
5819.0000 340 256 0.7529
5823.0000 341 256 0.7507
5827.0000 341 257 0.7537
5829.0000 341 258 0.7566
5833.0000 341 259 0.7595
5842.0000 342 259 0.7573
5843.0000 342 260 0.7602
5848.0000 342 261 0.7632
5861.0000 343 261 0.7609
5863.0000 343 262 0.7638
5879.0000 344 262 0.7616
5883.0000 344 263 0.7645
5894.0000 345 263 0.7623
5911.0000 346 263 0.7601
5923.0000 346 264 0.7630
5930.0000 347 264 0.7608
5941.0000 347 265 0.7637
5945.0000 348 265 0.7615
5953.0000 348 266 0.7644
5954.0000 348 267 0.7672
5963.0000 349 267 0.7650
5964.0000 349 268 0.7679
5982.0000 350 268 0.7657
5983.0000 350 269 0.7686
5995.0000 350 270 0.7714
5996.0000 350 271 0.7743
5999.0000 351 271 0.7721
6018.0000 352 271 0.7699
6035.0000 353 271 0.7677
6036.0000 353 272 0.7705
6050.0000 353 273 0.7734
6052.0000 353 274 0.7762
6053.0000 354 274 0.7740
6063.0000 354 275 0.7768
6063.0000 354 276 0.7797
6068.0000 355 276 0.7775
6079.0000 355 277 0.7803
6081.0000 355 278 0.7831
6083.0000 356 278 0.7809
6090.0000 356 279 0.7837
6102.0000 357 279 0.7815
6105.0000 357 280 0.7843
6111.0000 357 281 0.7871
6117.0000 358 281 0.7849
6123.0000 358 282 0.7877
6134.0000 359 282 0.7855
6151.0000 360 282 0.7833
6152.0000 360 283 0.7861
6166.0000 361 283 0.7839
6184.0000 362 283 0.7818
6203.0000 363 283 0.7796
6203.0000 363 284 0.7824
6206.0000 363 285 0.7851
6218.0000 364 285 0.7830
6228.0000 364 286 0.7857
6237.0000 365 286 0.7836
6240.0000 365 287 0.7863
6245.0000 365 288 0.7890
6256.0000 366 288 0.7869
6257.0000 366 289 0.7896
6263.0000 366 290 0.7923
6267.0000 366 291 0.7951
6271.0000 367 291 0.7929
6277.0000 367 292 0.7956
6280.0000 367 293 0.7984
6288.0000 368 293 0.7962
6307.0000 369 293 0.7940
6310.0000 369 294 0.7967
6315.0000 369 295 0.7995
6325.0000 370 295 0.7973
6341.0000 371 295 0.7951
6345.0000 371 296 0.7978
6347.0000 371 297 0.8005
6357.0000 372 297 0.7984
6359.0000 372 298 0.8011
6360.0000 372 299 0.8038
6362.0000 372 300 0.8065
6376.0000 373 300 0.8043
6377.0000 373 301 0.8070
6379.0000 373 302 0.8097
6391.0000 374 302 0.8075
6398.0000 374 303 0.8102
6406.0000 375 303 0.8080
6410.0000 375 304 0.8107
6416.0000 375 305 0.8133
6424.0000 376 305 0.8112
6440.0000 377 305 0.8090
6445.0000 377 306 0.8117
6456.0000 378 306 0.8095
6457.0000 378 307 0.8122
6474.0000 379 307 0.8100
6491.0000 380 307 0.8079
6506.0000 381 307 0.8058
6521.0000 382 307 0.8037
6539.0000 383 307 0.8016
6556.0000 384 307 0.7995
6572.0000 385 307 0.7974
6588.0000 385 308 0.8000
6590.0000 386 308 0.7979
6592.0000 386 309 0.8005
6598.0000 386 310 0.8031
6607.0000 387 310 0.8010
6609.0000 387 311 0.8036
6626.0000 388 311 0.8015
6644.0000 389 311 0.7995
6663.0000 390 311 0.7974
6679.0000 391 311 0.7954
6682.0000 391 312 0.7980
6683.0000 391 313 0.8005
6694.0000 392 313 0.7985
6713.0000 393 313 0.7964
6722.0000 393 314 0.7990
6723.0000 393 315 0.8015
6730.0000 394 315 0.7995
6740.0000 394 316 0.8020
6745.0000 394 317 0.8046
6746.0000 395 317 0.8025
6763.0000 396 317 0.8005
6779.0000 397 317 0.7985
6789.0000 397 318 0.8010
6796.0000 398 318 0.7990
6800.0000 398 319 0.8015
6812.0000 399 319 0.7995
6822.0000 399 320 0.8020
6827.0000 400 320 0.8000
6842.0000 401 320 0.7980
6859.0000 401 321 0.8005
6860.0000 402 321 0.7985
6874.0000 402 322 0.8010
6877.0000 403 322 0.7990
6893.0000 404 322 0.7970
6911.0000 405 322 0.7951
6927.0000 406 322 0.7931
6930.0000 406 323 0.7956
6939.0000 406 324 0.7980
6943.0000 407 324 0.7961
6959.0000 408 324 0.7941
6976.0000 409 324 0.7922
6991.0000 410 324 0.7902
7007.0000 411 324 0.7883
7023.0000 412 324 0.7864
7038.0000 413 324 0.7845
7053.0000 414 324 0.7826
7068.0000 415 324 0.7807
7069.0000 415 325 0.7831
7083.0000 416 325 0.7813
7094.0000 416 326 0.7837
7099.0000 416 327 0.7861
7099.0000 416 328 0.7885
7102.0000 417 328 0.7866
7104.0000 417 329 0.7890
7121.0000 418 329 0.7871
7121.0000 418 330 0.7895
7129.0000 418 331 0.7919
7139.0000 419 331 0.7900
7154.0000 419 332 0.7924
7155.0000 420 332 0.7905
7161.0000 420 333 0.7929
7163.0000 420 334 0.7952
7169.0000 420 335 0.7976
7172.0000 421 335 0.7957
7175.0000 421 336 0.7981
7190.0000 422 336 0.7962
7203.0000 422 337 0.7986
7205.0000 422 338 0.8009
7206.0000 423 338 0.7991
7222.0000 424 338 0.7972
7240.0000 425 338 0.7953
7257.0000 426 338 0.7934
7261.0000 426 339 0.7958
7273.0000 427 339 0.7939
7287.0000 427 340 0.7963
7292.0000 428 340 0.7944
7295.0000 428 341 0.7967
7307.0000 428 342 0.7991
7309.0000 429 342 0.7972
7327.0000 430 342 0.7953
7345.0000 431 342 0.7935
7348.0000 431 343 0.7958
7348.0000 431 344 0.7981
7364.0000 432 344 0.7963
7366.0000 432 345 0.7986
7380.0000 433 345 0.7968
7391.0000 433 346 0.7991
7399.0000 434 346 0.7972
7414.0000 435 346 0.7954
7418.0000 435 347 0.7977
7423.0000 435 348 0.8000
7429.0000 436 348 0.7982
7434.0000 436 349 0.8005
7446.0000 437 349 0.7986
7450.0000 437 350 0.8009
7461.0000 437 351 0.8032
7465.0000 438 351 0.8014
7481.0000 438 352 0.8037
7482.0000 439 352 0.8018
7495.0000 439 353 0.8041
7500.0000 440 353 0.8023
7504.0000 440 354 0.8045
7518.0000 441 354 0.8027
7533.0000 441 355 0.8050
7537.0000 442 355 0.8032
7556.0000 443 355 0.8014
7571.0000 444 355 0.7995
7587.0000 445 355 0.7978
7587.0000 445 356 0.8000
7591.0000 445 357 0.8022
7604.0000 446 357 0.8004
7619.0000 447 357 0.7987
7620.0000 447 358 0.8009
7635.0000 448 358 0.7991
7648.0000 448 359 0.8013
7654.0000 449 359 0.7996
7672.0000 450 359 0.7978
7677.0000 450 360 0.8000
7691.0000 451 360 0.7982
7706.0000 452 360 0.7965
7716.0000 452 361 0.7987
7725.0000 453 361 0.7969
7742.0000 454 361 0.7952
7753.0000 454 362 0.7974
7756.0000 454 363 0.7996
7757.0000 455 363 0.7978
7774.0000 456 363 0.7961
7790.0000 457 363 0.7943
7806.0000 458 363 0.7926
7824.0000 459 363 0.7908
7830.0000 459 364 0.7930
7835.0000 459 365 0.7952
7839.0000 459 366 0.7974
7842.0000 460 366 0.7957
7859.0000 461 366 0.7939
7876.0000 461 367 0.7961
7878.0000 462 367 0.7944
7885.0000 462 368 0.7965
7894.0000 462 369 0.7987
7895.0000 463 369 0.7970
7899.0000 463 370 0.7991
7900.0000 463 371 0.8013
7901.0000 463 372 0.8035
7903.0000 463 373 0.8056
7903.0000 463 374 0.8078
7906.0000 463 375 0.8099
7910.0000 464 375 0.8082
7914.0000 464 376 0.8103
7916.0000 464 377 0.8125
7918.0000 464 378 0.8147
7922.0000 464 379 0.8168
7928.0000 465 379 0.8151
7937.0000 465 380 0.8172
7943.0000 466 380 0.8155
7961.0000 467 380 0.8137
7977.0000 468 380 0.8120
7982.0000 468 381 0.8141
7994.0000 469 381 0.8124
8013.0000 470 381 0.8106
8028.0000 471 381 0.8089
8033.0000 471 382 0.8110
8046.0000 472 382 0.8093
8055.0000 472 383 0.8114
8065.0000 473 383 0.8097
8067.0000 473 384 0.8118
8082.0000 474 384 0.8101
8097.0000 475 384 0.8084
8113.0000 476 384 0.8067
8122.0000 476 385 0.8088
8132.0000 477 385 0.8071
8147.0000 478 385 0.8054
8148.0000 478 386 0.8075
8163.0000 479 386 0.8058
8176.0000 479 387 0.8079
8182.0000 480 387 0.8063
8198.0000 481 387 0.8046
8199.0000 481 388 0.8067
8201.0000 481 389 0.8087
8214.0000 482 389 0.8071
8230.0000 483 389 0.8054
8243.0000 483 390 0.8075
8247.0000 484 390 0.8058
8251.0000 484 391 0.8079
8266.0000 485 391 0.8062
8277.0000 485 392 0.8082
8281.0000 486 392 0.8066
8296.0000 487 392 0.8049
8313.0000 488 392 0.8033
8331.0000 489 392 0.8016
8349.0000 490 392 0.8000
8351.0000 490 393 0.8020
8364.0000 490 394 0.8041
8365.0000 490 395 0.8061
8367.0000 491 395 0.8045
8386.0000 492 395 0.8028
8403.0000 493 395 0.8012
8422.0000 494 395 0.7996
8433.0000 494 396 0.8016
8437.0000 495 396 0.8000
8438.0000 495 397 0.8020
8439.0000 495 398 0.8040
8454.0000 496 398 0.8024
8470.0000 497 398 0.8008
8488.0000 498 398 0.7992
8489.0000 498 399 0.8012
8504.0000 499 399 0.7996
8507.0000 499 400 0.8016
8522.0000 500 400 0.8000
8540.0000 501 400 0.7984
8558.0000 502 400 0.7968
8565.0000 502 401 0.7988
8571.0000 502 402 0.8008
8574.0000 503 402 0.7992
8578.0000 503 403 0.8012
8591.0000 504 403 0.7996
8604.0000 504 404 0.8016
8607.0000 505 404 0.8000
8624.0000 506 404 0.7984
8626.0000 506 405 0.8004
8641.0000 506 406 0.8024
8643.0000 507 406 0.8008
8659.0000 508 406 0.7992
8660.0000 508 407 0.8012
8675.0000 509 407 0.7996
8675.0000 509 408 0.8016
8680.0000 509 409 0.8035
8682.0000 509 410 0.8055
8682.0000 509 411 0.8075
8683.0000 509 412 0.8094
8684.0000 509 413 0.8114
8690.0000 510 413 0.8098
8692.0000 510 414 0.8118
8701.0000 510 415 0.8137
8705.0000 510 416 0.8157
8706.0000 511 416 0.8141
8718.0000 511 417 0.8160
8722.0000 511 418 0.8180
8724.0000 512 418 0.8164
8724.0000 512 419 0.8184
8737.0000 512 420 0.8203
8737.0000 512 421 0.8223
8742.0000 513 421 0.8207
8758.0000 513 422 0.8226
8759.0000 513 423 0.8246
8761.0000 514 423 0.8230
8761.0000 514 424 0.8249
8770.0000 514 425 0.8268
8773.0000 514 426 0.8288
8778.0000 515 426 0.8272
8795.0000 516 426 0.8256
8812.0000 517 426 0.8240
8831.0000 518 426 0.8224
8835.0000 518 427 0.8243
8838.0000 518 428 0.8263
8840.0000 518 429 0.8282
8845.0000 518 430 0.8301
8847.0000 518 431 0.8320
8849.0000 519 431 0.8304
8865.0000 520 431 0.8288
8866.0000 520 432 0.8308
8881.0000 521 432 0.8292
8896.0000 522 432 0.8276
8915.0000 523 432 0.8260
8916.0000 523 433 0.8279
8928.0000 523 434 0.8298
8932.0000 524 434 0.8282
8949.0000 525 434 0.8267
8967.0000 525 435 0.8286
8967.0000 525 436 0.8305
8968.0000 526 436 0.8289
8979.0000 526 437 0.8308
8985.0000 527 437 0.8292
9000.0000 527 438 0.8311
9002.0000 527 439 0.8330
9004.0000 528 439 0.8314
9018.0000 528 440 0.8333
9022.0000 529 440 0.8318
9040.0000 530 440 0.8302
9044.0000 530 441 0.8321
9048.0000 530 442 0.8340
9055.0000 531 442 0.8324
9065.0000 531 443 0.8343
9071.0000 532 443 0.8327
9090.0000 533 443 0.8311
9108.0000 534 443 0.8296
9125.0000 535 443 0.8280
9142.0000 535 444 0.8299
9144.0000 536 444 0.8284
9149.0000 536 445 0.8302
9154.0000 536 446 0.8321
9162.0000 537 446 0.8305
9168.0000 537 447 0.8324
9178.0000 538 447 0.8309
9194.0000 539 447 0.8293
9195.0000 539 448 0.8312
9211.0000 540 448 0.8296
9226.0000 541 448 0.8281
9227.0000 541 449 0.8299
9241.0000 541 450 0.8318
9243.0000 542 450 0.8303
9261.0000 543 450 0.8287
9278.0000 544 450 0.8272
9296.0000 545 450 0.8257
9308.0000 545 451 0.8275
9312.0000 546 451 0.8260
9331.0000 547 451 0.8245
9333.0000 547 452 0.8263
9338.0000 547 453 0.8282
9343.0000 547 454 0.8300
9343.0000 547 455 0.8318
9350.0000 548 455 0.8303
9352.0000 548 456 0.8321
9362.0000 548 457 0.8339
9365.0000 548 458 0.8358
9365.0000 548 459 0.8376
9366.0000 548 460 0.8394
9369.0000 549 460 0.8379
9384.0000 549 461 0.8397
9387.0000 550 461 0.8382
9403.0000 550 462 0.8400
9406.0000 551 462 0.8385
9410.0000 551 463 0.8403
9418.0000 551 464 0.8421
9421.0000 551 465 0.8439
9424.0000 552 465 0.8424
9427.0000 552 466 0.8442
9437.0000 552 467 0.8460
9439.0000 553 467 0.8445
9446.0000 553 468 0.8463
9447.0000 553 469 0.8481
9455.0000 554 469 0.8466
9471.0000 555 469 0.8450
9487.0000 556 469 0.8435
9505.0000 557 469 0.8420
9522.0000 558 469 0.8405
9541.0000 559 469 0.8390
9545.0000 559 470 0.8408
9558.0000 559 471 0.8426
9559.0000 560 471 0.8411
9577.0000 561 471 0.8396
9582.0000 561 472 0.8414
9594.0000 562 472 0.8399
9610.0000 563 472 0.8384
9625.0000 564 472 0.8369
9626.0000 564 473 0.8387
9643.0000 565 473 0.8372
9660.0000 566 473 0.8357
9663.0000 566 474 0.8375
9664.0000 566 475 0.8392
9666.0000 566 476 0.8410
9677.0000 567 476 0.8395
9687.0000 567 477 0.8413
9696.0000 568 477 0.8398
9697.0000 568 478 0.8415
9711.0000 569 478 0.8401
9728.0000 569 479 0.8418
9730.0000 570 479 0.8404
9733.0000 570 480 0.8421
9745.0000 571 480 0.8406
9749.0000 571 481 0.8424
9753.0000 571 482 0.8441
9763.0000 572 482 0.8427
9778.0000 573 482 0.8412
9797.0000 574 482 0.8397
9815.0000 575 482 0.8383
9828.0000 575 483 0.8400
9829.0000 575 484 0.8417
9834.0000 576 484 0.8403
9842.0000 576 485 0.8420
9853.0000 577 485 0.8406
9854.0000 577 486 0.8423
9871.0000 578 486 0.8408
9874.0000 578 487 0.8426
9886.0000 579 487 0.8411
9887.0000 579 488 0.8428
9891.0000 579 489 0.8446
9896.0000 579 490 0.8463
9902.0000 580 490 0.8448
9910.0000 580 491 0.8466
9919.0000 580 492 0.8483
9920.0000 581 492 0.8468
9938.0000 582 492 0.8454
9941.0000 582 493 0.8471
9955.0000 583 493 0.8456
9966.0000 583 494 0.8473
9973.0000 584 494 0.8459
9989.0000 585 494 0.8444
9996.0000 585 495 0.8462
10005.0000 586 495 0.8447
10024.0000 587 495 0.8433
10039.0000 587 496 0.8450
10040.0000 588 496 0.8435
10048.0000 588 497 0.8452
10059.0000 589 497 0.8438
10060.0000 589 498 0.8455
10076.0000 590 498 0.8441
10077.0000 590 499 0.8458
10094.0000 591 499 0.8443
10111.0000 592 499 0.8429
10117.0000 592 500 0.8446
10120.0000 592 501 0.8463
10122.0000 592 502 0.8480
10130.0000 593 502 0.8465
10147.0000 594 502 0.8451
10165.0000 595 502 0.8437
10170.0000 595 503 0.8454
10181.0000 596 503 0.8440
10184.0000 596 504 0.8456
10197.0000 597 504 0.8442
10214.0000 598 504 0.8428
10217.0000 598 505 0.8445
10223.0000 598 506 0.8462
10233.0000 599 506 0.8447
10248.0000 600 506 0.8433
10267.0000 601 506 0.8419
10273.0000 601 507 0.8436
10277.0000 601 508 0.8453
10284.0000 602 508 0.8439
10287.0000 602 509 0.8455
10300.0000 603 509 0.8441
10302.0000 603 510 0.8458
10315.0000 603 511 0.8474
10319.0000 604 511 0.8460
10338.0000 605 511 0.8446
10357.0000 606 511 0.8432
10362.0000 606 512 0.8449
10368.0000 606 513 0.8465
10372.0000 607 513 0.8451
10385.0000 607 514 0.8468
10390.0000 607 515 0.8484
10391.0000 608 515 0.8470
10392.0000 608 516 0.8487
10410.0000 609 516 0.8473
10429.0000 610 516 0.8459
10436.0000 610 517 0.8475
10444.0000 611 517 0.8462
10452.0000 611 518 0.8478
10461.0000 612 518 0.8464
10476.0000 613 518 0.8450
10494.0000 614 518 0.8436
10503.0000 614 519 0.8453
10505.0000 614 520 0.8469
10510.0000 615 520 0.8455
10526.0000 616 520 0.8442
10542.0000 617 520 0.8428
10560.0000 618 520 0.8414
10575.0000 619 520 0.8401
10590.0000 620 520 0.8387
10609.0000 621 520 0.8374
10618.0000 621 521 0.8390
10625.0000 622 521 0.8376
10642.0000 623 521 0.8363
10644.0000 623 522 0.8379
10658.0000 624 522 0.8365
10675.0000 625 522 0.8352
10687.0000 625 523 0.8368
10689.0000 625 524 0.8384
10691.0000 625 525 0.8400
10694.0000 626 525 0.8387
10711.0000 627 525 0.8373
10727.0000 628 525 0.8360
10742.0000 629 525 0.8347
10743.0000 629 526 0.8362
10760.0000 630 526 0.8349
10763.0000 630 527 0.8365
10779.0000 631 527 0.8352
10781.0000 631 528 0.8368
10782.0000 631 529 0.8384
10793.0000 631 530 0.8399
10796.0000 632 530 0.8386
10804.0000 632 531 0.8402
10807.0000 632 532 0.8418
10812.0000 633 532 0.8404
10812.0000 633 533 0.8420
10825.0000 633 534 0.8436
10830.0000 634 534 0.8423
10832.0000 634 535 0.8438
10846.0000 634 536 0.8454
10847.0000 635 536 0.8441
10849.0000 635 537 0.8457
10865.0000 636 537 0.8443
10873.0000 636 538 0.8459
10884.0000 637 538 0.8446
10903.0000 638 538 0.8433
10922.0000 639 538 0.8419
10939.0000 640 538 0.8406
10943.0000 640 539 0.8422
10944.0000 640 540 0.8438
10955.0000 641 540 0.8424
10972.0000 642 540 0.8411
10991.0000 643 540 0.8398
10996.0000 643 541 0.8414
11006.0000 644 541 0.8401
11025.0000 645 541 0.8388
11041.0000 646 541 0.8375
11059.0000 647 541 0.8362
11060.0000 647 542 0.8377
11078.0000 648 542 0.8364
11094.0000 649 542 0.8351
11096.0000 649 543 0.8367
11110.0000 649 544 0.8382
11111.0000 650 544 0.8369
11112.0000 650 545 0.8385
11114.0000 650 546 0.8400
11117.0000 650 547 0.8415
11128.0000 651 547 0.8402
11132.0000 651 548 0.8418
11142.0000 651 549 0.8433
11144.0000 652 549 0.8420
11144.0000 652 550 0.8436
11145.0000 652 551 0.8451
11160.0000 653 551 0.8438
11162.0000 653 552 0.8453
11162.0000 653 553 0.8469
11165.0000 653 554 0.8484
11176.0000 654 554 0.8471
11183.0000 654 555 0.8486
11195.0000 655 555 0.8473
11196.0000 655 556 0.8489
11200.0000 655 557 0.8504
11202.0000 655 558 0.8519
11205.0000 655 559 0.8534
11208.0000 655 560 0.8550
11211.0000 656 560 0.8537
11216.0000 656 561 0.8552
11216.0000 656 562 0.8567
11229.0000 657 562 0.8554
11240.0000 657 563 0.8569
11242.0000 657 564 0.8584
11245.0000 658 564 0.8571
11260.0000 659 564 0.8558
11275.0000 660 564 0.8545
11285.0000 660 565 0.8561
11289.0000 660 566 0.8576
11290.0000 661 566 0.8563
11290.0000 661 567 0.8578
11305.0000 662 567 0.8565
11309.0000 662 568 0.8580
11313.0000 662 569 0.8595
11320.0000 663 569 0.8582
11336.0000 664 569 0.8569
11353.0000 665 569 0.8556
11354.0000 665 570 0.8571
11372.0000 666 570 0.8559
11372.0000 666 571 0.8574
11387.0000 667 571 0.8561
11404.0000 667 572 0.8576
11406.0000 668 572 0.8563
11420.0000 668 573 0.8578
11422.0000 668 574 0.8593
11425.0000 669 574 0.8580
11444.0000 670 574 0.8567
11447.0000 670 575 0.8582
11461.0000 671 575 0.8569
11480.0000 672 575 0.8557
11489.0000 672 576 0.8571
11497.0000 672 577 0.8586
11499.0000 673 577 0.8574
11518.0000 674 577 0.8561
11520.0000 674 578 0.8576
11535.0000 675 578 0.8563
11539.0000 675 579 0.8578
11550.0000 676 579 0.8565
11567.0000 677 579 0.8552
11579.0000 677 580 0.8567
11586.0000 678 580 0.8555
11604.0000 679 580 0.8542
11605.0000 679 581 0.8557
11606.0000 679 582 0.8571
11622.0000 680 582 0.8559
11640.0000 681 582 0.8546
11657.0000 682 582 0.8534
11660.0000 682 583 0.8548
11673.0000 683 583 0.8536
11679.0000 683 584 0.8551
11692.0000 684 584 0.8538
11711.0000 685 584 0.8526
11723.0000 685 585 0.8540
11729.0000 686 585 0.8528
11747.0000 687 585 0.8515
11762.0000 688 585 0.8503
11768.0000 688 586 0.8517
11776.0000 688 587 0.8532
11777.0000 689 587 0.8520
11795.0000 690 587 0.8507
11814.0000 691 587 0.8495
11815.0000 691 588 0.8509
11829.0000 692 588 0.8497
11830.0000 692 589 0.8512
11844.0000 693 589 0.8499
11856.0000 693 590 0.8514
11859.0000 693 591 0.8528
11860.0000 694 591 0.8516
11873.0000 694 592 0.8530
11876.0000 695 592 0.8518
11886.0000 695 593 0.8532
11893.0000 696 593 0.8520
11896.0000 696 594 0.8534
11900.0000 696 595 0.8549
11903.0000 696 596 0.8563
11910.0000 697 596 0.8551
11910.0000 697 597 0.8565
11926.0000 698 597 0.8553
11943.0000 699 597 0.8541
11944.0000 699 598 0.8555
11959.0000 700 598 0.8543
11961.0000 700 599 0.8557
11974.0000 700 600 0.8571
11976.0000 701 600 0.8559
11976.0000 701 601 0.8573
11992.0000 701 602 0.8588
11993.0000 702 602 0.8575
12012.0000 703 602 0.8563
12027.0000 704 602 0.8551
12044.0000 705 602 0.8539
12045.0000 705 603 0.8553
12060.0000 706 603 0.8541
12071.0000 706 604 0.8555
12076.0000 707 604 0.8543
12092.0000 707 605 0.8557
12095.0000 708 605 0.8545
12113.0000 709 605 0.8533
12114.0000 709 606 0.8547
12116.0000 709 607 0.8561
12116.0000 709 608 0.8575
12122.0000 709 609 0.8590
12131.0000 710 609 0.8577
12149.0000 711 609 0.8565
12167.0000 712 609 0.8553
12181.0000 712 610 0.8567
12182.0000 713 610 0.8555
12199.0000 714 610 0.8543
12217.0000 715 610 0.8531
12235.0000 716 610 0.8520
12237.0000 716 611 0.8534
12242.0000 716 612 0.8547
12251.0000 717 612 0.8536
12270.0000 718 612 0.8524
12270.0000 718 613 0.8538
12286.0000 719 613 0.8526
12288.0000 719 614 0.8540
12293.0000 719 615 0.8554
12294.0000 719 616 0.8567
12295.0000 719 617 0.8581
12304.0000 720 617 0.8569
12304.0000 720 618 0.8583
12317.0000 720 619 0.8597
12322.0000 720 620 0.8611
12323.0000 721 620 0.8599
12323.0000 721 621 0.8613
12325.0000 721 622 0.8627
12327.0000 721 623 0.8641
12335.0000 721 624 0.8655
12340.0000 722 624 0.8643
12344.0000 722 625 0.8657
12355.0000 723 625 0.8645
12361.0000 723 626 0.8658
12373.0000 724 626 0.8646
12379.0000 724 627 0.8660
12383.0000 724 628 0.8674
12384.0000 724 629 0.8688
12388.0000 725 629 0.8676
12388.0000 725 630 0.8690
12406.0000 726 630 0.8678
12418.0000 726 631 0.8691
12422.0000 727 631 0.8680
12438.0000 728 631 0.8668
12452.0000 728 632 0.8681
12456.0000 729 632 0.8669
12457.0000 729 633 0.8683
12473.0000 730 633 0.8671
12488.0000 731 633 0.8659
12504.0000 732 633 0.8648
12520.0000 733 633 0.8636
12539.0000 734 633 0.8624
12540.0000 734 634 0.8638
12554.0000 735 634 0.8626
12571.0000 735 635 0.8639
12573.0000 736 635 0.8628
12578.0000 736 636 0.8641
12592.0000 737 636 0.8630
12610.0000 738 636 0.8618
12613.0000 738 637 0.8631
12625.0000 739 637 0.8620
12629.0000 739 638 0.8633
12634.0000 739 639 0.8647
12635.0000 739 640 0.8660
12641.0000 740 640 0.8649
12650.0000 740 641 0.8662
12658.0000 741 641 0.8650
12677.0000 742 641 0.8639
12679.0000 742 642 0.8652
12695.0000 743 642 0.8641
12701.0000 743 643 0.8654
12714.0000 744 643 0.8642
12732.0000 745 643 0.8631
12740.0000 745 644 0.8644
12748.0000 746 644 0.8633
12763.0000 747 644 0.8621
12766.0000 747 645 0.8635
12781.0000 748 645 0.8623
12800.0000 749 645 0.8611
12811.0000 749 646 0.8625
12815.0000 749 647 0.8638
12818.0000 750 647 0.8627
12831.0000 750 648 0.8640
12832.0000 750 649 0.8653
12833.0000 751 649 0.8642
12835.0000 751 650 0.8655
12848.0000 752 650 0.8644
12866.0000 753 650 0.8632
12875.0000 753 651 0.8645
12885.0000 754 651 0.8634
12902.0000 755 651 0.8623
12906.0000 755 652 0.8636
12908.0000 755 653 0.8649
12920.0000 756 653 0.8638
12935.0000 757 653 0.8626
12941.0000 757 654 0.8639
12944.0000 757 655 0.8653
12951.0000 758 655 0.8641
12967.0000 759 655 0.8630
12983.0000 760 655 0.8618
12998.0000 761 655 0.8607
13006.0000 761 656 0.8620
13015.0000 762 656 0.8609
13017.0000 762 657 0.8622
13031.0000 763 657 0.8611
13045.0000 763 658 0.8624
13049.0000 764 658 0.8613
13064.0000 764 659 0.8626
13068.0000 765 659 0.8614
13086.0000 766 659 0.8603
13103.0000 767 659 0.8592
13104.0000 767 660 0.8605
13118.0000 768 660 0.8594
13136.0000 769 660 0.8583
13137.0000 769 661 0.8596
13153.0000 770 661 0.8584
13158.0000 770 662 0.8597
13168.0000 771 662 0.8586
13173.0000 771 663 0.8599
13185.0000 772 663 0.8588
13187.0000 772 664 0.8601
13201.0000 773 664 0.8590
13220.0000 774 664 0.8579
13220.0000 774 665 0.8592
13221.0000 774 666 0.8605
13223.0000 774 667 0.8618
13236.0000 775 667 0.8606
13237.0000 775 668 0.8619
13242.0000 775 669 0.8632
13251.0000 776 669 0.8621
13251.0000 776 670 0.8634
13252.0000 776 671 0.8647
13255.0000 776 672 0.8660
13269.0000 777 672 0.8649
13279.0000 777 673 0.8662
13283.0000 777 674 0.8674
13284.0000 777 675 0.8687
13285.0000 778 675 0.8676
13293.0000 778 676 0.8689
13301.0000 779 676 0.8678
13301.0000 779 677 0.8691
13311.0000 779 678 0.8703
13317.0000 780 678 0.8692
13326.0000 780 679 0.8705
13336.0000 781 679 0.8694
13336.0000 781 680 0.8707
13338.0000 781 681 0.8720
13338.0000 781 682 0.8732
13345.0000 781 683 0.8745
13354.0000 782 683 0.8734
13363.0000 782 684 0.8747
13369.0000 783 684 0.8736
13384.0000 784 684 0.8724
13399.0000 785 684 0.8713
13410.0000 785 685 0.8726
13414.0000 786 685 0.8715
13415.0000 786 686 0.8728
13421.0000 786 687 0.8740
13429.0000 787 687 0.8729
13444.0000 788 687 0.8718
13452.0000 788 688 0.8731
13453.0000 788 689 0.8744
13455.0000 788 690 0.8756
13461.0000 789 690 0.8745
13476.0000 790 690 0.8734
13486.0000 790 691 0.8747
13489.0000 790 692 0.8759
13490.0000 790 693 0.8772
13491.0000 791 693 0.8761
13492.0000 791 694 0.8774
13500.0000 791 695 0.8786
13507.0000 791 696 0.8799
13508.0000 792 696 0.8788
13508.0000 792 697 0.8801
13510.0000 792 698 0.8813
13512.0000 792 699 0.8826
13523.0000 793 699 0.8815
13528.0000 793 700 0.8827
13538.0000 793 701 0.8840
13540.0000 793 702 0.8852
13542.0000 794 702 0.8841
13559.0000 795 702 0.8830
13561.0000 795 703 0.8843
13574.0000 796 703 0.8832
13576.0000 796 704 0.8844
13579.0000 796 705 0.8857
13584.0000 796 706 0.8869
13591.0000 797 706 0.8858
13609.0000 798 706 0.8847
13622.0000 798 707 0.8860
13628.0000 799 707 0.8849
13643.0000 800 707 0.8838
13661.0000 801 707 0.8826
13674.0000 801 708 0.8839
13677.0000 802 708 0.8828
13693.0000 803 708 0.8817
13696.0000 803 709 0.8829
13703.0000 803 710 0.8842
13710.0000 804 710 0.8831
13711.0000 804 711 0.8843
13729.0000 805 711 0.8832
13731.0000 805 712 0.8845
13746.0000 806 712 0.8834
13759.0000 806 713 0.8846
13760.0000 806 714 0.8859
13761.0000 806 715 0.8871
13765.0000 807 715 0.8860
13781.0000 808 715 0.8849
13792.0000 808 716 0.8861
13796.0000 809 716 0.8850
13804.0000 809 717 0.8863
13807.0000 809 718 0.8875
13813.0000 810 718 0.8864
13820.0000 810 719 0.8877
13829.0000 811 719 0.8866
13838.0000 811 720 0.8878
13848.0000 812 720 0.8867
13851.0000 812 721 0.8879
13860.0000 812 722 0.8892
13861.0000 812 723 0.8904
13861.0000 812 724 0.8916
13863.0000 812 725 0.8929
13864.0000 812 726 0.8941
13867.0000 813 726 0.8930
13882.0000 814 726 0.8919
13892.0000 814 727 0.8931
13893.0000 814 728 0.8943
13897.0000 815 728 0.8933
13903.0000 815 729 0.8945
13913.0000 816 729 0.8934
13932.0000 817 729 0.8923
13948.0000 818 729 0.8912
13957.0000 818 730 0.8924
13963.0000 819 730 0.8913
13964.0000 819 731 0.8926
13966.0000 819 732 0.8938
13967.0000 819 733 0.8950
13978.0000 819 734 0.8962
13979.0000 820 734 0.8951
13989.0000 820 735 0.8963
13994.0000 821 735 0.8952
13994.0000 821 736 0.8965
13995.0000 821 737 0.8977
14012.0000 822 737 0.8966
14014.0000 822 738 0.8978
14027.0000 823 738 0.8967
14044.0000 824 738 0.8956
14055.0000 824 739 0.8968
14059.0000 825 739 0.8958
14060.0000 825 740 0.8970
14066.0000 825 741 0.8982
14075.0000 826 741 0.8971
14078.0000 826 742 0.8983
14094.0000 827 742 0.8972
14109.0000 828 742 0.8961
14110.0000 828 743 0.8973
14113.0000 828 744 0.8986
14124.0000 829 744 0.8975
14125.0000 829 745 0.8987
14140.0000 830 745 0.8976
14158.0000 831 745 0.8965
14162.0000 831 746 0.8977
14165.0000 831 747 0.8989
14166.0000 831 748 0.9001
14174.0000 832 748 0.8990
14193.0000 833 748 0.8980
14210.0000 834 748 0.8969
14225.0000 835 748 0.8958
14227.0000 835 749 0.8970
14240.0000 836 749 0.8959
14259.0000 837 749 0.8949
14278.0000 838 749 0.8938
14278.0000 838 750 0.8950
14278.0000 838 751 0.8962
14294.0000 839 751 0.8951
14313.0000 840 751 0.8940
14316.0000 840 752 0.8952
14322.0000 840 753 0.8964
14330.0000 841 753 0.8954
14338.0000 841 754 0.8966
14339.0000 841 755 0.8977
14345.0000 842 755 0.8967
14345.0000 842 756 0.8979
14360.0000 843 756 0.8968
14379.0000 844 756 0.8957
14383.0000 844 757 0.8969
14396.0000 845 757 0.8959
