# time  created  delivered  delivered/created
19.0000 1 0 0.0000
34.0000 2 0 0.0000
51.0000 3 0 0.0000
54.0000 3 1 0.3333
64.0000 3 2 0.6667
70.0000 4 2 0.5000
87.0000 5 2 0.4000
93.0000 5 3 0.6000
100.0000 5 4 0.8000
103.0000 6 4 0.6667
111.0000 6 5 0.8333
120.0000 7 5 0.7143
136.0000 8 5 0.6250
147.0000 8 6 0.7500
155.0000 9 6 0.6667
159.0000 9 7 0.7778
173.0000 10 7 0.7000
192.0000 11 7 0.6364
208.0000 12 7 0.5833
210.0000 12 8 0.6667
227.0000 13 8 0.6154
237.0000 13 9 0.6923
245.0000 14 9 0.6429
252.0000 14 10 0.7143
261.0000 15 10 0.6667
272.0000 15 11 0.7333
276.0000 16 11 0.6875
289.0000 16 12 0.7500
293.0000 17 12 0.7059
294.0000 17 13 0.7647
309.0000 18 13 0.7222
328.0000 19 13 0.6842
329.0000 19 14 0.7368
346.0000 20 14 0.7000
365.0000 21 14 0.6667
380.0000 22 14 0.6364
395.0000 23 14 0.6087
410.0000 24 14 0.5833
414.0000 24 15 0.6250
429.0000 25 15 0.6000
445.0000 26 15 0.5769
461.0000 27 15 0.5556
461.0000 27 16 0.5926
480.0000 28 16 0.5714
481.0000 28 17 0.6071
497.0000 29 17 0.5862
509.0000 29 18 0.6207
515.0000 30 18 0.6000
534.0000 31 18 0.5806
553.0000 32 18 0.5625
570.0000 33 18 0.5455
588.0000 34 18 0.5294
600.0000 34 19 0.5588
600.0000 34 20 0.5882
606.0000 34 21 0.6176
607.0000 35 21 0.6000
622.0000 36 21 0.5833
638.0000 37 21 0.5676
647.0000 37 22 0.5946
656.0000 38 22 0.5789
661.0000 38 23 0.6053
662.0000 38 24 0.6316
671.0000 39 24 0.6154
688.0000 40 24 0.6000
698.0000 40 25 0.6250
707.0000 41 25 0.6098
709.0000 41 26 0.6341
726.0000 42 26 0.6190
741.0000 43 26 0.6047
760.0000 44 26 0.5909
779.0000 45 26 0.5778
795.0000 45 27 0.6000
798.0000 46 27 0.5870
813.0000 47 27 0.5745
828.0000 48 27 0.5625
846.0000 49 27 0.5510
861.0000 50 27 0.5400
876.0000 51 27 0.5294
895.0000 52 27 0.5192
914.0000 53 27 0.5094
933.0000 54 27 0.5000
952.0000 55 27 0.4909
957.0000 55 28 0.5091
969.0000 56 28 0.5000
973.0000 56 29 0.5179
986.0000 57 29 0.5088
987.0000 57 30 0.5263
995.0000 57 31 0.5439
1004.0000 58 31 0.5345
1022.0000 59 31 0.5254
1038.0000 60 31 0.5167
1057.0000 61 31 0.5082
1076.0000 62 31 0.5000
1095.0000 63 31 0.4921
1111.0000 64 31 0.4844
1126.0000 65 31 0.4769
1143.0000 66 31 0.4697
1145.0000 66 32 0.4848
1160.0000 67 32 0.4776
1172.0000 67 33 0.4925
1173.0000 67 34 0.5075
1179.0000 68 34 0.5000
1186.0000 68 35 0.5147
1196.0000 69 35 0.5072
1198.0000 69 36 0.5217
1214.0000 70 36 0.5143
1224.0000 70 37 0.5286
1225.0000 70 38 0.5429
1228.0000 70 39 0.5571
1232.0000 71 39 0.5493
1234.0000 71 40 0.5634
1251.0000 72 40 0.5556
1270.0000 73 40 0.5479
1287.0000 74 40 0.5405
1290.0000 74 41 0.5541
1294.0000 74 42 0.5676
1305.0000 75 42 0.5600
1321.0000 76 42 0.5526
1336.0000 77 42 0.5455
1337.0000 77 43 0.5584
1352.0000 78 43 0.5513
1365.0000 78 44 0.5641
1368.0000 79 44 0.5570
1382.0000 79 45 0.5696
1383.0000 79 46 0.5823
1386.0000 80 46 0.5750
1401.0000 81 46 0.5679
1420.0000 82 46 0.5610
1438.0000 83 46 0.5542
1453.0000 84 46 0.5476
1468.0000 85 46 0.5412
1484.0000 86 46 0.5349
1486.0000 86 47 0.5465
1502.0000 87 47 0.5402
1517.0000 88 47 0.5341
1536.0000 89 47 0.5281
1552.0000 90 47 0.5222
1570.0000 91 47 0.5165
1571.0000 91 48 0.5275
1586.0000 92 48 0.5217
1588.0000 92 49 0.5326
1601.0000 93 49 0.5269
1617.0000 94 49 0.5213
1619.0000 94 50 0.5319
1634.0000 95 50 0.5263
1649.0000 96 50 0.5208
1666.0000 96 51 0.5313
1668.0000 97 51 0.5258
1674.0000 97 52 0.5361
1678.0000 97 53 0.5464
1684.0000 98 53 0.5408
1703.0000 99 53 0.5354
1718.0000 100 53 0.5300
1733.0000 100 54 0.5400
1735.0000 101 54 0.5347
1742.0000 101 55 0.5446
1750.0000 102 55 0.5392
1760.0000 102 56 0.5490
1765.0000 103 56 0.5437
1766.0000 103 57 0.5534
1772.0000 103 58 0.5631
1783.0000 104 58 0.5577
1787.0000 104 59 0.5673
1802.0000 105 59 0.5619
1818.0000 106 59 0.5566
1833.0000 107 59 0.5514
1848.0000 108 59 0.5463
1863.0000 109 59 0.5413
1881.0000 110 59 0.5364
1900.0000 111 59 0.5315
1918.0000 112 59 0.5268
1937.0000 113 59 0.5221
1954.0000 114 59 0.5175
1970.0000 115 59 0.5130
1989.0000 116 59 0.5086
2008.0000 117 59 0.5043
2024.0000 118 59 0.5000
2029.0000 118 60 0.5085
2043.0000 119 60 0.5042
2061.0000 120 60 0.5000
2076.0000 121 60 0.4959
2078.0000 121 61 0.5041
2095.0000 122 61 0.5000
2103.0000 122 62 0.5082
2112.0000 123 62 0.5041
2131.0000 124 62 0.5000
2131.0000 124 63 0.5081
2140.0000 124 64 0.5161
2148.0000 125 64 0.5120
2163.0000 126 64 0.5079
2165.0000 126 65 0.5159
2179.0000 127 65 0.5118
2195.0000 128 65 0.5078
2213.0000 129 65 0.5039
2213.0000 129 66 0.5116
2232.0000 130 66 0.5077
2233.0000 130 67 0.5154
2236.0000 130 68 0.5231
2247.0000 130 69 0.5308
2248.0000 131 69 0.5267
2255.0000 131 70 0.5344
2259.0000 131 71 0.5420
2264.0000 132 71 0.5379
2283.0000 133 71 0.5338
2302.0000 134 71 0.5299
2304.0000 134 72 0.5373
2321.0000 135 72 0.5333
2336.0000 136 72 0.5294
2352.0000 137 72 0.5255
2367.0000 138 72 0.5217
2385.0000 139 72 0.5180
2404.0000 140 72 0.5143
2423.0000 141 72 0.5106
2438.0000 142 72 0.5070
2449.0000 142 73 0.5141
2456.0000 143 73 0.5105
2472.0000 144 73 0.5069
2489.0000 145 73 0.5034
2507.0000 146 73 0.5000
2508.0000 146 74 0.5068
2523.0000 147 74 0.5034
2538.0000 148 74 0.5000
2557.0000 149 74 0.4966
2557.0000 149 75 0.5034
2558.0000 149 76 0.5101
2575.0000 150 76 0.5067
2591.0000 151 76 0.5033
2606.0000 152 76 0.5000
2623.0000 153 76 0.4967
2627.0000 153 77 0.5033
2628.0000 153 78 0.5098
2640.0000 154 78 0.5065
2645.0000 154 79 0.5130
2655.0000 155 79 0.5097
2669.0000 155 80 0.5161
2671.0000 156 80 0.5128
2689.0000 157 80 0.5096
2693.0000 157 81 0.5159
2700.0000 157 82 0.5223
2704.0000 157 83 0.5287
2706.0000 158 83 0.5253
2710.0000 158 84 0.5316
2716.0000 158 85 0.5380
2717.0000 158 86 0.5443
2725.0000 159 86 0.5409
2730.0000 159 87 0.5472
2741.0000 160 87 0.5438
2757.0000 161 87 0.5404
2761.0000 161 88 0.5466
2772.0000 162 88 0.5432
2787.0000 163 88 0.5399
2802.0000 164 88 0.5366
2817.0000 165 88 0.5333
2823.0000 165 89 0.5394
2835.0000 166 89 0.5361
2846.0000 166 90 0.5422
2852.0000 166 91 0.5482
2853.0000 167 91 0.5449
2864.0000 167 92 0.5509
2868.0000 168 92 0.5476
2878.0000 168 93 0.5536
2883.0000 168 94 0.5595
2886.0000 169 94 0.5562
2902.0000 170 94 0.5529
2909.0000 170 95 0.5588
2917.0000 171 95 0.5556
2922.0000 171 96 0.5614
2931.0000 171 97 0.5673
2932.0000 171 98 0.5731
2933.0000 172 98 0.5698
2933.0000 172 99 0.5756
2936.0000 172 100 0.5814
2950.0000 172 101 0.5872
2952.0000 173 101 0.5838
2968.0000 174 101 0.5805
2968.0000 174 102 0.5862
2973.0000 174 103 0.5920
2984.0000 175 103 0.5886
2996.0000 175 104 0.5943
3000.0000 176 104 0.5909
3015.0000 177 104 0.5876
3031.0000 178 104 0.5843
3031.0000 178 105 0.5899
3037.0000 178 106 0.5955
3043.0000 178 107 0.6011
3050.0000 179 107 0.5978
3058.0000 179 108 0.6034
3065.0000 180 108 0.6000
3080.0000 181 108 0.5967
3082.0000 181 109 0.6022
3097.0000 182 109 0.5989
3100.0000 182 110 0.6044
3116.0000 183 110 0.6011
3135.0000 184 110 0.5978
3153.0000 185 110 0.5946
3158.0000 185 111 0.6000
3170.0000 186 111 0.5968
3185.0000 187 111 0.5936
3202.0000 188 111 0.5904
3210.0000 188 112 0.5957
3219.0000 189 112 0.5926
3235.0000 190 112 0.5895
3251.0000 191 112 0.5864
3270.0000 192 112 0.5833
3274.0000 192 113 0.5885
3289.0000 193 113 0.5855
3293.0000 193 114 0.5907
3308.0000 194 114 0.5876
3323.0000 195 114 0.5846
3324.0000 195 115 0.5897
3329.0000 195 116 0.5949
3335.0000 195 117 0.6000
3338.0000 196 117 0.5969
3357.0000 197 117 0.5939
3367.0000 197 118 0.5990
3373.0000 198 118 0.5960
3388.0000 199 118 0.5930
3403.0000 199 119 0.5980
3407.0000 200 119 0.5950
3415.0000 200 120 0.6000
3425.0000 201 120 0.5970
3431.0000 201 121 0.6020
3438.0000 201 122 0.6070
3438.0000 201 123 0.6119
3442.0000 202 123 0.6089
3447.0000 202 124 0.6139
3458.0000 203 124 0.6108
3460.0000 203 125 0.6158
3468.0000 203 126 0.6207
3475.0000 204 126 0.6176
3492.0000 205 126 0.6146
3505.0000 205 127 0.6195
3507.0000 205 128 0.6244
3511.0000 206 128 0.6214
3522.0000 206 129 0.6262
3529.0000 207 129 0.6232
3530.0000 207 130 0.6280
3534.0000 207 131 0.6329
3536.0000 207 132 0.6377
3539.0000 207 133 0.6425
3543.0000 207 134 0.6473
3543.0000 207 135 0.6522
3545.0000 207 136 0.6570
3547.0000 208 136 0.6538
3553.0000 208 137 0.6587
3559.0000 208 138 0.6635
3560.0000 208 139 0.6683
3566.0000 209 139 0.6651
3577.0000 209 140 0.6699
3578.0000 209 141 0.6746
3581.0000 210 141 0.6714
3600.0000 211 141 0.6682
3606.0000 211 142 0.6730
3617.0000 212 142 0.6698
3632.0000 213 142 0.6667
3634.0000 213 143 0.6714
3648.0000 214 143 0.6682
3651.0000 214 144 0.6729
3654.0000 214 145 0.6776
3660.0000 214 146 0.6822
3665.0000 215 146 0.6791
3669.0000 215 147 0.6837
3673.0000 215 148 0.6884
3680.0000 216 148 0.6852
3695.0000 217 148 0.6820
3710.0000 218 148 0.6789
3713.0000 218 149 0.6835
3729.0000 219 149 0.6804
3737.0000 219 150 0.6849
3748.0000 220 150 0.6818
3753.0000 220 151 0.6864
3763.0000 220 152 0.6909
3766.0000 221 152 0.6878
3770.0000 221 153 0.6923
3782.0000 221 154 0.6968
3783.0000 221 155 0.7014
3784.0000 222 155 0.6982
3792.0000 222 156 0.7027
3793.0000 222 157 0.7072
3802.0000 223 157 0.7040
3814.0000 223 158 0.7085
3821.0000 224 158 0.7054
3838.0000 225 158 0.7022
3841.0000 225 159 0.7067
3846.0000 225 160 0.7111
3856.0000 226 160 0.7080
3874.0000 227 160 0.7048
3888.0000 227 161 0.7093
3892.0000 228 161 0.7061
3896.0000 228 162 0.7105
3909.0000 229 162 0.7074
3911.0000 229 163 0.7118
3926.0000 230 163 0.7087
3945.0000 231 163 0.7056
3952.0000 231 164 0.7100
3954.0000 231 165 0.7143
3960.0000 232 165 0.7112
3978.0000 233 165 0.7082
3980.0000 233 166 0.7124
3995.0000 234 166 0.7094
4011.0000 234 167 0.7137
4014.0000 235 167 0.7106
4033.0000 236 167 0.7076
4037.0000 236 168 0.7119
4044.0000 236 169 0.7161
4052.0000 237 169 0.7131
4069.0000 238 169 0.7101
4087.0000 239 169 0.7071
4097.0000 239 170 0.7113
4101.0000 239 171 0.7155
4105.0000 240 171 0.7125
4113.0000 240 172 0.7167
4114.0000 240 173 0.7208
4124.0000 241 173 0.7178
4140.0000 242 173 0.7149
4141.0000 242 174 0.7190
4148.0000 242 175 0.7231
4153.0000 242 176 0.7273
4155.0000 242 177 0.7314
4158.0000 243 177 0.7284
4168.0000 243 178 0.7325
4177.0000 244 178 0.7295
4195.0000 245 178 0.7265
4196.0000 245 179 0.7306
4214.0000 246 179 0.7276
4232.0000 247 179 0.7247
4239.0000 247 180 0.7287
4251.0000 248 180 0.7258
4267.0000 249 180 0.7229
4282.0000 250 180 0.7200
4282.0000 250 181 0.7240
4297.0000 250 182 0.7280
4298.0000 251 182 0.7251
4304.0000 251 183 0.7291
4315.0000 252 183 0.7262
4330.0000 253 183 0.7233
4337.0000 253 184 0.7273
4345.0000 254 184 0.7244
4346.0000 254 185 0.7283
4362.0000 255 185 0.7255
4378.0000 256 185 0.7227
4395.0000 256 186 0.7266
4396.0000 257 186 0.7237
4402.0000 257 187 0.7276
4411.0000 257 188 0.7315
4412.0000 258 188 0.7287
4423.0000 258 189 0.7326
4429.0000 259 189 0.7297
4437.0000 259 190 0.7336
4448.0000 260 190 0.7308
4465.0000 261 