# time  created  delivered  delivered/created
19.0000 1 0 0.0000
34.0000 2 0 0.0000
51.0000 3 0 0.0000
67.0000 3 1 0.3333
70.0000 4 1 0.2500
86.0000 4 2 0.5000
87.0000 5 2 0.4000
103.0000 6 2 0.3333
117.0000 6 3 0.5000
120.0000 7 3 0.4286
122.0000 7 4 0.5714
125.0000 7 5 0.7143
127.0000 7 6 0.8571
136.0000 8 6 0.7500
155.0000 9 6 0.6667
162.0000 9 7 0.7778
173.0000 10 7 0.7000
192.0000 11 7 0.6364
208.0000 12 7 0.5833
209.0000 12 8 0.6667
211.0000 12 9 0.7500
214.0000 12 10 0.8333
227.0000 13 10 0.7692
245.0000 14 10 0.7143
258.0000 14 11 0.7857
261.0000 15 11 0.7333
276.0000 16 11 0.6875
282.0000 16 12 0.7500
293.0000 17 12 0.7059
295.0000 17 13 0.7647
309.0000 18 13 0.7222
328.0000 19 13 0.6842
330.0000 19 14 0.7368
346.0000 20 14 0.7000
365.0000 21 14 0.6667
369.0000 21 15 0.7143
380.0000 22 15 0.6818
395.0000 23 15 0.6522
396.0000 23 16 0.6957
409.0000 23 17 0.7391
410.0000 24 17 0.7083
416.0000 24 18 0.7500
429.0000 25 18 0.7200
445.0000 26 18 0.6923
452.0000 26 19 0.7308
461.0000 27 19 0.7037
478.0000 27 20 0.7407
480.0000 28 20 0.7143
497.0000 29 20 0.6897
515.0000 30 20 0.6667
521.0000 30 21 0.7000
534.0000 31 21 0.6774
553.0000 32 21 0.6563
570.0000 33 21 0.6364
588.0000 34 21 0.6176
607.0000 35 21 0.6000
611.0000 35 22 0.6286
622.0000 36 22 0.6111
638.0000 37 22 0.5946
656.0000 38 22 0.5789
671.0000 39 22 0.5641
688.0000 40 22 0.5500
707.0000 41 22 0.5366
715.0000 41 23 0.5610
726.0000 42 23 0.5476
741.0000 43 23 0.5349
760.0000 44 23 0.5227
779.0000 45 23 0.5111
798.0000 46 23 0.5000
813.0000 47 23 0.4894
828.0000 48 23 0.4792
846.0000 49 23 0.4694
861.0000 50 23 0.4600
876.0000 51 23 0.4510
889.0000 51 24 0.4706
895.0000 52 24 0.4615
914.0000 53 24 0.4528
933.0000 54 24 0.4444
952.0000 55 24 0.4364
969.0000 56 24 0.4286
986.0000 57 24 0.4211
988.0000 57 25 0.4386
1004.0000 58 25 0.4310
1022.0000 59 25 0.4237
1038.0000 60 25 0.4167
1041.0000 60 26 0.4333
1057.0000 61 26 0.4262
1076.0000 62 26 0.4194
1095.0000 63 26 0.4127
1098.0000 63 27 0.4286
1111.0000 64 27 0.4219
1124.0000 64 28 0.4375
1126.0000 65 28 0.4308
1137.0000 65 29 0.4462
1143.0000 66 29 0.4394
1147.0000 66 30 0.4545
1160.0000 67 30 0.4478
1179.0000 68 30 0.4412
1184.0000 68 31 0.4559
1196.0000 69 31 0.4493
1198.0000 69 32 0.4638
1199.0000 69 33 0.4783
1214.0000 70 33 0.4714
1219.0000 70 34 0.4857
1232.0000 71 34 0.4789
1235.0000 71 35 0.4930
1236.0000 71 36 0.5070
1248.0000 71 37 0.5211
1251.0000 72 37 0.5139
1261.0000 72 38 0.5278
1270.0000 73 38 0.5205
1287.0000 74 38 0.5135
1305.0000 75 38 0.5067
1321.0000 76 38 0.5000
1336.0000 77 38 0.4935
1340.0000 77 39 0.5065
1352.0000 78 39 0.5000
1368.0000 79 39 0.4937
1375.0000 79 40 0.5063
1386.0000 80 40 0.5000
1401.0000 81 40 0.4938
1420.0000 82 40 0.4878
1438.0000 83 40 0.4819
1453.0000 84 40 0.4762
1468.0000 85 40 0.4706
1484.0000 86 40 0.4651
1488.0000 86 41 0.4767
1491.0000 86 42 0.4884
1495.0000 86 43 0.5000
1502.0000 87 43 0.4943
1517.0000 88 43 0.4886
1536.0000 89 43 0.4831
1552.0000 90 43 0.4778
1561.0000 90 44 0.4889
1570.0000 91 44 0.4835
1572.0000 91 45 0.4945
1586.0000 92 45 0.4891
1588.0000 92 46 0.5000
1598.0000 92 47 0.5109
1601.0000 93 47 0.5054
1617.0000 94 47 0.5000
1627.0000 94 48 0.5106
1634.0000 95 48 0.5053
1649.0000 96 48 0.5000
1668.0000 97 48 0.4948
1684.0000 98 48 0.4898
1699.0000 98 49 0.5000
1703.0000 99 49 0.4949
1713.0000 99 50 0.5051
1718.0000 100 50 0.5000
1735.0000 101 50 0.4950
1746.0000 101 51 0.5050
1750.0000 102 51 0.5000
1765.0000 103 51 0.4951
1783.0000 104 51 0.4904
1802.0000 105 51 0.4857
1818.0000 106 51 0.4811
1832.0000 106 52 0.4906
1833.0000 107 52 0.4860
1837.0000 107 53 0.4953
1840.0000 107 54 0.5047
1848.0000 108 54 0.5000
1863.0000 109 54 0.4954
1863.0000 109 55 0.5046
1881.0000 110 55 0.5000
1888.0000 110 56 0.5091
1900.0000 111 56 0.5045
1918.0000 112 56 0.5000
1937.0000 113 56 0.4956
1939.0000 113 57 0.5044
1954.0000 114 57 0.5000
1955.0000 114 58 0.5088
1970.0000 115 58 0.5043
1989.0000 116 58 0.5000
2008.0000 117 58 0.4957
2019.0000 117 59 0.5043
2024.0000 118 59 0.5000
2026.0000 118 60 0.5085
2043.0000 119 60 0.5042
2058.0000 119 61 0.5126
2061.0000 120 61 0.5083
2076.0000 121 61 0.5041
2080.0000 121 62 0.5124
2095.0000 122 62 0.5082
2107.0000 122 63 0.5164
2112.0000 123 63 0.5122
2131.0000 124 63 0.5081
2148.0000 125 63 0.5040
2155.0000 125 64 0.5120
2161.0000 125 65 0.5200
2163.0000 126 65 0.5159
2179.0000 127 65 0.5118
2195.0000 128 65 0.5078
2213.0000 129 65 0.5039
2232.0000 130 65 0.5000
2248.0000 131 65 0.4962
2258.0000 131 66 0.5038
2264.0000 132 66 0.5000
2283.0000 133 66 0.4962
2289.0000 133 67 0.5038
2302.0000 134 67 0.5000
2321.0000 135 67 0.4963
2336.0000 136 67 0.4926
2340.0000 136 68 0.5000
2343.0000 136 69 0.5074
2343.0000 136 70 0.5147
2345.0000 136 71 0.5221
2351.0000 136 72 0.5294
2352.0000 137 72 0.5255
2356.0000 137 73 0.5328
2357.0000 137 74 0.5401
2367.0000 138 74 0.5362
2382.0000 138 75 0.5435
2385.0000 139 75 0.5396
2404.0000 140 75 0.5357
2423.0000 141 75 0.5319
2423.0000 141 76 0.5390
2427.0000 141 77 0.5461
2438.0000 142 77 0.5423
2456.0000 143 77 0.5385
2472.0000 144 77 0.5347
2484.0000 144 78 0.5417
2489.0000 145 78 0.5379
2504.0000 145 79 0.5448
2507.0000 146 79 0.5411
2509.0000 146 80 0.5479
2514.0000 146 81 0.5548
2523.0000 147 81 0.5510
2538.0000 148 81 0.5473
2557.0000 149 81 0.5436
2568.0000 149 82 0.5503
2575.0000 150 82 0.5467
2591.0000 151 82 0.5430
2600.0000 151 83 0.5497
2606.0000 152 83 0.5461
2613.0000 152 84 0.5526
2623.0000 153 84 0.5490
2640.0000 154 84 0.5455
2653.0000 154 85 0.5519
2655.0000 155 85 0.5484
2657.0000 155 86 0.5548
2659.0000 155 87 0.5613
2671.0000 156 87 0.5577
2672.0000 156 88 0.5641
2687.0000 156 89 0.5705
2689.0000 157 89 0.5669
2690.0000 157 90 0.5732
2706.0000 158 90 0.5696
2725.0000 159 90 0.5660
2728.0000 159 91 0.5723
2729.0000 159 92 0.5786
2741.0000 160 92 0.5750
2757.0000 161 92 0.5714
2772.0000 162 92 0.5679
2787.0000 163 92 0.5644
2802.0000 164 92 0.5610
2817.0000 165 92 0.5576
2835.0000 166 92 0.5542
2853.0000 167 92 0.5509
2854.0000 167 93 0.5569
2868.0000 168 93 0.5536
2886.0000 169 93 0.5503
2894.0000 169 94 0.5562
2902.0000 170 94 0.5529
2905.0000 170 95 0.5588
2917.0000 171 95 0.5556
2930.0000 171 96 0.5614
2933.0000 172 96 0.5581
2952.0000 173 96 0.5549
2968.0000 174 96 0.5517
2984.0000 175 96 0.5486
3000.0000 176 96 0.5455
3015.0000 177 96 0.5424
3025.0000 177 97 0.5480
3031.0000 178 97 0.5449
3035.0000 178 98 0.5506
3050.0000 179 98 0.5475
3065.0000 180 98 0.5444
3080.0000 181 98 0.5414
3083.0000 181 99 0.5470
3085.0000 181 100 0.5525
3097.0000 182 100 0.5495
3101.0000 182 101 0.5549
3105.0000 182 102 0.5604
3116.0000 183 102 0.5574
3117.0000 183 103 0.5628
3135.0000 184 103 0.5598
3142.0000 184 104 0.5652
3153.0000 185 104 0.5622
3170.0000 186 104 0.5591
3172.0000 186 105 0.5645
3185.0000 187 105 0.5615
3201.0000 187 106 0.5668
3202.0000 188 106 0.5638
3203.0000 188 107 0.5691
3219.0000 189 107 0.5661
3235.0000 190 107 0.5632
3250.0000 190 108 0.5684
3251.0000 191 108 0.5654
3257.0000 191 109 0.5707
3262.0000 191 110 0.5759
3270.0000 192 110 0.5729
3286.0000 192 111 0.5781
3289.0000 193 111 0.5751
3302.0000 193 112 0.5803
3308.0000 194 112 0.5773
3323.0000 195 112 0.5744
3325.0000 195 113 0.5795
3334.0000 195 114 0.5846
3338.0000 196 114 0.5816
3346.0000 196 115 0.5867
3357.0000 197 115 0.5838
3373.0000 198 115 0.5808
3377.0000 198 116 0.5859
3388.0000 199 116 0.5829
3395.0000 199 117 0.5879
3401.0000 199 118 0.5930
3407.0000 200 118 0.5900
3409.0000 200 119 0.5950
3417.0000 200 120 0.6000
3425.0000 201 120 0.5970
3431.0000 201 121 0.6020
3434.0000 201 122 0.6070
3442.0000 202 122 0.6040
3458.0000 203 122 0.6010
3462.0000 203 123 0.6059
3466.0000 203 124 0.6108
3475.0000 204 124 0.6078
3492.0000 205 124 0.6049
3504.0000 205 125 0.6098
3511.0000 206 125 0.6068
3526.0000 206 126 0.6117
3526.0000 206 127 0.6165
3529.0000 207 127 0.6135
3530.0000 207 128 0.6184
3547.0000 208 128 0.6154
3548.0000 208 129 0.6202
3554.0000 208 130 0.6250
3566.0000 209 130 0.6220
3569.0000 209 131 0.6268
3581.0000 210 131 0.6238
3598.0000 210 132 0.6286
3600.0000 211 132 0.6256
3614.0000 211 133 0.6303
3617.0000 212 133 0.6274
3617.0000 212 134 0.6321
3620.0000 212 135 0.6368
3632.0000 213 135 0.6338
3635.0000 213 136 0.6385
3648.0000 214 136 0.6355
3659.0000 214 137 0.6402
3665.0000 215 137 0.6372
3680.0000 216 137 0.6343
3685.0000 216 138 0.6389
3691.0000 216 139 0.6435
3695.0000 217 139 0.6406
3710.0000 218 139 0.6376
3713.0000 218 140 0.6422
3729.0000 219 140 0.6393
3732.0000 219 141 0.6438
3748.0000 220 141 0.6409
3751.0000 220 142 0.6455
3757.0000 220 143 0.6500
3766.0000 221 143 0.6471
3770.0000 221 144 0.6516
3776.0000 221 145 0.6561
3784.0000 222 145 0.6532
3802.0000 223 145 0.6502
3821.0000 224 145 0.6473
3838.0000 225 145 0.6444
3856.0000 226 145 0.6416
3870.0000 226 146 0.6460
3873.0000 226 147 0.6504
3874.0000 227 147 0.6476
3876.0000 227 148 0.6520
3877.0000 227 149 0.6564
3879.0000 227 150 0.6608
3882.0000 227 151 0.6652
3892.0000 228 151 0.6623
3892.0000 228 152 0.6667
3896.0000 228 153 0.6711
3902.0000 228 154 0.6754
3905.0000 228 155 0.6798
3909.0000 229 155 0.6769
3914.0000 229 156 0.6812
3926.0000 230 156 0.6783
3945.0000 231 156 0.6753
3960.0000 232 156 0.6724
3978.0000 233 156 0.6695
3988.0000 233 157 0.6738
3990.0000 233 158 0.6781
3995.0000 234 158 0.6752
4003.0000 234 159 0.6795
4014.0000 235 159 0.6766
4017.0000 235 160 0.6809
4033.0000 236 160 0.6780
4052.0000 237 160 0.6751
4056.0000 237 161 0.6793
4069.0000 238 161 0.6765
4069.0000 238 162 0.6807
4085.0000 238 163 0.6849
4087.0000 239 163 0.6820
4098.0000 239 164 0.6862
4105.0000 240 164 0.6833
4124.0000 241 164 0.6805
4140.0000 242 164 0.6777
4158.0000 243 164 0.6749
4158.0000 243 165 0.6790
4168.0000 243 166 0.6831
4177.0000 244 166 0.6803
4195.0000 245 166 0.6776
4214.0000 246 166 0.6748
4232.0000 247 166 0.6721
4239.0000 247 167 0.6761
4251.0000 248 167 0.6734
4267.0000 249 167 0.6707
4282.0000 250 167 0.6680
4285.0000 250 168 0.6720
4298.0000 251 168 0.6693
4315.0000 252 168 0.6667
4330.0000 253 168 0.6640
4345.0000 254 168 0.6614
4362.0000 255 168 0.6588
4369.0000 255 169 0.6627
4377.0000 255 170 0.6667
4378.0000 256 170 0.6641
4396.0000 257 170 0.6615
4398.0000 257 171 0.6654
4412.0000 258 171 0.6628
4424.0000 258 172 0.6667
4429.0000 259 172 0.6641
4446.0000 259 173 0.6680
4448.0000 260 173 0.6654
4449.0000 260 174 0.6692
4458.0000 260 175 0.6731
4465.0000 261 175 0.6705
4477.0000 261 176 0.6743
4481.0000 262 176 0.6718
4494.0000 262 177 0.6756
4496.0000 263 177 0.6730
4499.0000 263 178 0.6768
4511.0000 264 178 0.6742
4514.0000 264 179 0.6780
4526.0000 265 179 0.6755
4543.0000 266 179 0.6729
4558.0000 267 179 0.6704
4576.0000 268 179 0.6679
4588.0000 268 180 0.6716
4593.0000 269 180 0.6691
4611.0000 270 180 0.6667
4617.0000 270 181 0.6704
4629.0000 271 181 0.6679
4645.0000 272 181 0.6654
4661.0000 272 182 0.6691
4664.0000 273 182 0.6667
4672.0000 273 183 0.6703
4682.0000 274 183 0.6679
4697.0000 275 183 0.6655
4699.0000 275 184 0.6691
4701.0000 275 185 0.6727
4712.0000 276 185 0.6703
4730.0000 277 185 0.6679
4741.0000 277 186 0.6715
4748.0000 278 186 0.6691
4765.0000 279 186 0.6667
4768.0000 279 187 0.6703
4782.0000 280 187 0.6679
4790.0000 280 188 0.6714
4792.0000 280 189 0.6750
4797.0000 281 189 0.6726
4816.0000 282 189 0.6702
4819.0000 282 190 0.6738
4828.0000 282 191 0.6773
4833.0000 283 191 0.6749
4850.0000 284 191 0.6725
4865.0000 285 191 0.6702
4865.0000 285 192 0.6737
4870.0000 285 193 0.6772
4881.0000 286 193 0.6748
4897.0000 287 193 0.6725
4915.0000 288 193 0.6701
4932.0000 289 193 0.6678
4948.0000 290 193 0.6655
4965.0000 291 193 0.6632
4966.0000 291 194 0.6667
4975.0000 291 195 0.6701
4984.0000 292 195 0.6678
4991.0000 292 196 0.6712
4994.0000 292 197 0.6747
5002.0000 293 197 0.6724
5019.0000 293 198 0.6758
5020.0000 294 198 0.6735
5021.0000 294 199 0.6769
5026.0000 294 200 0.6803
5039.0000 295 200 0.6780
5050.0000 295 201 0.6814
5050.0000 295 202 0.6847
5052.0000 295 203 0.6881
5055.0000 295 204 0.6915
5057.0000 296 204 0.6892
5073.0000 297 204 0.6869
5092.0000 298 204 0.6846
5092.0000 298 205 0.6879
5093.0000 298 206 0.6913
5099.0000 298 207 0.6946
5100.0000 298 208 0.6980
5109.0000 299 208 0.6957
5109.0000 299 209 0.6990
5128.0000 300 209 0.6967
5134.0000 300 210 0.7000
5140.0000 300 211 0.7033
5143.0000 300 212 0.7067
5146.0000 301 212 0.7043
5147.0000 301 213 0.7076
5161.0000 302 213 0.7053
5174.0000 302 214 0.7086
5177.0000 303 214 0.7063
5180.0000 303 215 0.7096
5181.0000 303 216 0.7129
5193.0000 304 216 0.7105
5197.0000 304 217 0.7138
5205.0000 304 218 0.7171
5211.0000 305 218 0.7148
5227.0000 306 218 0.7124
5244.0000 307 218 0.7101
5244.0000 307 219 0.7134
5248.0000 307 220 0.7166
5260.0000 308 220 0.7143
5278.0000 309 220 0.7120
5294.0000 310 220 0.7097
5301.0000 310 221 0.7129
5313.0000 311 221 0.7106
5329.0000