# time  created  delivered  delivered/created
19.0000 1 0 0.0000
34.0000 2 0 0.0000
40.0000 2 1 0.5000
46.0000 2 2 1.0000
51.0000 3 2 0.6667
70.0000 4 2 0.5000
87.0000 5 2 0.4000
99.0000 5 3 0.6000
103.0000 6 3 0.5000
111.0000 6 4 0.6667
120.0000 7 4 0.5714
125.0000 7 5 0.7143
131.0000 7 6 0.8571
133.0000 7 7 1.0000
136.0000 8 7 0.8750
146.0000 8 8 1.0000
155.0000 9 8 0.8889
173.0000 10 8 0.8000
192.0000 11 8 0.7273
208.0000 12 8 0.6667
209.0000 12 9 0.7500
227.0000 13 9 0.6923
237.0000 13 10 0.7692
245.0000 14 10 0.7143
261.0000 15 10 0.6667
276.0000 16 10 0.6250
288.0000 16 11 0.6875
293.0000 17 11 0.6471
294.0000 17 12 0.7059
309.0000 18 12 0.6667
328.0000 19 12 0.6316
329.0000 19 13 0.6842
346.0000 20 13 0.6500
362.0000 20 14 0.7000
365.0000 21 14 0.6667
380.0000 22 14 0.6364
395.0000 23 14 0.6087
410.0000 24 14 0.5833
413.0000 24 15 0.6250
429.0000 25 15 0.6000
445.0000 26 15 0.5769
458.0000 26 16 0.6154
461.0000 27 16 0.5926
480.0000 28 16 0.5714
497.0000 29 16 0.5517
506.0000 29 17 0.5862
515.0000 30 17 0.5667
534.0000 31 17 0.5484
553.0000 32 17 0.5313
570.0000 33 17 0.5152
588.0000 34 17 0.5000
596.0000 34 18 0.5294
607.0000 35 18 0.5143
622.0000 36 18 0.5000
638.0000 37 18 0.4865
642.0000 37 19 0.5135
651.0000 37 20 0.5405
656.0000 38 20 0.5263
671.0000 39 20 0.5128
688.0000 40 20 0.5000
707.0000 41 20 0.4878
712.0000 41 21 0.5122
726.0000 42 21 0.5000
741.0000 43 21 0.4884
760.0000 44 21 0.4773
779.0000 45 21 0.4667
798.0000 46 21 0.4565
803.0000 46 22 0.4783
813.0000 47 22 0.4681
828.0000 48 22 0.4583
846.0000 49 22 0.4490
852.0000 49 23 0.4694
855.0000 49 24 0.4898
861.0000 50 24 0.4800
876.0000 51 24 0.4706
895.0000 52 24 0.4615
911.0000 52 25 0.4808
914.0000 53 25 0.4717
933.0000 54 25 0.4630
952.0000 55 25 0.4545
953.0000 55 26 0.4727
963.0000 55 27 0.4909
968.0000 55 28 0.5091
969.0000 56 28 0.5000
986.0000 57 28 0.4912
1004.0000 58 28 0.4828
1022.0000 59 28 0.4746
1036.0000 59 29 0.4915
1038.0000 60 29 0.4833
1057.0000 61 29 0.4754
1076.0000 62 29 0.4677
1095.0000 63 29 0.4603
1104.0000 63 30 0.4762
1111.0000 64 30 0.4688
1126.0000 65 30 0.4615
1143.0000 66 30 0.4545
1160.0000 67 30 0.4478
1179.0000 68 30 0.4412
1181.0000 68 31 0.4559
1182.0000 68 32 0.4706
1189.0000 68 33 0.4853
1196.0000 69 33 0.4783
1197.0000 69 34 0.4928
1214.0000 70 34 0.4857
1228.0000 70 35 0.5000
1232.0000 71 35 0.4930
1233.0000 71 36 0.5070
1251.0000 72 36 0.5000
1270.0000 73 36 0.4932
1287.0000 74 36 0.4865
1305.0000 75 36 0.4800
1321.0000 76 36 0.4737
1336.0000 77 36 0.4675
1349.0000 77 37 0.4805
1352.0000 78 37 0.4744
1368.0000 79 37 0.4684
1368.0000 79 38 0.4810
1386.0000 80 38 0.4750
1401.0000 81 38 0.4691
1420.0000 82 38 0.4634
1438.0000 83 38 0.4578
1453.0000 84 38 0.4524
1467.0000 84 39 0.4643
1468.0000 85 39 0.4588
1484.0000 86 39 0.4535
1502.0000 87 39 0.4483
1517.0000 88 39 0.4432
1536.0000 89 39 0.4382
1552.0000 90 39 0.4333
1568.0000 90 40 0.4444
1570.0000 91 40 0.4396
1571.0000 91 41 0.4505
1586.0000 92 41 0.4457
1587.0000 92 42 0.4565
1591.0000 92 43 0.4674
1600.0000 92 44 0.4783
1601.0000 93 44 0.4731
1601.0000 93 45 0.4839
1617.0000 94 45 0.4787
1634.0000 95 45 0.4737
1637.0000 95 46 0.4842
1649.0000 96 46 0.4792
1668.0000 97 46 0.4742
1684.0000 98 46 0.4694
1703.0000 99 46 0.4646
1703.0000 99 47 0.4747
1708.0000 99 48 0.4848
1709.0000 99 49 0.4949
1716.0000 99 50 0.5051
1718.0000 100 50 0.5000
1735.0000 101 50 0.4950
1750.0000 102 50 0.4902
1765.0000 103 50 0.4854
1772.0000 103 51 0.4951
1783.0000 104 51 0.4904
1802.0000 105 51 0.4857
1802.0000 105 52 0.4952
1813.0000 105 53 0.5048
1815.0000 105 54 0.5143
1818.0000 106 54 0.5094
1833.0000 107 54 0.5047
1848.0000 108 54 0.5000
1863.0000 109 54 0.4954
1872.0000 109 55 0.5046
1881.0000 110 55 0.5000
1900.0000 111 55 0.4955
1905.0000 111 56 0.5045
1918.0000 112 56 0.5000
1937.0000 113 56 0.4956
1943.0000 113 57 0.5044
1943.0000 113 58 0.5133
1947.0000 113 59 0.5221
1954.0000 114 59 0.5175
1966.0000 114 60 0.5263
1970.0000 115 60 0.5217
1988.0000 115 61 0.5304
1989.0000 116 61 0.5259
2008.0000 117 61 0.5214
2024.0000 118 61 0.5169
2043.0000 119 61 0.5126
2051.0000 119 62 0.5210
2060.0000 119 63 0.5294
2061.0000 120 63 0.5250
2068.0000 120 64 0.5333
2076.0000 121 64 0.5289
2077.0000 121 65 0.5372
2095.0000 122 65 0.5328
2100.0000 122 66 0.5410
2112.0000 123 66 0.5366
2131.0000 124 66 0.5323
2148.0000 125 66 0.5280
2163.0000 126 66 0.5238
2179.0000 127 66 0.5197
2185.0000 127 67 0.5276
2195.0000 128 67 0.5234
2213.0000 129 67 0.5194
2217.0000 129 68 0.5271
2230.0000 129 69 0.5349
2230.0000 129 70 0.5426
2232.0000 130 70 0.5385
2236.0000 130 71 0.5462
2241.0000 130 72 0.5538
2245.0000 130 73 0.5615
2248.0000 131 73 0.5573
2264.0000 132 73 0.5530
2279.0000 132 74 0.5606
2283.0000 133 74 0.5564
2288.0000 133 75 0.5639
2290.0000 133 76 0.5714
2300.0000 133 77 0.5789
2302.0000 134 77 0.5746
2321.0000 135 77 0.5704
2336.0000 136 77 0.5662
2352.0000 137 77 0.5620
2367.0000 138 77 0.5580
2385.0000 139 77 0.5540
2386.0000 139 78 0.5612
2397.0000 139 79 0.5683
2404.0000 140 79 0.5643
2420.0000 140 80 0.5714
2423.0000 141 80 0.5674
2432.0000 141 81 0.5745
2438.0000 142 81 0.5704
2454.0000 142 82 0.5775
2456.0000 143 82 0.5734
2472.0000 144 82 0.5694
2477.0000 144 83 0.5764
2478.0000 144 84 0.5833
2487.0000 144 85 0.5903
2489.0000 145 85 0.5862
2495.0000 145 86 0.5931
2501.0000 145 87 0.6000
2507.0000 146 87 0.5959
2515.0000 146 88 0.6027
2523.0000 147 88 0.5986
2535.0000 147 89 0.6054
2538.0000 148 89 0.6014
2543.0000 148 90 0.6081
2544.0000 148 91 0.6149
2545.0000 148 92 0.6216
2557.0000 149 92 0.6174
2566.0000 149 93 0.6242
2566.0000 149 94 0.6309
2575.0000 150 94 0.6267
2591.0000 151 94 0.6225
2606.0000 152 94 0.6184
2623.0000 153 94 0.6144
2634.0000 153 95 0.6209
2638.0000 153 96 0.6275
2640.0000 154 96 0.6234
2645.0000 154 97 0.6299
2647.0000 154 98 0.6364
2649.0000 154 99 0.6429
2655.0000 155 99 0.6387
2659.0000 155 100 0.6452
2661.0000 155 101 0.6516
2662.0000 155 102 0.6581
2665.0000 155 103 0.6645
2671.0000 156 103 0.6603
2689.0000 157 103 0.6561
2706.0000 158 103 0.6519
2725.0000 159 103 0.6478
2726.0000 159 104 0.6541
2733.0000 159 105 0.6604
2741.0000 160 105 0.6563
2757.0000 161 105 0.6522
2772.0000 162 105 0.6481
2787.0000 163 105 0.6442
2802.0000 164 105 0.6402
2802.0000 164 106 0.6463
2810.0000 164 107 0.6524
2817.0000 165 107 0.6485
2835.0000 166 107 0.6446
2839.0000 166 108 0.6506
2853.0000 167 108 0.6467
2868.0000 168 108 0.6429
2882.0000 168 109 0.6488
2886.0000 169 109 0.6450
2898.0000 169 110 0.6509
2902.0000 170 110 0.6471
2911.0000 170 111 0.6529
2917.0000 171 111 0.6491
2918.0000 171 112 0.6550
2930.0000 171 113 0.6608
2933.0000 172 113 0.6570
2934.0000 172 114 0.6628
2952.0000 173 114 0.6590
2968.0000 174 114 0.6552
2973.0000 174 115 0.6609
2984.0000 175 115 0.6571
2999.0000 175 116 0.6629
3000.0000 176 116 0.6591
3004.0000 176 117 0.6648
3015.0000 177 117 0.6610
3028.0000 177 118 0.6667
3031.0000 178 118 0.6629
3050.0000 179 118 0.6592
3065.0000 180 118 0.6556
3077.0000 180 119 0.6611
3080.0000 181 119 0.6575
3081.0000 181 120 0.6630
3097.0000 182 120 0.6593
3115.0000 182 121 0.6648
3116.0000 183 121 0.6612
3117.0000 183 122 0.6667
3135.0000 184 122 0.6630
3145.0000 184 123 0.6685
3149.0000 184 124 0.6739
3150.0000 184 125 0.6793
3153.0000 185 125 0.6757
3168.0000 185 126 0.6811
3170.0000 186 126 0.6774
3185.0000 187 126 0.6738
3185.0000 187 127 0.6791
3202.0000 188 127 0.6755
3206.0000 188 128 0.6809
3209.0000 188 129 0.6862
3210.0000 188 130 0.6915
3219.0000 189 130 0.6878
3219.0000 189 131 0.6931
3235.0000 190 131 0.6895
3251.0000 191 131 0.6859
3264.0000 191 132 0.6911
3270.0000 192 132 0.6875
3273.0000 192 133 0.6927
3284.0000 192 134 0.6979
3289.0000 193 134 0.6943
3292.0000 193 135 0.6995
3308.0000 194 135 0.6959
3323.0000 195 135 0.6923
3324.0000 195 136 0.6974
3331.0000 195 137 0.7026
3338.0000 196 137 0.6990
3342.0000 196 138 0.7041
3355.0000 196 139 0.7092
3357.0000 197 139 0.7056
3373.0000 198 139 0.7020
3388.0000 199 139 0.6985
3407.0000 200 139 0.6950
3408.0000 200 140 0.7000
3425.0000 201 140 0.6965
3442.0000 202 140 0.6931
3443.0000 202 141 0.6980
3458.0000 203 141 0.6946
3459.0000 203 142 0.6995
3475.0000 204 142 0.6961
3492.0000 205 142 0.6927
3511.0000 206 142 0.6893
3528.0000 206 143 0.6942
3529.0000 207 143 0.6908
3547.0000 208 143 0.6875
3566.0000 209 143 0.6842
3581.0000 210 143 0.6810
3581.0000 210 144 0.6857
3587.0000 210 145 0.6905
3595.0000 210 146 0.6952
3596.0000 210 147 0.7000
3600.0000 211 147 0.6967
3607.0000 211 148 0.7014
3613.0000 211 149 0.7062
3617.0000 212 149 0.7028
3632.0000 213 149 0.6995
3633.0000 213 150 0.7042
3648.0000 214 150 0.7009
3665.0000 215 150 0.6977
3675.0000 215 151 0.7023
3680.0000 216 151 0.6991
3695.0000 217 151 0.6959
3697.0000 217 152 0.7005
3710.0000 218 152 0.6972
3729.0000 219 152 0.6941
3748.0000 220 152 0.6909
3766.0000 221 152 0.6878
3784.0000 222 152 0.6847
3788.0000 222 153 0.6892
3799.0000 222 154 0.6937
3802.0000 223 154 0.6906
3805.0000 223 155 0.6951
3810.0000 223 156 0.6996
3821.0000 224 156 0.6964
3821.0000 224 157 0.7009
3830.0000 224 158 0.7054
3833.0000 224 159 0.7098
3838.0000 225 159 0.7067
3838.0000 225 160 0.7111
3856.0000 226 160 0.7080
3870.0000 226 161 0.7124
3874.0000 227 161 0.7093
3892.0000 228 161 0.7061
3907.0000 228 162 0.7105
3909.0000 229 162 0.7074
3917.0000 229 163 0.7118
3926.0000 230 163 0.7087
3928.0000 230 164 0.7130
3941.0000 230 165 0.7174
3945.0000 231 165 0.7143
3945.0000 231 166 0.7186
3959.0000 231 167 0.7229
3960.0000 232 167 0.7198
3976.0000 232 168 0.7241
3978.0000 233 168 0.7210
3979.0000 233 169 0.7253
3995.0000 234 169 0.7222
4014.0000 235 169 0.7191
4016.0000 235 170 0.7234
4033.0000 236 170 0.7203
4034.0000 236 171 0.7246
4052.0000 237 171 0.7215
4069.0000 238 171 0.7185
4087.0000 239 171 0.7155
4103.0000 239 172 0.7197
4105.0000 240 172 0.7167
4124.0000 241 172 0.7137
4128.0000 241 173 0.7178
4140.0000 242 173 0.7149
4158.0000 243 173 0.7119
4160.0000 243 174 0.7160
4163.0000 243 175 0.7202
4177.0000 244 175 0.7172
4184.0000 244 176 0.7213
4195.0000 245 176 0.7184
4214.0000 246 176 0.7154
4215.0000 246 177 0.7195
4232.0000 247 177 0.7166
4251.0000 248 177 0.7137
4260.0000 248 178 0.7177
4261.0000 248 179 0.7218
4267.0000 249 179 0.7189
4270.0000 249 180 0.7229
4282.0000 250 180 0.7200
4285.0000 250 181 0.7240
4285.0000 250 182 0.7280
4298.0000 251 182 0.7251
4315.0000 252 182 0.7222
4322.0000 252 183 0.7262
4330.0000 253 183 0.7233
4345.0000 254 183 0.7205
4362.0000 255 183 0.7176
4375.0000 255 184 0.7216
4378.0000 256 184 0.7188
4391.0000 256 185 0.7227
4396.0000 257 185 0.7198
4397.0000 257 186 0.7237
4412.0000 258 186 0.7209
4412.0000 258 187 0.7248
4416.0000 258 188 0.7287
4419.0000 258 189 0.7326
4420.0000 258 190 0.7364
4429.0000 259 190 0.7336
4444.0000 259 191 0.7375
4448.0000 260 191 0.7346
4454.0000 260 192 0.7385
4460.0000 260 193 0.7423
4465.0000 261 193 0.7395
4465.0000 261 194 0.7433
4465.0000 261 195 0.7471
4481.0000 262 195 0.7443
4481.0000 262 196 0.7481
4496.0000 263 196 0.7452
4511.0000 264 196 0.7424
4512.0000 264 197 0.7462
4522.0000 264 198 0.7500
4524.0000 264 199 0.7538
4526.0000 265 199 0.7509
4543.0000 266 199 0.7481
4558.0000 267 199 0.7453
4559.0000 267 200 0.7491
4560.0000 267 201 0.7528
4560.0000 267 202 0.7566
4570.0000 267 203 0.7603
4576.0000 268 203 0.7575
4576.0000 268 204 0.7612
4593.0000 269 204 0.7584
4611.0000 270 204 0.7556
4629.0000 271 204 0.7528
4645.0000 272 204 0.7500
4648.0000 272 205 0.7537
4664.0000 273 205 0.7509
4670.0000 273 206 0.7546
4682.0000 274 206 0.7518
4697.0000 275 206 0.7491
4712.0000 276 206 0.7464
4730.0000 277 206 0.7437
4748.0000 278 206 0.7410
4765.0000 279 206 0.7384
4782.0000 280 206 0.7357
4797.0000 281 206 0.7331
4816.0000 282 206 0.7305
4817.0000 282 207 0.7340
4833.0000 283 207 0.7314
4837.0000 283 208 0.7350
4850.0000 284 208 0.7324
4865.0000 285 208 0.7298
4881.0000 286 208 0.7273
4897.0000 287 208 0.7247
4904.0000 287 209 0.7282
4911.0000 287 210 0.7317
4915.0000 288 210 0.7292
4931.0000 288 211 0.7326
4932.0000 289 211 0.7301
4932.0000 289 212 0.7336
4948.0000 290 212 0.7310
4962.0000 290 213 0.7345
4965.0000 291 213 0.7320
4984.0000 292 213 0.7295
5002.0000 293 213 0.7270
5020.0000 294 213 0.7245
5023.0000 294 214 0.7279
5039.0000 295 214 0.7254
5057.0000 296 214 0.7230
5059.0000 296 215 0.7264
5059.0000 296 216 0.7297
5073.0000 297 216 0.7273
5084.0000 297 217 0.7306
5092.0000 298 217 0.7282
5109.0000 299 217 0.7258
5117.0000 299 218 0.7291
5118.0000 299 219 0.7324
5128.0000 300 219 0.7300
5146.0000 301 219 0.7276
5160.0000 301 220 0.7309
5161.0000 302 220 0.7285
5164.0000 302 221 0.7318
5169.0000 302 222 0.7351
5171.0000 302 223 0.7384
5177.0000 303 223 0.7360
5189.0000 303 224 0.7393
5193.0000 304 224 0.7368
5198.0000 304 225 0.7401
5211.0000 305 225 0.7377
5226.0000 305 226 0.7410
5227.0000 306 226 0.7386
5227.0000 306 227 0.7418
5241.0000 306 228 0.7451
5244.0000 307 228 0.7427
5260.0000 308 228 0.7403
5263.0000 308 229 0.7435
5276.0000 308 230 0.7468
5278.0000 309 230 0.7443
5294.0000 310 230 0.7419
5309.0000 310 231 0.7452
5313.0000 311 231 0.7428
5314.0000 311 232 0.7460
5329.0000 312 232 0.7436
5341.0000 312 233 0.7468
5348.0000 313 233 0.7444
5364.0000 314 233 0.7420
5371.0000 314 234 0.7452
5372.0000 314 235 0.7484
5376.0000 314 236 0.7516
5379.0000 314 237 0.7548
5381.0000 315 237 0.7524
5382.0000 315 238 0.7556
5397.0000 316 238 0.7532
5412.0000 317 238 0.7508
5419.0000 317 239 0.7539
5431.0000 318 239 0.7516
5449.0000 319 239 0.7492
5465.0000 320 239 0.7469
5479.0000 320 240 0.7500
5484.0000 321 240 0.7477
5502.0000 322 240 0.7453
5505.0000 322 241 0.7484
5519.0000 323 241 0.7461
5523.0000 323 242 0.7492
5528.0000 323 243 0.7523
5535.0000 324 243 0.7500
5551.0000 325 243 0.7477
5552.0000 325 244 0.7508
5553.0000 325 245 0.7538
5565.0000 325 246 0.7569
5566.0000 326 246 0.7546
5585.0000 327 246 0.7523
5601.0000 328 246 0.7500
5618.0000 329 246 0.7477
5621.0000 329 247 0.7508
5623.0000 329 248 0.7538
5624.0000 329 249 0.7568
5630.0000 329 250 0.7599
5637.0000 330 250 0.7576
5650.0000 330 251 0.7606
5651.0000 330 252 0.7636
5654.0000 331 252 0.7613
5655.0000 331 253 0.7644
5672.0000 332 253 0.7620
5688.0000 332 254 0.7651
5690.0000 333 254 0.7628
5694.0000 333 255 0.7658
5702.0000 333 256 0.7688
5705.0000 334 256 0.7665
5705.0000 334 257 0.7695
5711.0000 334 258 0.7725
5718.0000 334 259 0.7754
5721.0000 335 259 0.7731
5726.0000 335 260 0.7761
5726.0000 335 261 0.7791
5738.0000 336 261 0.7768
5755.0000 337 261 0.7745
5771.0000 338 261 0.7722
5772.0000 338 262 0.7751
5786.0000 338 263 0.7781
5787.0000 339 263 0.7758
5805.0000 340 263 0.7735
5823.0000 341 263 0.7713
5842.0000 342 263 0.7690
5847.0000 342 264 0.7719
5861.0000 343 264 0.7697
5870.0000 343 265 0.7726
5876.0000 343 266 0.7755
5879.0000 344 266 0.7733
5894.0000 345 266 0.7710
5903.0000 345 267 0.7739
5911.0000 346 267 0.7717
5913.0000 346 268 0.7746
5930.0000 347 268 0.7723
5945.0000 348 268 0.7701
5951.0000 348 269 0.7730
5963.0000 349 269 0.7708
5982.0000 350 269 0.7686
5983.0000 350 270 0.7714
5999.0000 351 270 0.7692
6017.0000 351 271 0.7721
6018.0000 352 271 0.7699
6035.0000 353 271 0.7677
6047.0000 353 272 0.7705
6053.0000 354 272 0.7684
6067.0000 354 273 0.7712
6068.0000 355 273 0.7690
6083.0000 356 273 0.7669
6088.0000 356 274 0.7697
6102.0000 357 274 0.7675
6117.0000 358 274 0.7654
6134.0000 359 274 0.7632
6135.0000 359 275 0.7660
6140.0000 359 276 0.7688
6142.0000 359 277 0.7716
6151.0000 360 277 0.7694
6166.0000 361 277 0.7673
6184.0000 362 277 0.7652
6203.0000 363 277 0.7631
6212.0000 363 278 0.7658
6213.0000 363 279 0.7686
6218.0000 364 279 0.7665
6237.0000 365 279 0.7644
6242.0000 365 280 0.7671
6256.0000 366 280 0.7650
6258.0000 366 281 0.7678
6271.0000 367 281 0.7657
6288.0000 368 281 0.7636
6290.0000 368 282 0.7663
6303.0000 368 283 0.7690
6304.0000 368 284 0.7717
6307.0000 369 284 0.7696
6325.0000 370 284 0.7676
6341.0000 371 284 0.7655
6357.0000 372 284 0.7634
6369.0000 372 285 0.7661
6370.0000 372 286 0.7688
6371.0000 372 287 0.7715
6372.0000 372 288 0.7742
6376.0000 373 288 0.7721
6390.0000 373 289 0.7748
6391.0000 374 289 0.7727
6391.0000 374 290 0.7754
6406.0000 375 290 0.7733
6407.0000 375 291 0.7760
6411.0000 375 292 0.7787
6418.0000 375 293 0.7813
6424.0000 376 293 0.7793
6428.0000 376 294 0.7819
6431.0000 376 295 0.7846
6440.0000 377 295 0.7825
6449.0000 377 296 0.7851
6456.0000 378 296 0.7831
6474.0000 379 296 0.7810
6491.0000 380 296 0.7789
6502.0000 380 297 0.7816
6506.0000 381 297 0.7795
6510.0000 381 298 0.7822
6521.0000 382 298 0.7801
6539.0000 383 298 0.7781
6556.0000 384 298 0.7760
6572.0000 385 298 0.7740
6584.0000 385 299 0.7766
6590.0000 386 299 0.7746
6607.0000 387 299 0.7726
6625.0000 387 300 0.7752
6626.0000 388 300 0.7732
6644.0000 389 300 0.7712
6662.0000 389 301 0.7738
6663.0000 390 301 0.7718
6663.0000 390 302 0.7744
6679.0000 391 302 0.7724
6683.0000 391 303 0.7749
6694.0000 392 303 0.7730
6713.0000 393 303 0.7710
6720.0000 393 304 0.7735
6727.0000 393 305 0.7761
6730.0000 394 305 0.7741
6730.0000 394 306 0.7766
6746.0000 395 306 0.7747
6754.0000 395 307 0.7772
6755.0000 395 308 0.7797
6763.0000 396 308 0.7778
6775.0000 396 309 0.7803
6775.0000 396 310 0.7828
6779.0000 397 310 0.7809
6785.0000 397 311 0.7834
6795.0000 397 312 0.7859
6796.0000 398 312 0.7839
6796.0000 398 313 0.7864
6805.0000 398 314 0.7889
6812.0000 399 314 0.7870
6826.0000 399 315 0.7895
6827.0000 400 315 0.7875
6828.0000 400 316 0.7900
6840.0000 400 317 0.7925
6842.0000 401 317 0.7905
6843.0000 401 318 0.7930
6848.0000 401 319 0.7955
6854.0000 401 320 0.7980
6860.0000 402 320 0.7960
6874.0000 402 321 0.7985
6877.0000 403 321 0.7965
6883.0000 403 322 0.7990
6893.0000 404 322 0.7970
6911.0000 405 322 0.7951
6911.0000 405 323 0.7975
6927.0000 406 323 0.7956
6928.0000 406 324 0.7980
6943.0000 407 324 0.7961
6953.0000 407 325 0.7985
6959.0000 408 325 0.7966
6969.0000 408 326 0.7990
6976.0000 409 326 0.7971
6983.0000 409 327 0.7995
6991.0000 410 327 0.7976
7002.0000 410 328 0.8000
7007.0000 411 328 0.7981
7023.0000 412 328 0.7961
7038.0000 413 328 0.7942
7053.0000 414 328 0.7923
7068.0000 415 328 0.7904
7069.0000 415 329 0.7928
7083.0000 416 329 0.7909
7102.0000 417 329 0.7890
7103.0000 417 330 0.7914
7121.0000 418 330 0.7895
7132.0000 418 331 0.7919
7139.0000 419 331 0.7900
7146.0000 419 332 0.7924
7155.0000 420 332 0.7905
7158.0000 420 333 0.7929
7172.0000 421 333 0.7910
7190.0000 422 333 0.7891
7192.0000 422 334 0.7915
7194.0000 422 335 0.7938
7206.0000 423 335 0.7920
7210.0000 423 336 0.7943
7212.0000 423 337 0.7967
7218.0000 423 338 0.7991
7222.0000 424 338 0.7972
7226.0000 424 339 0.7995
7240.0000 425 339 0.7976
7248.0000 425 340 0.8000
7257.0000 426 340 0.7981
7260.0000 426 341 0.8005
7267.0000 426 342 0.8028
7273.0000 427 342 0.8009
7292.0000 428 342 0.7991
7309.0000 429 342 0.7972
7327.0000 430 342 0.7953
7343.0000 430 343 0.7977
7345.0000 431 343 0.7958
7351.0000 431 344 0.7981
7364.0000 432 344 0.7963
7366.0000 432 345 0.7986
7366.0000 432 346 0.8009
7367.0000 432 347 0.8032
7368.0000 432 348 0.8056
7372.0000 432 349 0.8079
7380.0000 433 349 0.8060
7399.0000 434 349 0.8041
7402.0000 434 350 0.8065
7414.0000 435 350 0.8046
7415.0000 435 351 0.8069
7416.0000 435 352 0.8092
7417.0000 435 353 0.8115
7418.0000 435 354 0.8138
7429.0000 436 354 0.8119
7430.0000 436 355 0.8142
7436.0000 436 356 0.8165
7446.0000 437 356 0.8146
7452.0000 437 357 0.8169
7454.0000 437 358 0.8192
7465.0000 438 358 0.8174
7482.0000 439 358 0.8155
7491.0000 439 359 0.8178
7500.0000 440 359 0.8159
7500.0000 440 360 0.8182
7518.0000 441 360 0.8163
7521.0000 441 361 0.8186
7530.0000 441 362 0.8209
7537.0000 442 362 0.8190
7551.0000 442 363 0.8213
7556.0000 443 363 0.8194
7571.0000 444 363 0.8176
7576.0000 444 364 0.8198
7587.0000 445 364 0.8180
7604.0000 446 364 0.8161
7619.0000 447 364 0.8143
7627.0000 447 365 0.8166
7635.0000 448 365 0.8147
7653.0000 448 366 0.8170
7654.0000 449 366 0.8151
7654.0000 449 367 0.8174
7655.0000 449 368 0.8196
7672.0000 450 368 0.8178
7691.0000 451 368 0.8160
7706.0000 452 368 0.8142
7714.0000 452 369 0.8164
7725.0000 453 369 0.8146
7742.0000 454 369 0.8128
7745.0000 454 370 0.8150
7754.0000 454 371 0.8172
7755.0000 454 372 0.8194
7756.0000 454 373 0.8216
7757.0000 455 373 0.8198
7761.0000 455 374 0.8220
7773.0000 455 375 0.8242
7774.0000 456 375 0.8224
7790.0000 457 375 0.8206
7806.0000 458 375 0.8188
7809.0000 458 376 0.8210
7812.0000 458 377 0.8231
7820.0000 458 378 0.8253
7824.0000 459 378 0.8235
7825.0000 459 379 0.8257
7842.0000 460 379 0.8239
7857.0000 460 380 0.8261
7859.0000 461 380 0.8243
7876.0000 461 381 0.8265
7878.0000 462 381 0.8247
7878.0000 462 382 0.8268
7879.0000 462 383 0.8290
7895.0000 463 383 0.8272
7910.0000 464 383 0.8254
7928.0000 465 383 0.8237
7931.0000 465 384 0.8258
7932.0000 465 385 0.8280
7934.0000 465 386 0.8301
7935.0000 465 387 0.8323
7936.0000 465 388 0.8344
7943.0000 466 388 0.8326
7961.0000 467 388 0.8308
7977.0000 468 388 0.8291
7987.0000 468 389 0.8312
7994.0000 469 389 0.8294
8010.0000 469 390 0.8316
8013.0000 470 390 0.8298
8024.0000 470 391 0.8319
8026.0000 470 392 0.8340
8028.0000 471 392 0.8323
8035.0000 471 393 0.8344
8046.0000 472 393 0.8326
8065.0000 473 393 0.8309
8082.0000 474 393 0.8291
8097.0000 475 393 0.8274
8103.0000 475 394 0.8295
8113.0000 476 394 0.8277
8131.0000 476 395 0.8298
8132.0000 477 395 0.8281
8143.0000 477 396 0.8302
8147.0000 478 396 0.8285
8161.0000 478 397 0.8305
8163.0000 479 397 0.8288
8181.0000 479 398 0.8309
8182.0000 480 398 0.8292
8182.0000 480 399 0.8313
8193.0000 480 400 0.8333
8198.0000 481 400 0.8316
8214.0000 482 400 0.8299
8216.0000 482 401 0.8320
8220.0000 482 402 0.8340
8230.0000 483 402 0.8323
8247.0000 484 402 0.8306
8266.0000 485 402 0.8289
8281.0000 486 402 0.8272
8294.0000 486 403 0.8292
8296.0000 487 403 0.8275
8312.0000 487 404 0.8296
8313.0000 488 404 0.8279
8313.0000 488 405 0.8299
8331.0000 489 405 0.8282
8349.0000 490 405 0.8265
8351.0000 490 406 0.8286
8367.0000 491 406 0.8269
8378.0000 491 407 0.8289
8386.0000 492 407 0.8272
8403.0000 493 407 0.8256
8407.0000 493 408 0.8276
8408.0000 493 409 0.8296
8410.0000 493 410 0.8316
8421.0000 493 411 0.8337
8422.0000 494 411 0.8320
8422.0000 494 412 0.8340
8423.0000 494 413 0.8360
8437.0000 495 413 0.8343
8454.0000 496 413 0.8327
8470.0000 497 413 0.8310
8488.0000 498 413 0.8293
8504.0000 499 413 0.8277
8506.0000 499 414 0.8297
8522.0000 500 414 0.8280
8540.0000 501 414 0.8263
8544.0000 501 415 0.8283
8558.0000 502 415 0.8267
8566.0000 502 416 0.8287
8571.0000 502 417 0.8307
8572.0000 502 418 0.8327
8574.0000 503 418 0.8310
8588.0000 503 419 0.8330
8591.0000 504 419 0.8313
8607.0000 505 419 0.8297
8624.0000 506 419 0.8281
8643.0000 507 419 0.8264
8659.0000 508 419 0.8248
8660.0000 508 420 0.8268
8666.0000 508 421 0.8287
8672.0000 508 422 0.8307
8675.0000 509 422 0.8291
8690.0000 510 422 0.8275
8705.0000 510 423 0.8294
8706.0000 511 423 0.8278
8724.0000 512 423 0.8262
8732.0000 512 424 0.8281
8742.0000 513 424 0.8265
8753.0000 513 425 0.8285
8761.0000 514 425 0.8268
8762.0000 514 426 0.8288
8773.0000 514 427 0.8307
8778.0000 515 427 0.8291
8795.0000 516 427 0.8275
8799.0000 516 428 0.8295
8809.0000 516 429 0.8314
8812.0000 517 429 0.8298
8816.0000 517 430 0.8317
8831.0000 518 430 0.8301
8840.0000 518 431 0.8320
8841.0000 518 432 0.8340
8842.0000 518 433 0.8359
8849.0000 519 433 0.8343
8858.0000 519 434 0.8362
8858.0000 519 435 0.8382
8865.0000 520 435 0.8365
8881.0000 521 435 0.8349
8896.0000 522 435 0.8333
8898.0000 522 436 0.8352
8913.0000 522 437 0.8372
8915.0000 523 437 0.8356
8917.0000 523 438 0.8375
8922.0000 523 439 0.8394
8932.0000 524 439 0.8378
8942.0000 524 440 0.8397
8949.0000 525 440 0.8381
8962.0000 525 441 0.8400
8968.0000 526 441 0.8384
8976.0000 526 442 0.8403
8985.0000 527 442 0.8387
8992.0000 527 443 0.8406
9004.0000 528 443 0.8390
9022.0000 529 443 0.8374
9040.0000 530 443 0.8358
9055.0000 531 443 0.8343
9069.0000 531 444 0.8362
9071.0000 532 444 0.8346
9090.0000 533 444 0.8330
9108.0000 534 444 0.8315
9110.0000 534 445 0.8333
9125.0000 535 445 0.8318
9144.0000 536 445 0.8302
9162.0000 537 445 0.8287
9163.0000 537 446 0.8305
9178.0000 538 446 0.8290
9194.0000 539 446 0.8275
9211.0000 540 446 0.8259
9226.0000 541 446 0.8244
9243.0000 542 446 0.8229
9261.0000 543 446 0.8214
9266.0000 543 447 0.8232
9266.0000 543 448 0.8250
9272.0000 543 449 0.8269
9278.0000 544 449 0.8254
9296.0000 545 449 0.8239
9296.0000 545 450 0.8257
9305.0000 545 451 0.8275
9310.0000 545 452 0.8294
9312.0000 546 452 0.8278
9317.0000 546 453 0.8297
9331.0000 547 453 0.8282
9344.0000 547 454 0.8300
9350.0000 548 454 0.8285
9353.0000 548 455 0.8303
9354.0000 548 456 0.8321
9358.0000 548 457 0.8339
9369.0000 549 457 0.8324
9375.0000 549 458 0.8342
9387.0000 550 458 0.8327
9391.0000 550 459 0.8345
9406.0000 551 459 0.8330
9424.0000 552 459 0.8315
9429.0000 552 460 0.8333
9439.0000 553 460 0.8318
9455.0000 554 460 0.8303
9471.0000 555 460 0.8288
9472.0000 555 461 0.8306
9487.0000 556 461 0.8291
9505.0000 557 461 0.8276
9510.0000 557 462 0.8294
9513.0000 557 463 0.8312
9522.0000 558 463 0.8297
9541.0000 559 463 0.8283
9559.0000 560 463 0.8268
9560.0000 560 464 0.8286
9574.0000 560 465 0.8304
9577.0000 561 465 0.8289
9582.0000 561 466 0.8307
9594.0000 562 466 0.8292
9597.0000 562 467 0.8310
9600.0000 562 468 0.8327
9610.0000 563 468 0.8313
9621.0000 563 469 0.8330
9622.0000 563 470 0.8348
9625.0000 564 470 0.8333
9635.0000 564 471 0.8351
9643.0000 565 471 0.8336
9651.0000 565 472 0.8354
9658.0000 565 473 0.8372
9659.0000 565 474 0.8389
9660.0000 566 474 0.8375
9662.0000 566 475 0.8392
9665.0000 566 476 0.8410
9666.0000 566 477 0.8428
9677.0000 567 477 0.8413
9691.0000 567 478 0.8430
9696.0000 568 478 0.8415
9701.0000 568 479 0.8433
9707.0000 568 480 0.8451
9711.0000 569 480 0.8436
9716.0000 569 481 0.8453
9716.0000 569 482 0.8471
9723.0000 569 483 0.8489
9724.0000 569 484 0.8506
9730.0000 570 484 0.8491
9730.0000 570 485 0.8509
9731.0000 570 486 0.8526
9745.0000 571 486 0.8511
9752.0000 571 487 0.8529
9763.0000 572 487 0.8514
9767.0000 572 488 0.8531
9778.0000 573 488 0.8517
9797.0000 574 488 0.8502
9812.0000 574 489 0.8519
9815.0000 575 489 0.8504
9834.0000 576 489 0.8490
9853.0000 577 489 0.8475
9854.0000 577 490 0.8492
9871.0000 578 490 0.8478
9886.0000 579 490 0.8463
9902.0000 580 490 0.8448
9903.0000 580 491 0.8466
9920.0000 581 491 0.8451
9938.0000 582 491 0.8436
9955.0000 583 491 0.8422
9956.0000 583 492 0.8439
9961.0000 583 493 0.8456
9966.0000 583 494 0.8473
9973.0000 584 494 0.8459
9980.0000 584 495 0.8476
9989.0000 585 495 0.8462
10005.0000 586 495 0.8447
10006.0000 586 496 0.8464
10007.0000 586 497 0.8481
10024.0000 587 497 0.8467
10040.0000 588 497 0.8452
10052.0000 588 498 0.8469
10059.0000 589 498 0.8455
10076.0000 590 498 0.8441
10094.0000 591 498 0.8426
10111.0000 592 498 0.8412
10130.0000 593 498 0.8398
10138.0000 593 499 0.8415
10147.0000 594 499 0.8401
10165.0000 595 499 0.8387
10181.0000 596 499 0.8372
10197.0000 597 499 0.8358
10214.0000 598 499 0.8344
10229.0000 598 500 0.8361
10233.0000 599 500 0.8347
10248.0000 600 500 0.8333
10251.0000 600 501 0.8350
10255.0000 600 502 0.8367
10257.0000 600 503 0.8383
10261.0000 600 504 0.8400
10263.0000 600 505 0.8417
10266.0000 600 506 0.8433
10267.0000 601 506 0.8419
10284.0000 602 506 0.8405
10287.0000 602 507 0.8422
10297.0000 602 508 0.8439
10300.0000 603 508 0.8425
10319.0000 604 508 0.8411
10324.0000 604 509 0.8427
10338.0000 605 509 0.8413
10357.0000 606 509 0.8399
10372.0000 607 509 0.8386
10391.0000 608 509 0.8372
10401.0000 608 510 0.8388
10410.0000 609 510 0.8374
10429.0000 610 510 0.8361
10431.0000 610 511 0.8377
10444.0000 611 511 0.8363
10452.0000 611 512 0.8380
10461.0000 612 512 0.8366
10476.0000 613 512 0.8352
10494.0000 614 512 0.8339
10510.0000 615 512 0.8325
10526.0000 616 512 0.8312
10535.0000 616 513 0.8328
10542.0000 617 513 0.8314
10560.0000 618 513 0.8301
10575.0000 619 513 0.8288
10590.0000 620 513 0.8274
10597.0000 620 514 0.8290
10609.0000 621 514 0.8277
10625.0000 622 514 0.8264
10629.0000 622 515 0.8280
10630.0000 622 516 0.8296
10635.0000 622 517 0.8312
10637.0000 622 518 0.8328
10638.0000 622 519 0.8344
10642.0000 623 519 0.8331
10658.0000 624 519 0.8317
10658.0000 624 520 0.8333
10662.0000 624 521 0.8349
10675.0000 625 521 0.8336
10694.0000 626 521 0.8323
10695.0000 626 522 0.8339
10695.0000 626 523 0.8355
10704.0000 626 524 0.8371
10711.0000 627 524 0.8357
10724.0000 627 525 0.8373
10727.0000 628 525 0.8360
10728.0000 628 526 0.8376
10731.0000 628 527 0.8392
10742.0000 629 527 0.8378
10760.0000 630 527 0.8365
10761.0000 630 528 0.8381
10761.0000 630 529 0.8397
10779.0000 631 529 0.8384
10794.0000 631 530 0.8399
10795.0000 631 531 0.8415
10796.0000 632 531 0.8402
10812.0000 633 531 0.8389
10830.0000 634 531 0.8375
10847.0000 635 531 0.8362
10855.0000 635 532 0.8378
10865.0000 636 532 0.8365
10884.0000 637 532 0.8352
10903.0000 638 532 0.8339
10922.0000 639 532 0.8326
10939.0000 640 532 0.8313
10942.0000 640 533 0.8328
10955.0000 641 533 0.8315
10972.0000 642 533 0.8302
10973.0000 642 534 0.8318
10991.0000 643 534 0.8305
11006.0000 644 534 0.8292
11011.0000 644 535 0.8307
11025.0000 645 535 0.8295
11041.0000 646 535 0.8282
11048.0000 646 536 0.8297
11049.0000 646 537 0.8313
11053.0000 646 538 0.8328
11059.0000 647 538 0.8315
11066.0000 647 539 0.8331
11067.0000 647 540 0.8346
11067.0000 647 541 0.8362
11078.0000 648 541 0.8349
11085.0000 648 542 0.8364
11094.0000 649 542 0.8351
11107.0000 649 543 0.8367
11108.0000 649 544 0.8382
11109.0000 649 545 0.8398
11111.0000 650 545 0.8385
11119.0000 650 546 0.8400
11128.0000 651 546 0.8387
11144.0000 652 546 0.8374
11152.0000 652 547 0.8390
11156.0000 652 548 0.8405
11160.0000 653 548 0.8392
11160.0000 653 549 0.8407
11165.0000 653 550 0.8423
11171.0000 653 551 0.8438
11175.0000 653 552 0.8453
11176.0000 654 552 0.8440
11195.0000 655 552 0.8427
11195.0000 655 553 0.8443
11211.0000 656 553 0.8430
11229.0000 657 553 0.8417
11245.0000 658 553 0.8404
11260.0000 659 553 0.8392
11275.0000 660 553 0.8379
11290.0000 661 553 0.8366
11291.0000 661 554 0.8381
11292.0000 661 555 0.8396
11293.0000 661 556 0.8411
11305.0000 662 556 0.8399
11307.0000 662 557 0.8414
11320.0000 663 557 0.8401
11336.0000 664 557 0.8389
11338.0000 664 558 0.8404
11353.0000 665 558 0.8391
11358.0000 665 559 0.8406
11362.0000 665 560 0.8421
11372.0000 666 560 0.8408
11377.0000 666 561 0.8423
11387.0000 667 561 0.8411
11388.0000 667 562 0.8426
11400.0000 667 563 0.8441
11401.0000 667 564 0.8456
11406.0000 668 564 0.8443
11409.0000 668 565 0.8458
11425.0000 669 565 0.8445
11444.0000 670 565 0.8433
11460.0000 670 566 0.8448
11461.0000 671 566 0.8435
11479.0000 671 567 0.8450
11480.0000 672 567 0.8438
11481.0000 672 568 0.8452
11499.0000 673 568 0.8440
11518.0000 674 568 0.8427
11535.0000 675 568 0.8415
11550.0000 676 568 0.8402
11567.0000 677 568 0.8390
11586.0000 678 568 0.8378
11592.0000 678 569 0.8392
11601.0000 678 570 0.8407
11604.0000 679 570 0.8395
11611.0000 679 571 0.8409
11615.0000 679 572 0.8424
11616.0000 679 573 0.8439
11622.0000 680 573 0.8426
11625.0000 680 574 0.8441
11640.0000 681 574 0.8429
11657.0000 682 574 0.8416
11671.0000 682 575 0.8431
11673.0000 683 575 0.8419
11674.0000 683 576 0.8433
11686.0000 683 577 0.8448
11692.0000 684 577 0.8436
11707.0000 684 578 0.8450
11710.0000 684 579 0.8465
11711.0000 685 579 0.8453
11721.0000 685 580 0.8467
11729.0000 686 580 0.8455
11730.0000 686 581 0.8469
11731.0000 686 582 0.8484
11731.0000 686 583 0.8499
11747.0000 687 583 0.8486
11759.0000 687 584 0.8501
11760.0000 687 585 0.8515
11761.0000 687 586 0.8530
11762.0000 688 586 0.8517
11777.0000 689 586 0.8505
11777.0000 689 587 0.8520
11780.0000 689 588 0.8534
11788.0000 689 589 0.8549
11795.0000 690 589 0.8536
11814.0000 691 589 0.8524
11819.0000 691 590 0.8538
11823.0000 691 591 0.8553
11823.0000 691 592 0.8567
11829.0000 692 592 0.8555
11830.0000 692 593 0.8569
11830.0000 692 594 0.8584
11841.0000 692 595 0.8598
11842.0000 692 596 0.8613
11844.0000 693 596 0.8600
11844.0000 693 597 0.8615
11853.0000 693 598 0.8629
11860.0000 694 598 0.8617
11876.0000 695 598 0.8604
11877.0000 695 599 0.8619
11878.0000 695 600 0.8633
11885.0000 695 601 0.8647
11893.0000 696 601 0.8635
11893.0000 696 602 0.8649
11894.0000 696 603 0.8664
11895.0000 696 604 0.8678
11910.0000 697 604 0.8666
11919.0000 697 605 0.8680
11926.0000 698 605 0.8668
11943.0000 699 605 0.8655
11959.0000 700 605 0.8643
11976.0000 701 605 0.8631
11993.0000 702 605 0.8618
11995.0000 702 606 0.8632
12012.0000 703 606 0.8620
12017.0000 703 607 0.8634
12018.0000 703 608 0.8649
12027.0000 704 608 0.8636
12036.0000 704 609 0.8651
12044.0000 705 609 0.8638
12045.0000 705 610 0.8652
12047.0000 705 611 0.8667
12060.0000 706 611 0.8654
12076.0000 707 611 0.8642
12095.0000 708 611 0.8630
12096.0000 708 612 0.8644
12102.0000 708 613 0.8658
12113.0000 709 613 0.8646
12114.0000 709 614 0.8660
12131.0000 710 614 0.8648
12132.0000 710 615 0.8662
12149.0000 711 615 0.8650
12158.0000 711 616 0.8664
12167.0000 712 616 0.8652
12182.0000 713 616 0.8640
12185.0000 713 617 0.8654
12199.0000 714 617 0.8641
12217.0000 715 617 0.8629
12235.0000 716 617 0.8617
12251.0000 717 617 0.8605
12270.0000 718 617 0.8593
12274.0000 718 618 0.8607
12282.0000 718 619 0.8621
12286.0000 719 619 0.8609
12290.0000 719 620 0.8623
12304.0000 720 620 0.8611
12313.0000 720 621 0.8625
12323.0000 721 621 0.8613
12325.0000 721 622 0.8627
12331.0000 721 623 0.8641
12340.0000 722 623 0.8629
12355.0000 723 623 0.8617
12373.0000 724 623 0.8605
12378.0000 724 624 0.8619
12388.0000 725 624 0.8607
12391.0000 725 625 0.8621
12399.0000 725 626 0.8634
12401.0000 725 627 0.8648
12405.0000 725 628 0.8662
12406.0000 726 628 0.8650
12422.0000 727 628 0.8638
12429.0000 727 629 0.8652
12438.0000 728 629 0.8640
12440.0000 728 630 0.8654
12445.0000 728 631 0.8668
12449.0000 728 632 0.8681
1