# time  created  delivered  delivered/created
19.0000 1 0 0.0000
34.0000 2 0 0.0000
51.0000 3 0 0.0000
53.0000 3 1 0.3333
58.0000 3 2 0.6667
70.0000 4 2 0.5000
87.0000 5 2 0.4000
88.0000 5 3 0.6000
99.0000 5 4 0.8000
103.0000 6 4 0.6667
105.0000 6 5 0.8333
112.0000 6 6 1.0000
120.0000 7 6 0.8571
130.0000 7 7 1.0000
136.0000 8 7 0.8750
152.0000 8 8 1.0000
155.0000 9 8 0.8889
173.0000 10 8 0.8000
192.0000 11 8 0.7273
208.0000 12 8 0.6667
210.0000 12 9 0.7500
227.0000 13 9 0.6923
235.0000 13 10 0.7692
245.0000 14 10 0.7143
261.0000 15 10 0.6667
276.0000 16 10 0.6250
278.0000 16 11 0.6875
289.0000 16 12 0.7500
293.0000 17 12 0.7059
294.0000 17 13 0.7647
309.0000 18 13 0.7222
328.0000 19 13 0.6842
329.0000 19 14 0.7368
346.0000 20 14 0.7000
365.0000 21 14 0.6667
380.0000 22 14 0.6364
395.0000 23 14 0.6087
410.0000 24 14 0.5833
414.0000 24 15 0.6250
429.0000 25 15 0.6000
445.0000 26 15 0.5769
461.0000 27 15 0.5556
469.0000 27 16 0.5926
480.0000 28 16 0.5714
497.0000 29 16 0.5517
515.0000 30 16 0.5333
519.0000 30 17 0.5667
534.0000 31 17 0.5484
553.0000 32 17 0.5313
570.0000 33 17 0.5152
588.0000 34 17 0.5000
603.0000 34 18 0.5294
607.0000 35 18 0.5143
622.0000 36 18 0.5000
638.0000 37 18 0.4865
656.0000 38 18 0.4737
671.0000 39 18 0.4615
688.0000 40 18 0.4500
707.0000 41 18 0.4390
711.0000 41 19 0.4634
726.0000 42 19 0.4524
741.0000 43 19 0.4419
750.0000 43 20 0.4651
760.0000 44 20 0.4545
779.0000 45 20 0.4444
793.0000 45 21 0.4667
798.0000 46 21 0.4565
813.0000 47 21 0.4468
828.0000 48 21 0.4375
846.0000 49 21 0.4286
861.0000 50 21 0.4200
876.0000 51 21 0.4118
881.0000 51 22 0.4314
885.0000 51 23 0.4510
895.0000 52 23 0.4423
910.0000 52 24 0.4615
914.0000 53 24 0.4528
933.0000 54 24 0.4444
952.0000 55 24 0.4364
969.0000 56 24 0.4286
986.0000 57 24 0.4211
987.0000 57 25 0.4386
1004.0000 58 25 0.4310
1022.0000 59 25 0.4237
1038.0000 60 25 0.4167
1040.0000 60 26 0.4333
1057.0000 61 26 0.4262
1076.0000 62 26 0.4194
1095.0000 63 26 0.4127
1097.0000 63 27 0.4286
1111.0000 64 27 0.4219
1126.0000 65 27 0.4154
1128.0000 65 28 0.4308
1143.0000 66 28 0.4242
1160.0000 67 28 0.4179
1179.0000 68 28 0.4118
1182.0000 68 29 0.4265
1194.0000 68 30 0.4412
1196.0000 69 30 0.4348
1198.0000 69 31 0.4493
1203.0000 69 32 0.4638
1214.0000 70 32 0.4571
1223.0000 70 33 0.4714
1224.0000 70 34 0.4857
1232.0000 71 34 0.4789
1234.0000 71 35 0.4930
1245.0000 71 36 0.5070
1248.0000 71 37 0.5211
1251.0000 72 37 0.5139
1270.0000 73 37 0.5068
1270.0000 73 38 0.5205
1287.0000 74 38 0.5135
1288.0000 74 39 0.5270
1305.0000 75 39 0.5200
1321.0000 76 39 0.5132
1336.0000 77 39 0.5065
1339.0000 77 40 0.5195
1352.0000 78 40 0.5128
1368.0000 79 40 0.5063
1369.0000 79 41 0.5190
1386.0000 80 41 0.5125
1401.0000 81 41 0.5062
1420.0000 82 41 0.5000
1438.0000 83 41 0.4940
1453.0000 84 41 0.4881
1468.0000 85 41 0.4824
1471.0000 85 42 0.4941
1484.0000 86 42 0.4884
1485.0000 86 43 0.5000
1495.0000 86 44 0.5116
1502.0000 87 44 0.5057
1510.0000 87 45 0.5172
1517.0000 88 45 0.5114
1536.0000 89 45 0.5056
1537.0000 89 46 0.5169
1547.0000 89 47 0.5281
1552.0000 90 47 0.5222
1570.0000 91 47 0.5165
1571.0000 91 48 0.5275
1586.0000 92 48 0.5217
1590.0000 92 49 0.5326
1601.0000 93 49 0.5269
1617.0000 94 49 0.5213
1629.0000 94 50 0.5319
1634.0000 95 50 0.5263
1649.0000 96 50 0.5208
1668.0000 97 50 0.5155
1684.0000 98 50 0.5102
1688.0000 98 51 0.5204
1690.0000 98 52 0.5306
1698.0000 98 53 0.5408
1703.0000 99 53 0.5354
1718.0000 100 53 0.5300
1731.0000 100 54 0.5400
1735.0000 101 54 0.5347
1739.0000 101 55 0.5446
1750.0000 102 55 0.5392
1765.0000 103 55 0.5340
1783.0000 104 55 0.5288
1802.0000 105 55 0.5238
1809.0000 105 56 0.5333
1818.0000 106 56 0.5283
1833.0000 107 56 0.5234
1848.0000 108 56 0.5185
1863.0000 109 56 0.5138
1863.0000 109 57 0.5229
1878.0000 109 58 0.5321
1881.0000 110 58 0.5273
1900.0000 111 58 0.5225
1918.0000 112 58 0.5179
1934.0000 112 59 0.5268
1937.0000 113 59 0.5221
1954.0000 114 59 0.5175
1970.0000 115 59 0.5130
1989.0000 116 59 0.5086
2008.0000 117 59 0.5043
2024.0000 118 59 0.5000
2038.0000 118 60 0.5085
2043.0000 119 60 0.5042
2052.0000 119 61 0.5126
2059.0000 119 62 0.5210
2061.0000 120 62 0.5167
2073.0000 120 63 0.5250
2076.0000 121 63 0.5207
2079.0000 121 64 0.5289
2090.0000 121 65 0.5372
2095.0000 122 65 0.5328
2104.0000 122 66 0.5410
2112.0000 123 66 0.5366
2131.0000 124 66 0.5323
2148.0000 125 66 0.5280
2163.0000 126 66 0.5238
2179.0000 127 66 0.5197
2195.0000 128 66 0.5156
2213.0000 129 66 0.5116
2232.0000 130 66 0.5077
2243.0000 130 67 0.5154
2246.0000 130 68 0.5231
2248.0000 131 68 0.5191
2264.0000 132 68 0.5152
2265.0000 132 69 0.5227
2270.0000 132 70 0.5303
2283.0000 133 70 0.5263
2293.0000 133 71 0.5338
2302.0000 134 71 0.5299
2321.0000 135 71 0.5259
2336.0000 136 71 0.5221
2341.0000 136 72 0.5294
2352.0000 137 72 0.5255
2367.0000 138 72 0.5217
2372.0000 138 73 0.5290
2385.0000 139 73 0.5252
2398.0000 139 74 0.5324
2404.0000 140 74 0.5286
2423.0000 141 74 0.5248
2430.0000 141 75 0.5319
2434.0000 141 76 0.5390
2438.0000 142 76 0.5352
2438.0000 142 77 0.5423
2456.0000 143 77 0.5385
2463.0000 143 78 0.5455
2464.0000 143 79 0.5524
2470.0000 143 80 0.5594
2472.0000 144 80 0.5556
2472.0000 144 81 0.5625
2477.0000 144 82 0.5694
2483.0000 144 83 0.5764
2487.0000 144 84 0.5833
2489.0000 145 84 0.5793
2507.0000 146 84 0.5753
2508.0000 146 85 0.5822
2523.0000 147 85 0.5782
2533.0000 147 86 0.5850
2537.0000 147 87 0.5918
2538.0000 148 87 0.5878
2557.0000 149 87 0.5839
2568.0000 149 88 0.5906
2568.0000 149 89 0.5973
2575.0000 150 89 0.5933
2583.0000 150 90 0.6000
2587.0000 150 91 0.6067
2591.0000 151 91 0.6026
2606.0000 152 91 0.5987
2622.0000 152 92 0.6053
2623.0000 153 92 0.6013
2624.0000 153 93 0.6078
2640.0000 154 93 0.6039
2655.0000 155 93 0.6000
2661.0000 155 94 0.6065
2671.0000 156 94 0.6026
2689.0000 157 94 0.5987
2693.0000 157 95 0.6051
2694.0000 157 96 0.6115
2706.0000 158 96 0.6076
2708.0000 158 97 0.6139
2725.0000 159 97 0.6101
2730.0000 159 98 0.6164
2741.0000 160 98 0.6125
2757.0000 161 98 0.6087
2772.0000 162 98 0.6049
2787.0000 163 98 0.6012
2802.0000 164 98 0.5976
2817.0000 165 98 0.5939
2835.0000 166 98 0.5904
2853.0000 167 98 0.5868
2855.0000 167 99 0.5928
2868.0000 168 99 0.5893
2886.0000 169 99 0.5858
2891.0000 169 100 0.5917
2902.0000 170 100 0.5882
2917.0000 171 100 0.5848
2926.0000 171 101 0.5906
2933.0000 172 101 0.5872
2943.0000 172 102 0.5930
2952.0000 173 102 0.5896
2968.0000 174 102 0.5862
2984.0000 175 102 0.5829
2986.0000 175 103 0.5886
2990.0000 175 104 0.5943
3000.0000 176 104 0.5909
3015.0000 177 104 0.5876
3031.0000 178 104 0.5843
3032.0000 178 105 0.5899
3033.0000 178 106 0.5955
3038.0000 178 107 0.6011
3046.0000 178 108 0.6067
3047.0000 178 109 0.6124
3048.0000 178 110 0.6180
3050.0000 179 110 0.6145
3060.0000 179 111 0.6201
3065.0000 180 111 0.6167
3066.0000 180 112 0.6222
3080.0000 181 112 0.6188
3084.0000 181 113 0.6243
3085.0000 181 114 0.6298
3085.0000 181 115 0.6354
3090.0000 181 116 0.6409
3096.0000 181 117 0.6464
3097.0000 182 117 0.6429
3115.0000 182 118 0.6484
3116.0000 183 118 0.6448
3135.0000 184 118 0.6413
3142.0000 184 119 0.6467
3153.0000 185 119 0.6432
3170.0000 186 119 0.6398
3171.0000 186 120 0.6452
3181.0000 186 121 0.6505
3182.0000 186 122 0.6559
3184.0000 186 123 0.6613
3185.0000 187 123 0.6578
3202.0000 188 123 0.6543
3213.0000 188 124 0.6596
3219.0000 189 124 0.6561
3219.0000 189 125 0.6614
3235.0000 190 125 0.6579
3242.0000 190 126 0.6632
3251.0000 191 126 0.6597
3254.0000 191 127 0.6649
3267.0000 191 128 0.6702
3270.0000 192 128 0.6667
3285.0000 192 129 0.6719
3289.0000 193 129 0.6684
3299.0000 193 130 0.6736
3308.0000 194 130 0.6701
3318.0000 194 131 0.6753
3323.0000 195 131 0.6718
3324.0000 195 132 0.6769
3338.0000 196 132 0.6735
3357.0000 197 132 0.6701
3361.0000 197 133 0.6751
3362.0000 197 134 0.6802
3373.0000 198 134 0.6768
3383.0000 198 135 0.6818
3388.0000 199 135 0.6784
3400.0000 199 136 0.6834
3407.0000 200 136 0.6800
3416.0000 200 137 0.6850
3423.0000 200 138 0.6900
3425.0000 201 138 0.6866
3434.0000 201 139 0.6915
3442.0000 202 139 0.6881
3443.0000 202 140 0.6931
3458.0000 203 140 0.6897
3461.0000 203 141 0.6946
3468.0000 203 142 0.6995
3474.0000 203 143 0.7044
3475.0000 204 143 0.7010
3485.0000 204 144 0.7059
3492.0000 205 144 0.7024
3511.0000 206 144 0.6990
3529.0000 207 144 0.6957
3547.0000 208 144 0.6923
3553.0000 208 145 0.6971
3565.0000 208 146 0.7019
3566.0000 209 146 0.6986
3572.0000 209 147 0.7033
3572.0000 209 148 0.7081
3581.0000 210 148 0.7048
3589.0000 210 149 0.7095
3591.0000 210 150 0.7143
3600.0000 211 150 0.7109
