# time  created  delivered  delivered/created
19.0000 1 0 0.0000
34.0000 2 0 0.0000
51.0000 3 0 0.0000
53.0000 3 1 0.3333
58.0000 3 2 0.6667
70.0000 4 2 0.5000
87.0000 5 2 0.4000
88.0000 5 3 0.6000
99.0000 5 4 0.8000
103.0000 6 4 0.6667
105.0000 6 5 0.8333
112.0000 6 6 1.0000
120.0000 7 6 0.8571
130.0000 7 7 1.0000
136.0000 8 7 0.8750
152.0000 8 8 1.0000
155.0000 9 8 0.8889
173.0000 10 8 0.8000
192.0000 11 8 0.7273
208.0000 12 8 0.6667
210.0000 12 9 0.7500
227.0000 13 9 0.6923
235.0000 13 10 0.7692
245.0000 14 10 0.7143
261.0000 15 10 0.6667
276.0000 16 10 0.6250
278.0000 16 11 0.6875
289.0000 16 12 0.7500
293.0000 17 12 0.7059
294.0000 17 13 0.7647
309.0000 18 13 0.7222
328.0000 19 13 0.6842
329.0000 19 14 0.7368
346.0000 20 14 0.7000
365.0000 21 14 0.6667
380.0000 22 14 0.6364
395.0000 23 14 0.6087
410.0000 24 14 0.5833
414.0000 24 15 0.6250
429.0000 25 15 0.6000
445.0000 26 15 0.5769
461.0000 27 15 0.5556
469.0000 27 16 0.5926
480.0000 28 16 0.5714
497.0000 29 16 0.5517
515.0000 30 16 0.5333
519.0000 30 17 0.5667
534.0000 31 17 0.5484
553.0000 32 17 0.5313
570.0000 33 17 0.5152
588.0000 34 17 0.5000
603.0000 34 18 0.5294
607.0000 35 18 0.5143
622.0000 36 18 0.5000
638.0000 37 18 0.4865
656.0000 38 18 0.4737
671.0000 39 18 0.4615
688.0000 40 18 0.4500
707.0000 41 18 0.4390
711.0000 41 19 0.4634
726.0000 42 19 0.4524
741.0000 43 19 0.4419
750.0000 43 20 0.4651
760.0000 44 20 0.4545
779.0000 45 20 0.4444
793.0000 45 21 0.4667
798.0000 46 21 0.4565
813.0000 47 21 0.4468
828.0000 48 21 0.4375
846.0000 49 21 0.4286
861.0000 50 21 0.4200
876.0000 51 21 0.4118
881.0000 51 22 0.4314
885.0000 51 23 0.4510
895.0000 52 23 0.4423
910.0000 52 24 0.4615
914.0000 53 24 0.4528
933.0000 54 24 0.4444
952.0000 55 24 0.4364
969.0000 56 24 0.4286
986.0000 57 24 0.4211
987.0000 57 25 0.4386
1004.0000 58 25 0.4310
1022.0000 59 25 0.4237
1038.0000 60 25 0.4167
1040.0000 60 26 0.4333
1057.0000 61 26 0.4262
1076.0000 62 26 0.4194
1095.0000 63 26 0.4127
1097.0000 63 27 0.4286
1111.0000 64 27 0.4219
1126.0000 65 27 0.4154
1128.0000 65 28 0.4308
1143.0000 66 28 0.4242
1160.0000 67 28 0.4179
1179.0000 68 28 0.4118
1182.0000 68 29 0.4265
1194.0000 68 30 0.4412
1196.0000 69 30 0.4348
1198.0000 69 31 0.4493
1203.0000 69 32 0.4638
1214.0000 70 32 0.4571
1223.0000 70 33 0.4714
1224.0000 70 34 0.4857
1232.0000 71 34 0.4789
1234.0000 71 35 0.4930
1245.0000 71 36 0.5070
1248.0000 71 37 0.5211
1251.0000 72 37 0.5139
1270.0000 73 37 0.5068
1270.0000 73 38 0.5205
1287.0000 74 38 0.5135
1288.0000 74 39 0.5270
1305.0000 75 39 0.5200
1321.0000 76 39 0.5132
1336.0000 77 39 0.5065
1339.0000 77 40 0.5195
1352.0000 78 40 0.5128
1368.0000 79 40 0.5063
1369.0000 79 41 0.5190
1386.0000 80 41 0.5125
1401.0000 81 41 0.5062
1420.0000 82 41 0.5000
1438.0000 83 41 0.4940
1453.0000 84 41 0.4881
1468.0000 85 41 0.4824
1471.0000 85 42 0.4941
1484.0000 86 42 0.4884
1485.0000 86 43 0.5000
1495.0000 86 44 0.5116
1502.0000 87 44 0.5057
1510.0000 87 45 0.5172
1517.0000 88 45 0.5114
1536.0000 89 45 0.5056
1537.0000 89 46 0.5169
1547.0000 89 47 0.5281
1552.0000 90 47 0.5222
1570.0000 91 47 0.5165
1571.0000 91 48 0.5275
1586.0000 92 48 0.5217
1590.0000 92 49 0.5326
1601.0000 93 49 0.5269
1617.0000 94 49 0.5213
1619.0000 94 50 0.5319
1629.0000 94 51 0.5426
1634.0000 95 51 0.5368
1649.0000 96 51 0.5313
1668.0000 97 51 0.5258
1684.0000 98 51 0.5204
1688.0000 98 52 0.5306
1690.0000 98 53 0.5408
1698.0000 98 54 0.5510
1703.0000 99 54 0.5455
1718.0000 100 54 0.5400
1735.0000 101 54 0.5347
1739.0000 101 55 0.5446
1750.0000 102 55 0.5392
1765.0000 103 55 0.5340
1783.0000 104 55 0.5288
1802.0000 105 55 0.5238
1804.0000 105 56 0.5333
1818.0000 106 56 0.5283
1833.0000 107 56 0.5234
1848.0000 108 56 0.5185
1855.0000 108 57 0.5278
1863.0000 109 57 0.5229
1878.0000 109 58 0.5321
1881.0000 110 58 0.5273
1900.0000 111 58 0.5225
1918.0000 112 58 0.5179
1934.0000 112 59 0.5268
1937.0000 113 59 0.5221
1954.0000 114 59 0.5175
1970.0000 115 59 0.5130
1989.0000 116 59 0.5086
2008.0000 117 59 0.5043
2024.0000 118 59 0.5000
2043.0000 119 59 0.4958
2052.0000 119 60 0.5042
2059.0000 119 61 0.5126
2061.0000 120 61 0.5083
2061.0000 120 62 0.5167
2076.0000 121 62 0.5124
2079.0000 121 63 0.5207
2090.0000 121 64 0.5289
2095.0000 122 64 0.5246
2104.0000 122 65 0.5328
2104.0000 122 66 0.5410
2112.0000 123 66 0.5366
2131.0000 124 66 0.5323
2148.0000 125 66 0.5280
2163.0000 126 66 0.5238
2179.0000 127 66 0.5197
2195.0000 128 66 0.5156
2213.0000 129 66 0.5116
2232.0000 130 66 0.5077
2246.0000 130 67 0.5154
2248.0000 131 67 0.5115
2264.0000 132 67 0.5076
2265.0000 132 68 0.5152
2270.0000 132 69 0.5227
2275.0000 132 70 0.5303
2283.0000 133 70 0.5263
2293.0000 133 71 0.5338
2299.0000 133 72 0.5414
2302.0000 134 72 0.5373
2303.0000 134 73 0.5448
2320.0000 134 74 0.5522
2321.0000 135 74 0.5481
2321.0000 135 75 0.5556
2328.0000 135 76 0.5630
2336.0000 136 76 0.5588
2341.0000 136 77 0.5662
2344.0000 136 78 0.5735
2352.0000 137 78 0.5693
2367.0000 138 78 0.5652
2385.0000 139 78 0.5612
2404.0000 140 78 0.5571
2423.0000 141 78 0.5532
2424.0000 141 79 0.5603
2426.0000 141 80 0.5674
2434.0000 141 81 0.5745
2438.0000 142 81 0.5704
2438.0000 142 82 0.5775
2456.0000 143 82 0.5734
2457.0000 143 83 0.5804
2463.0000 143 84 0.5874
2464.0000 143 85 0.5944
2467.0000 143 86 0.6014
2472.0000 144 86 0.5972
2477.0000 144 87 0.6042
2489.0000 145 87 0.6000
2507.0000 146 87 0.5959
2508.0000 146 88 0.6027
2519.0000 146 89 0.6096
2523.0000 147 89 0.6054
2535.0000 147 90 0.6122
2538.0000 148 90 0.6081
2553.0000 148 91 0.6149
2557.0000 149 91 0.6107
2559.0000 149 92 0.6174
2575.0000 150 92 0.6133
2589.0000 150 93 0.6200
2591.0000 151 93 0.6159
2606.0000 152 93 0.6118
2623.0000 153 93 0.6078
2638.0000 153 94 0.6144
2640.0000 154 94 0.6104
2655.0000 155 94 0.6065
2662.0000 155 95 0.6129
2664.0000 155 96 0.6194
2665.0000 155 97 0.6258
2671.0000 156 97 0.6218
2677.0000 156 98 0.6282
2689.0000 157 98 0.6242
2694.0000 157 99 0.6306
2706.0000 158 99 0.6266
2708.0000 158 100 0.6329
2725.0000 159 100 0.6289
2729.0000 159 101 0.6352
2741.0000 160 101 0.6313
2757.0000 161 101 0.6273
2772.0000 162 101 0.6235
2787.0000 163 101 0.6196
2802.0000 164 101 0.6159
2817.0000 165 101 0.6121
2835.0000 166 101 0.6084
2843.0000 166 102 0.6145
2853.0000 167 102 0.6108
2859.0000 167 103 0.6168
2868.0000 168 103 0.6131
2877.0000 168 104 0.6190
2886.0000 169 104 0.6154
2896.0000 169 105 0.6213
2902.0000 170 105 0.6176
2909.0000 170 106 0.6235
2917.0000 171 106 0.6199
2922.0000 171 107 0.6257
2924.0000 171 108 0.6316
2925.0000 171 109 0.6374
2933.0000 172 109 0.6337
2947.0000 172 110 0.6395
2952.0000 173 110 0.6358
2967.0000 173 111 0.6416
2968.0000 174 111 0.6379
2984.0000 175 111 0.6343
3000.0000 176 111 0.6307
3015.0000 177 111 0.6271
3022.0000 177 112 0.6328
3024.0000 177 113 0.6384
3031.0000 178 113 0.6348
3033.0000 178 114 0.6404
3038.0000 178 115 0.6461
3050.0000 179 115 0.6425
3051.0000 179 116 0.6480
3065.0000 180 116 0.6444
3080.0000 181 116 0.6409
3082.0000 181 117 0.6464
3085.0000 181 118 0.6519
3097.0000 182 118 0.6484
3101.0000 182 119 0.6538
3110.0000 182 120 0.6593
3116.0000 183 120 0.6557
3135.0000 184 120 0.6522
3146.0000 184 121 0.6576
3153.0000 185 121 0.6541
3170.0000 186 121 0.6505
3172.0000 186 122 0.6559
3185.0000 187 122 0.6524
3187.0000 187 123 0.6578
3202.0000 188 123 0.6543
3214.0000 188 124 0.6596
3219.0000 189 124 0.6561
3227.0000 189 125 0.6614
3235.0000 190 125 0.6579
3251.0000 191 125 0.6545
3261.0000 191 126 0.6597
3270.0000 192 126 0.6563
3289.0000 193 126 0.6528
3299.0000 193 127 0.6580
3308.0000 194 127 0.6546
3323.0000 195 127 0.6513
3324.0000 195 128 0.6564
3338.0000 196 128 0.6531
3339.0000 196 129 0.6582
3357.0000 197 129 0.6548
3362.0000 197 130 0.6599
3373.0000 198 130 0.6566
3388.0000 199 130 0.6533
3388.0000 199 131 0.6583
3398.0000 199 132 0.6633
3400.0000 199 133 0.6683
3407.0000 200 133 0.6650
3416.0000 200 134 0.6700
3425.0000 201 134 0.6667
3442.0000 202 134 0.6634
3443.0000 202 135 0.6683
3446.0000 202 136 0.6733
3452.0000 202 137 0.6782
3458.0000 203 137 0.6749
3460.0000 203 138 0.6798
3466.0000 203 139 0.6847
3475.0000 204 139 0.6814
3492.0000 205 139 0.6780
3492.0000 205 140 0.6829
3493.0000 205 141 0.6878
3511.0000 206 141 0.6845
3516.0000 206 142 0.6893
3525.0000 206 143 0.6942
3529.0000 207 143 0.6908
3529.0000 207 144 0.6957
3547.0000 208 144 0.6923
3566.0000 209 144 0.6890
3568.0000 209 145 0.6938
3570.0000 209 146 0.6986
3572.0000 209 147 0.7033
3580.0000 209 148 0.7081
3581.0000 210 148 0.7048
3600.0000 211 148 0.7014
3600.0000 211 149 0.7062
3601.0000 211 150 0.7109
3602.0000 211 151 0.7156
3607.0000 211 152 0.7204
3609.0000 211 153 0.7251
3616.0000 211 154 0.7299
3617.0000 212 154 0.7264
3632.0000 213 154 0.7230
3633.0000 213 155 0.7277
3634.0000 213 156 0.7324
3648.0000 214 156 0.7290
3665.0000 215 156 0.7256
3680.0000 216 156 0.7222
3681.0000 216 157 0.7269
3695.0000 217 157 0.7235
3700.0000 217 158 0.7281
3710.0000 218 158 0.7248
3710.0000 218 159 0.7294
3729.0000 219 159 0.7260
3739.0000 219 160 0.7306
3748.0000 220 160 0.7273
3763.0000 220 161 0.7318
3766.0000 221 161 0.7285
3784.0000 222 161 0.7252
3792.0000 222 162 0.7297
3802.0000 223 162 0.7265
3815.0000 223 163 0.7309
3821.0000 224 163 0.7277
3826.0000 224 164 0.7321
3838.0000 225 164 0.7289
3838.0000 225 165 0.7333
3856.0000 226 165 0.7301
3867.0000 226 166 0.7345
3868.0000 226 167 0.7389
3870.0000 226 168 0.7434
3872.0000 226 169 0.7478
3874.0000 227 169 0.7445
3892.0000 228 169 0.7412
3909.0000 229 169 0.7380
3912.0000 229 170 0.7424
3926.0000 230 170 0.7391
3930.0000 230 171 0.7435
3945.0000 231 171 0.7403
3946.0000 231 172 0.7446
3960.0000 232 172 0.7414
3978.0000 233 172 0.7382
3984.0000 233 173 0.7425
3995.0000 234 173 0.7393
4014.0000 235 173 0.7362
4033.0000 236 173 0.7331
4034.0000 236 174 0.7373
4052.0000 237 174 0.7342
4069.0000 238 174 0.7311
4069.0000 238 175 0.7353
4084.0000 238 176 0.7395
4087.0000 239 176 0.7364
4105.0000 240 176 0.7333
4123.0000 240 177 0.7375
4124.0000 241 177 0.7344
4140.0000 242 177 0.7314
4158.0000 243 177 0.7284
4161.0000 243 178 0.7325
4177.0000 244 178 0.7295
4195.0000 245 178 0.7265
4214.0000 246 178 0.7236
4224.0000 246 179 0.7276
4232.0000 247 179 0.7247
4251.0000 248 179 0.7218
4255.0000 248 180 0.7258
4267.0000 249 180 0.7229
4282.0000 250 180 0.7200
4283.0000 250 181 0.7240
4298.0000 251 181 0.7211
4304.0000 251 182 0.7251
4315.0000 252 182 0.7222
4330.0000 253 182 0.7194
4331.0000 253 183 0.7233
4345.0000 254 183 0.7205
4362.0000 255 183 0.7176
4378.0000 256 183 0.7148
4391.0000 256 184 0.7188
4396.0000 257 184 0.7160
4397.0000 257 185 0.7198
4412.0000 258 185 0.7171
4413.0000 258 186 0.7209
4420.0000 258 187 0.7248
4429.0000 259 187 0.7220
4434.0000 259 188 0.7259
4448.0000 260 188 0.7231
4458.0000 260 189 0.7269
4465.0000 261 189 0.7241
4480.0000 261 190 0.7280
4481.0000 262 190 0.7252
4483.0000 262 191 0.7290
4486.0000 262 192 0.7328
4496.0000 263 192 0.7300
4498.0000 263 193 0.7338
4500.0000 263 194 0.7376
4511.0000 264 194 0.7348
4513.0000 264 195 0.7386
4526.0000 265 195 0.7358
4530.0000 265 196 0.7396
4543.0000 266 196 0.7368
4551.0000 266 197 0.7406
4558.0000 267 197 0.7378
4576.0000 268 197 0.7351
4593.0000 269 197 0.7323
4611.0000 270 197 0.7296
4622.0000 270 198 0.7333
4624.0000 270 199 0.7370
4629.0000 271 199 0.7343
4642.0000 271 200 0.7380
4645.0000 272 200 0.7353
4657.0000 272 201 0.7390
4660.0000 272 202 0.7426
4664.0000 273 202 0.7399
4666.0000 273 203 0.7436
4667.0000 273 204 0.7473
4676.0000 273 205 0.7509
4682.0000 274 205 0.7482
4686.0000 274 206 0.7518
4697.0000 275 206 0.7491
4701.0000 275 207 0.7527
4704.0000 275 208 0.7564
4712.0000 276 208 0.7536
4721.0000 276 209 0.7572
4730.0000 277 209 0.7545
4743.0000 277 210 0.7581
4748.0000 278 210 0.7554
4761.0000 278 211 0.7590
4765.0000 279 211 0.7563
4782.0000 280 211 0.7536
4792.0000 280 212 0.7571
4797.0000 281 212 0.7544
4816.0000 282 212 0.7518
4833.0000 283 212 0.7491
4844.0000 283 213 0.7527
4849.0000 283 214 0.7562
4850.0000 284 214 0.7535
4854.0000 284 215 0.7570
4865.0000 285 215 0.7544
4881.0000 286 215 0.7517
4884.0000 286 216 0.7552
4897.0000 287 216 0.7526
4915.0000 288 216 0.7500
4932.0000 289 216 0.7474
4948.0000 290 216 0.7448
4959.0000 290 217 0.7483
4965.0000 291 217 0.7457
4984.0000 292 217 0.7432
5002.0000 293 217 0.7406
5020.0000 294 217 0.7381
5039.0000 295 217 0.7356
5048.0000 295 218 0.7390
5050.0000 295 219 0.7424
5057.0000 296 219 0.7399
5059.0000 296 220 0.7432
5066.0000 296 221 0.7466
5067.0000 296 222 0.7500
5073.0000 297 222 0.7475
5092.0000 298 222 0.7450
5092.0000 298 223 0.7483
5109.0000 299 223 0.7458
5128.0000 300 223 0.7433
5140.0000 300 224 0.7467
5146.0000 301 224 0.7442
5153.0000 301 225 0.7475
5161.0000 302 225 0.7450
5177.0000 303 225 0.7426
5179.0000 303 226 0.7459
5190.0000 303 227 0.7492
5193.0000 304 227 0.7467
5206.0000 304 228 0.7500
5209.0000 304 229 0.7533
5211.0000 305 229 0.7508
5215.0000 305 230 0.7541
5227.0000 306 230 0.7516
5230.0000 306 231 0.7549
5243.0000 306 232 0.7582
5244.0000 307 232 0.7557
5244.0000 307 233 0.7590
5258.0000 307 234 0.7622
5260.0000 308 234 0.7597
5260.0000 308 235 0.7630
5262.0000 308 236 0.7662
5270.0000 308 237 0.7695
5271.0000 308 238 0.7727
5277.0000 308 239 0.7760
5278.0000 309 239 0.7735
5294.0000 310 239 0.7710
5313.0000 311 239 0.7685
5315.0000 311 240 0.7717
5329.0000 312 240 0.7692
5348.0