# time  created  delivered  delivered/created
19.0000 1 0 0.0000
34.0000 2 0 0.0000
51.0000 3 0 0.0000
67.0000 3 1 0.3333
70.0000 4 1 0.2500
87.0000 5 1 0.2000
88.0000 5 2 0.4000
103.0000 6 2 0.3333
107.0000 6 3 0.5000
111.0000 6 4 0.6667
118.0000 6 5 0.8333
120.0000 7 5 0.7143
128.0000 7 6 0.8571
136.0000 8 6 0.7500
155.0000 9 6 0.6667
155.0000 9 7 0.7778
173.0000 10 7 0.7000
192.0000 11 7 0.6364
208.0000 12 7 0.5833
211.0000 12 8 0.6667
227.0000 13 8 0.6154
244.0000 13 9 0.6923
245.0000 14 9 0.6429
257.0000 14 10 0.7143
261.0000 15 10 0.6667
276.0000 16 10 0.6250
279.0000 16 11 0.6875
293.0000 17 11 0.6471
296.0000 17 12 0.7059
298.0000 17 13 0.7647
309.0000 18 13 0.7222
328.0000 19 13 0.6842
330.0000 19 14 0.7368
346.0000 20 14 0.7000
365.0000 21 14 0.6667
380.0000 22 14 0.6364
395.0000 23 14 0.6087
410.0000 24 14 0.5833
416.0000 24 15 0.6250
429.0000 25 15 0.6000
445.0000 26 15 0.5769
461.0000 27 15 0.5556
467.0000 27 16 0.5926
480.0000 28 16 0.5714
497.0000 29 16 0.5517
514.0000 29 17 0.5862
515.0000 30 17 0.5667
534.0000 31 17 0.5484
553.0000 32 17 0.5313
570.0000 33 17 0.5152
588.0000 34 17 0.5000
605.0000 34 18 0.5294
605.0000 34 19 0.5588
607.0000 35 19 0.5429
622.0000 36 19 0.5278
622.0000 36 20 0.5556
638.0000 37 20 0.5405
654.0000 37 21 0.5676
656.0000 38 21 0.5526
670.0000 38 22 0.5789
671.0000 39 22 0.5641
679.0000 39 23 0.5897
681.0000 39 24 0.6154
688.0000 40 24 0.6000
704.0000 40 25 0.6250
707.0000 41 25 0.6098
710.0000 41 26 0.6341
726.0000 42 26 0.6190
741.0000 43 26 0.6047
760.0000 44 26 0.5909
779.0000 45 26 0.5778
798.0000 46 26 0.5652
808.0000 46 27 0.5870
813.0000 47 27 0.5745
828.0000 48 27 0.5625
846.0000 49 27 0.5510
861.0000 50 27 0.5400
876.0000 51 27 0.5294
895.0000 52 27 0.5192
897.0000 52 28 0.5385
914.0000 53 28 0.5283
916.0000 53 29 0.5472
933.0000 54 29 0.5370
947.0000 54 30 0.5556
952.0000 55 30 0.5455
962.0000 55 31 0.5636
969.0000 56 31 0.5536
974.0000 56 32 0.5714
986.0000 57 32 0.5614
988.0000 57 33 0.5789
1004.0000 58 33 0.5690
1011.0000 58 34 0.5862
1013.0000 58 35 0.6034
1022.0000 59 35 0.5932
1038.0000 60 35 0.5833
1057.0000 61 35 0.5738
1076.0000 62 35 0.5645
1095.0000 63 35 0.5556
1100.0000 63 36 0.5714
1111.0000 64 36 0.5625
1126.0000 65 36 0.5538
1143.0000 66 36 0.5455
1160.0000 67 36 0.5373
1179.0000 68 36 0.5294
1186.0000 68 37 0.5441
1196.0000 69 37 0.5362
1199.0000 69 38 0.5507
1214.0000 70 38 0.5429
1232.0000 71 38 0.5352
1235.0000 71 39 0.5493
1242.0000 71 40 0.5634
1247.0000 71 41 0.5775
1251.0000 72 41 0.5694
1270.0000 73 41 0.5616
1287.0000 74 41 0.5541
1305.0000 75 41 0.5467
1309.0000 75 42 0.5600
1321.0000 76 42 0.5526
1336.0000 77 42 0.5455
1338.0000 77 43 0.5584
1345.0000 77 44 0.5714
1352.0000 78 44 0.5641
1352.0000 78 45 0.5769
1368.0000 79 45 0.5696
1386.0000 80 45 0.5625
1401.0000 81 45 0.5556
1420.0000 82 45 0.5488
1438.0000 83 45 0.5422
1453.0000 84 45 0.5357
1468.0000 85 45 0.5294
1484.0000 86 45 0.5233
1487.0000 86 46 0.5349
1502.0000 87 46 0.5287
1517.0000 88 46 0.5227
1536.0000 89 46 0.5169
1552.0000 90 46 0.5111
1570.0000 91 46 0.5055
1571.0000 91 47 0.5165
1586.0000 92 47 0.5109
1588.0000 92 48 0.5217
1601.0000 93 48 0.5161
1603.0000 93 49 0.5269
1609.0000 93 50 0.5376
1617.0000 94 50 0.5319
1631.0000 94 51 0.5426
1634.0000 95 51 0.5368
1649.0000 96 51 0.5313
1668.0000 97 51 0.5258
1684.0000 98 51 0.5204
1694.0000 98 52 0.5306
1703.0000 99 52 0.5253
1718.0000 100 52 0.5200
1735.0000 101 52 0.5149
1747.0000 101 53 0.5248
1750.0000 102 53 0.5196
1756.0000 102 54 0.5294
1765.0000 103 54 0.5243
1783.0000 104 54 0.5192
1791.0000 104 55 0.5288
1802.0000 105 55 0.5238
1810.0000 105 56 0.5333
1818.0000 106 56 0.5283
1822.0000 106 57 0.5377
1824.0000 106 58 0.5472
1827.0000 106 59 0.5566
1833.0000 107 59 0.5514
1848.0000 108 59 0.5463
1863.0000 109 59 0.5413
1881.0000 110 59 0.5364
1900.0000 111 59 0.5315
1918.0000 112 59 0.5268
1934.0000 112 60 0.5357
1937.0000 113 60 0.5310
1948.0000 113 61 0.5398
1954.0000 114 61 0.5351
1970.0000 115 61 0.5304
1989.0000 116 61 0.5259
2008.0000 117 61 0.5214
2024.0000 118 61 0.5169
2043.0000 119 61 0.5126
2043.0000 119 62 0.5210
2061.0000 120 62 0.5167
2076.0000 121 62 0.5124
2079.0000 121 63 0.5207
2095.0000 122 63 0.5164
2108.0000 122 64 0.5246
2112.0000 123 64 0.5203
2131.0000 124 64 0.5161
2133.0000 124 65 0.5242
2148.0000 125 65 0.5200
2163.0000 126 65 0.5159
2166.0000 126 66 0.5238
2170.0000 126 67 0.5317
2179.0000 127 67 0.5276
2195.0000 128 67 0.5234
2204.0000 128 68 0.5313
2213.0000 129 68 0.5271
2232.0000 130 68 0.5231
2246.0000 130 69 0.5308
2248.0000 131 69 0.5267
2264.0000 132 69 0.5227
2283.0000 133 69 0.5188
2289.0000 133 70 0.5263
2291.0000 133 71 0.5338
2292.0000 133 72 0.5414
2302.0000 134 72 0.5373
2321.0000 135 72 0.5333
2336.0000 136 72 0.5294
2352.0000 137 72 0.5255
2367.0000 138 72 0.5217
2385.0000 139 72 0.5180
2404.0000 140 72 0.5143
2423.0000 141 72 0.5106
2438.0000 142 72 0.5070
2451.0000 142 73 0.5141
2456.0000 143 73 0.5105
2472.0000 144 73 0.5069
2489.0000 145 73 0.5034
2507.0000 146 73 0.5000
2512.0000 146 74 0.5068
2523.0000 147 74 0.5034
2538.0000 148 74 0.5000
2557.0000 149 74 0.4966
2566.0000 149 75 0.5034
2575.0000 150 75 0.5000
2591.0000 151 75 0.4967
2606.0000 152 75 0.4934
2623.0000 153 75 0.4902
2633.0000 153 76 0.4967
2640.0000 154 76 0.4935
2655.0000 155 76 0.4903
2662.0000 155 77 0.4968
2671.0000 156 77 0.4936
2673.0000 156 78 0.5000
2677.0000 156 79 0.5064
2689.0000 157 79 0.5032
2692.0000 157 80 0.5096
2697.0000 157 81 0.5159
2703.0000 157 82 0.5223
2706.0000 158 82 0.5190
2719.0000 158 83 0.5253
2725.0000 159 83 0.5220
2727.0000 159 84 0.5283
2731.0000 159 85 0.5346
2737.0000 159 86 0.5409
2741.0000 160 86 0.5375
2757.0000 161 86 0.5342
2758.0000 161 87 0.5404
2767.0000 161 88 0.5466
2772.0000 162 88 0.5432
2778.0000 162 89 0.5494
2787.0000 163 89 0.5460
2802.0000 164 89 0.5427
2817.0000 165 89 0.5394
2828.0000 165 90 0.5455
2835.0000 166 90 0.5422
2844.0000 166 91 0.5482
2853.0000 167 91 0.5449
2868.0000 168 91 0.5417
2881.0000 168 92 0.5476
2886.0000 169 92 0.5444
2887.0000 169 93 0.5503
2892.0000 169 94 0.5562
2902.0000 170 94 0.5529
2913.0000 170 95 0.5588
2917.0000 171 95 0.5556
2928.0000 171 96 0.5614
2933.0000 172 96 0.5581
2945.0000 172 97 0.5640
2950.0000 172 98 0.5698
2952.0000 173 98 0.5665
2954.0000 173 99 0.5723
2958.0000 173 100 0.5780
2968.0000 174 100 0.5747
2977.0000 174 101 0.5805
2984.0000 175 101 0.5771
3000.0000 176 101 0.5739
3004.0000 176 102 0.5795
3015.0000 177 102 0.5763
3020.0000 177 103 0.5819
3031.0000 178 103 0.5787
3050.0000 179 103 0.5754
3065.0000 180 103 0.5722
3065.0000 180 104 0.5778
3080.0000 181 104 0.5746
3082.0000 181 105 0.5801
3094.0000 181 106 0.5856
3097.0000 182 106 0.5824
3098.0000 182 107 0.5879
3103.0000 182 108 0.5934
3116.0000 183 108 0.5902
3135.0000 184 108 0.5870
3153.0000 185 108 0.5838
3158.0000 185 109 0.5892
3170.0000 186 109 0.5860
3185.0000 187 109 0.5829
3202.0000 188 109 0.5798
3211.0000 188 110 0.5851
3213.0000 188 111 0.5904
3219.0000 189 111 0.5873
3224.0000 189 112 0.5926
3235.0000 190 112 0.5895
3251.0000 191 112 0.5864
3252.0000 191 113 0.5916
3254.0000 191 114 0.5969
3270.0000 192 114 0.5938
3289.0000 193 114 0.5907
3289.0000 193 115 0.5959
3301.0000 193 116 0.6010
3308.0000 194 116 0.5979
3323.0000 195 116 0.5949
3325.0000 195 117 0.6000
3338.0000 196 117 0.5969
3352.0000 196 118 0.6020
3355.0000 196 119 0.6071
3357.0000 197 119 0.6041
3361.0000 197 120 0.6091
3373.0000 198 120 0.6061
3378.0000 198 121 0.6111
3388.0000 199 121 0.6080
3407.0000 200 121 0.6050
3424.0000 200 122 0.6100
3425.0000 201 122 0.6070
3442.0000 202 122 0.6040
3458.0000 203 122 0.6010
3475.0000 204 122 0.5980
3487.0000 204 123 0.6029
3492.0000 205 123 0.6000
3508.0000 205 124 0.6049
3509.0000 205 125 0.6098
3509.0000 205 126 0.6146
3511.0000 206 126 0.6117
3521.0000 206 127 0.6165
3529.0000 207 127 0.6135
3536.0000 207 128 0.6184
3547.0000 208 128 0.6154
3566.0000 209 128 0.6124
3575.0000 209 129 0.6172
3581.0000 210 129 0.6143
3587.0000 210 130 0.6190
3600.0000 211 130 0.6161
3602.0000 211 131 0.6209
3610.0000 211 132 0.6256
3615.0000 211 133 0.6303
3617.0000 212 133 0.6274
3632.0000 213 133 0.6244
3642.0000 213 134 0.6291
3644.0000 213 135 0.6338
3648.0000 214 135 0.6308
3665.0000 215 135 0.6279
3680.0000 216 135 0.6250
3693.0000 216 136 0.6296
3695.0000 217 136 0.6267
3710.0000 218 136 0.6239
3717.0000 218 137 0.6284
3720.0000 218 138 0.6330
3721.0000 218 139 0.6376
3723.0000 218 140 0.6422
3727.0000 218 141 0.6468
3729.0000 219 141 0.6438
3734.0000 219 142 0.6484
3737.0000 219 143 0.6530
3748.0000 220 143 0.6500
3755.0000 220 144 0.6545
3765.0000 220 145 0.6591
3766.0000 221 145 0.6561
3766.0000 221 146 0.6606
3784.0000 222 146 0.6577
3802.0000 223 146 0.6547
3814.0000 223 147 0.6592
3814.0000 223 148 0.6637
3821.0000 224 148 0.6607
3838.0000 225 148 0.6578
3841.0000 225 149 0.6622
3843.0000 225 150 0.6667
3849.0000 225 151 0.6711
3856.0000 226 151 0.6681
3865.0000 226 152 0.6726
3874.0000 227 152 0.6696
3892.0000 228 152 0.6667
3893.0000 228 153 0.6711
3895.0000 228 154 0.6754
3907.0000 228 155 0.6798
3909.0000 229 155 0.6769
3912.0000 229 156 0.6812
3925.0000 229 157 0.6856
3926.0000 230 157 0.6826
3928.0000 230 158 0.6870
3945.0000 231 158 0.6840
3960.0000 232 158 0.6810
3978.0000 233 158 0.6781
3982.0000 233 159 0.6824
3988.0000 233 160 0.6867
3989.0000 233 161 0.6910
3995.0000 234 161 0.6880
4013.0000 234 162 0.6923
4014.0000 235 162 0.6894
4025.0000 235 163 0.6936
4033.0000 236 163 0.6907
4035.0000 236 164 0.6949
4052.0000 237 164 0.6920
4055.0000 237 165 0.6962
4059.0000 237 166 0.7004
4063.0000 237 167 0.7046
4069.0000 238 167 0.7017
4074.0000 238 168 0.7059
4076.0000 238 169 0.7101
4087.0000 239 169 0.7071
4105.0000 240 169 0.7042
4105.0000 240 170 0.7083
4118.0000 240 171 0.7125
4124.0000 241 171 0.7095
4140.0000 242 171 0.7066
4146.0000 242 172 0.7107
4158.0000 243 172 0.7078
4177.0000 244 172 0.7049
4178.0000 244 173 0.7090
4180.0000 244 174 0.7131
4195.0000 245 174 0.7102
4209.0000 245 175 0.7143
4214.0000 246 175 0.7114
4217.0000 246 176 0.7154
4220.0000 246 177 0.7195
4232.0000 247 177 0.7166
4242.0000 247 178 0.7206
4251.0000 248 178 0.7177
4255.0000 248 179 0.7218
4264.0000 248 180 0.7258
4267.0000 249 180 0.7229
4278.0000 249 181 0.7269
4282.0000 250 181 0.7240
4286.0000 250 182 0.7280
4292.0000 250 183 0.7320
4298.0000 251 183 0.7291
4312.0000 251 184 0.7331
4315.0000 252 184 0.7302
4326.0000 252 185 0.7341
4330.0000 253 185 0.7312
4345.0000 254 185 0.7283
4362.0000 255 185 0.7255
4378.0000 256 185 0.7227
4396.0000 257 185 0.7198
4398.0000 257 186 0.7237
4411.0000 257 187 0.7276
4412.0000 258 187 0.7248
4429.0000 259 187 0.7220
4448.0000 260 187 0.7192
4456.0000 260 188 0.7231
4461.0000 260 189 0.7269
4465.0000 261 189 0.7241
4480.0000 261 190 0.7280
4481.0000 262 190 0.7252
4496.0000 263 190 0.7224
4499.0000 263 191 0.7262
4511.0000 264 191 0.7235
4526.0000 265 191 0.7208
4533.0000 265 192 0.7245
4537.0000 265 193 0.7283
4543.0000 266 193 0.7256
4552.0000 266 194 0.7293
4558.0000 267 194 0.7266
4568.0000 267 195 0.7303
4576.0000 268 195 0.7276
4593.0000 269 195 0.7249
4597.0000 269 196 0.7286
4603.0000 269 197 0.7323
4603.0000 269 198 0.7361
4611.0000 270 198 0.7333
4629.0000 271 198 0.7306
4637.0000 271 199 0.7343
4640.0000 271 200 0.7380
4642.0000 271 201 0.7417
4645.0000 272 201 0.7390
4664.0000 273 201 0.7363
4674.0000 273 202 0.7399
4674.0000 273 203 0.7436
4677.0000 273 204 0.7473
4682.0000 274 204 0.7445
4697.0000 275 204 0.7418
4698.0000 275 205 0.7455
4701.0000 275 206 0.7491
4705.0000 275 207 0.7527
4712.0000 276 207 0.7500
4730.0000 277 207 0.7473
4748.0000 278 207 0.7446
4752.0000 278 208 0.7482
4761.0000 278 209 0.7518
4765.0000 279 209 0.7491
4767.0000 279 210 0.7527
4782.0000 280 210 0.7500
4797.0000 281 210 0.7473
4816.0000 282 210 0.7447
4822.0000 282 211 0.7482
4831.0000 282 212 0.7518
4833.0000 283 212 0.7491
4848.0000 283 213 0.7527
4850.0000 284 213 0.7500
4857.0000 284 214 0.7535
4863.0000 284 215 0.7570
4865.0000 285 215 0.7544
4881.0000 286 215 0.7517
4894.0000 286 216 0.7552
4897.0000 287 216 0.7526
4915.0000 288 216 0.7500
4922.0000 288 217 0.7535
4931.0000 288 218 0.7569
4932.0000 289 218 0.7543
4948.0000 290 218 0.7517
4965.0000 291 218 0.7491
4966.0000 291 219 0.7526
4981.0000 291 220 0.7560
4984.0000 292 220 0.7534
5002.0000 293 220 0.7509
5008.0000 293 221 0.7543
5012.0000 293 222 0.7577
5015.0000 293 223 0.7611
5020.0000 294 223 0.7585
5030.0000 294 224 0.7619
5039.0000 295 224 0.7593
5047.0000 295 225 0.7627
5057.0000 296 225 0.7601
5062.0000 296 226 0.7635
5073.0000 297 226 0.7609
5073.0000 297 227 0.7643
5081.0000 297 228 0.7677
5092.0000 298 228 0.7651
5109.0000 299 228 0.7625
5128.0000 300 228 0.7600
5146.0000 301 228 0.7575
5161.0000 302 228 0.7550
5170.0000 302 229 0.7583
5177.0000 303 229 0.7558
5187.0000 303 230 0.7591
5193.0000 304 230 0.7566
5211.0000 305 230 0.7541
5227.0000 306 230 0.7516
5244.0000 307 230 0.7492
5260.0000 308 230 0.7468
5266.0000 308 231 0.7500
5278.0000 309 231 0.7476
5294.0000 310 231 0.7452
5313.0000 311 231 0.7428
5313.0000 311 232 0.7460
5329.0000 312 232 0.7436
5335.0000 312 233 0.7468
5348.0000 313 233 0.7444
5364.0000 314 233 0.7420
5365.0000 314 234 0.7452
5381.0000 315 234 0.7429
5392.0000 315 235 0.7460
5397.0000 316 235 0.7437
5402.0000 316 236 0.7468
5412.0000 317 236 0.7445
5431.0000 318 236 0.7421
5433.0000 318 237 0.7453
5449.0000 319 237 0.7429
5451.0000 319 238 0.7461
5465.0000 320 238 0.7438
5484.0000 321 238 0.7414
5502.0000 322 238 0.7391
5508.0000 322 239 0.7422
5519.0000 323 239 0.7399
5535.0000 324 239 0.7377
5551.0000 325 239 0.7354
5559.0000 325 240 0.7385
5566.0000 326 240 0.7362
5585.0000 327 240 0.7339
5590.0000 327 241 0.7370
5601.0000 328 241 0.7348
5618.0000 329 241 0.7325
5636.0000 329 242 0.7356
5637.0000 330 242 0.7333
5654.0000 331 242 0.7311
5656.0000 331 243 0.7341
5672.0000 332 243 0.7319
5686.0000 332 244 0.7349
5690.0000 333 244 0.7327
5696.0000 333 245 0.7357
5698.0000 333 246 0.7387
5705.0000 334 246 0.7365
5721.0000 335 246 0.7343
5738.0000 336 246 0.7321
5755.0000 337 246 0.7300
5762.0000 337 247 0.7329
5770.0000 337 248 0.7359
5771.0000 338 248 0.7337
5773.0000 338 249 0.7367
5774.0000 338 250 0.7396
5774.0000 338 251 0.7426
5787.0000 339 251 0.7404
5796.0000 339 252 0.7434
5805.0000 340 252 0.7412
5823.0000 341 252 0.7390
5828.0000 341 253 0.7419
5830.0000 341 254 0.7449
5835.0000 341 255 0.7478
5842.0000 342 255 0.7456
5861.0000 343 255 0.7434
5869.0000 343 256 0.7464
5879.0000 344 256 0.7442
5881.0000 344 257 0.7471
5892.0000 344 258 0.7500
5893.0000 344 259 0.7529
5894.0000 345 259 0.7507
5911.0000 346 259 0.7486
5927.0000 346 260 0.7514
5930.0000 347 260 0.7493
5945.0000 348 260 0.7471
5963.0000 349 260 0.7450
5966.0000 349 261 0.7479
5982.0000 350 261 0.7457
5982.0000 350 262 0.7486
5984.0000 350 263 0.7514
5999.0000 351 263 0.7493
6018.0000 352 263 0.7472
6029.0000 352 264 0.7500
6035.0000 353 264 0.7479
6036.0000 353 265 0.7507
6039.0000 353 266 0.7535
6053.0000 354 266 0.7514
6068.0000 355 266 0.7493
6078.0000 355 267 0.7521
6080.0000 355 268 0.7549
6081.0000 355 269 0.7577
6083.0000 356 269 0.7556
6102.0000 357 269 0.7535
6117.0000 358 269 0.7514
6134.0000 359 269 0.7493
6137.0000 359 270 0.7521
6139.0000 359 271 0.7549
6148.0000 359 272 0.7577
6151.0000 360 272 0.7556
6166.0000 361 272 0.7535
6180.0000 361 273 0.7562
6184.0000 362 273 0.7541
6201.0000 362 274 0.7569
6203.0000 363 274 0.7548
6206.0000 363 275 0.7576
6207.0000 363 276 0.7603
6218.0000 364 276 0.7582
6226.0000 364 277 0.7610
6237.0000 365 277 0.7589
6246.0000 365 278 0.7616
6256.0000 366 278 0.7596
6261.0000 366 279 0.7623
6261.0000 366 280 0.7650
6264.0000 366 281 0.7678
6271.0000 367 281 0.7657
6277.0000 367 282 0.7684
6288.0000 368 282 0.7663
6299.0000 368 283 0.7690
6307.0000 369 283 0.7669
6322.0000 369 284 0.7696
6325.0000 370 284 0.7676
6332.0000 370 285 0.7703
6335.0000 370 286 0.7730
6341.0000 371 286 0.7709
6343.0000 371 287 0.7736
6357.0000 372 287 0.7715
6371.0000 372 288 0.7742
6373.0000 372 289 0.7769
6376.0000 373 289 0.7748
6391.0000 374 289 0.7727
6406.0000 375 289 0.7707
6406.0000 375 290 0.7733
6424.0000 376 290 0.7713
6434.0000 376 291 0.7739
6440.0000 377 291 0.7719
6456.0000 378 291 0.7698
6474.0000 379 291 0.7678
6476.0000 379 292 0.7704
6491.0000 380 292 0.7684
6500.0000 380 293 0.7711
6506.0000 381 293 0.7690
6517.0000 381 294 0.7717
6521.0000 382 294 0.7696
6537.0000 382 295 0.7723
6539.0000 383 295 0.7702
6540.0000 383 296 0.7728
6546.0000 383 297 0.7755
6552.0000 383 298 0.7781
6554.0000 383 299 0.7807
6554.0000 383 300 0.7833
6556.0000 384 300 0.7813
6572.0000 385 300 0.7792
6583.0000 385 301 0.7818
6590.0000 386 301 0.7798
6600.0000 386 302 0.7824
6607.0000 387 302 0.7804
6622.0000 387 303 0.7829
6626.0000 388 303 0.7809
6644.0000 389 303 0.7789
6663.0000 390 303 0.7769
6679.0000 391 303 0.7749
6680.0000 391 304 0.7775
6684.0000 391 305 0.7801
6686.0000 391 306 0.7826
6694.0000 392 306 0.7806
6713.0000 393 306 0.7786
6714.0000 393 307 0.7812
6730.0000 394 307 0.7792
6742.0000 394 308 0.7817
6746.0000 395 308 0.7797
6763.0000 396 308 0.7778
6779.0000 397 308 0.7758
6790.0000 397 309 0.7783
6796.0000 398 309 0.7764
6812.0000 399 309 0.7744
6827.0000 400 309 0.7725
6842.0000 401 309 0.7706
6846.0000 401 310 0.7731
6860.0000 402 310 0.7711
6860.0000 402 311 0.7736
6877.0000 403 311 0.7717
6893.0000 404 311 0.7698
6911.0000 405 311 0.7679
6920.0000 405 312 0.7704
6927.0000 406 312 0.7685
6930.0000 406 313 0.7709
6933.0000 406 314 0.7734
6943.0000 407 314 0.7715
6959.0000 408 314 0.7696
6976.0000 409 314 0.7677
6991.0000 410 314 0.7659
7007.0000 411 314 0.7640
7023.0000 412 314 0.7621
7023.0000 412 315 0.7646
7038.0000 413 315 0.7627
7053.0000 414 315 0.7609
7068.0000 415 315 0.7590
7070.0000 415 316 0.7614
7075.0000 415 317 0.7639
7083.0000 416 317 0.7620
7099.0000 416 318 0.7644
7100.0000 416 319 0.7668
7102.0000 417 319 0.7650
7116.0000 417 320 0.7674
7121.0000 418 320 0.7656
7139.0000 419 320 0.7637
7155.0000 420 320 0.7619
7159.0000 420 321 0.7643
7172.0000 421 321 0.7625
7189.0000 421 322 0.7648
7190.0000 422 322 0.7630
7206.0000 423 322 0.7612
7221.0000 423 323 0.7636
7222.0000 424 323 0.7618
7222.0000 424 324 0.7642
7229.0000 424 325 0.7665
7230.0000 424 326 0.7689
7231.0000 424 327 0.7712
7232.0000 424 328 0.7736
7240.0000 425 328 0.7718
7242.0000 425 329 0.7741
7257.0000 426 329 0.7723
7273.0000 427 329 0.7705
7275.0000 427 330 0.7728
7292.0000 428 330 0.7710
7302.0000 428 331 0.7734
7309.0000 429 331 0.7716
7319.0000 429 332 0.7739
7327.0000 430 332 0.7721
7345.0000 431 332 0.7703
7349.0000 431 333 0.7726
7361.0000 431 334 0.7749
7364.0000 432 334 0.7731
7367.0000 432 335 0.7755
7380.0000 433 335 0.7737
7380.0000 433 336 0.7760
7399.0000 434 336 0.7742
7401.0000 434 337 0.7765
7406.0000 434 338 0.7788
7414.0000 435 338 0.7770
7429.0000 436 338 0.7752
7443.0000 436 339 0.7775
7446.0000 437 339 0.7757
7446.0000 437 340 0.7780
7457.0000 437 341 0.7803
7465.0000 438 341 0.7785
7468.0000 438 342 0.7808
7482.0000 439 342 0.7790
7489.0000 439 343 0.7813
7500.0000 440 343 0.7795
7507.0000 440 344 0.7818
7513.0000 440 345 0.7841
7518.0000 441 345 0.7823
7537.0000 442 345 0.7805
7556.0000 443 345 0.7788
7562.0000 443 346 0.7810
7571.0000 444 346 0.7793
7582.0000 444 347 0.7815
7587.0000 445 347 0.7798
7604.0000 446 347 0.7780
7619.0000 447 347 0.7763
7630.0000 447 348 0.7785
7635.0000 448 348 0.7768
7638.0000 448 349 0.7790
7639.0000 448 350 0.7813
7639.0000 448 351 0.7835
7654.0000 449 351 0.7817
7655.0000 449 352 0.7840
7672.0000 450 352 0.7822
7675.0000 450 353 0.7844
7683.0000 450 354 0.7867
7691.0000 451 354 0.7849
7706.0000 452 354 0.7832
7725.0000 453 354 0.7815
7742.0000 454 354 0.7797
7744.0000 454 355 0.7819
7757.0000 455 355 0.7802
7770.0000 455 356 0.7824
7774.0000 456 356 0.7807
7783.0000 456 357 0.7829
7785.0000 456 358 0.7851
7790.0000 457 358 0.7834
7806.0000 458 358 0.7817
7820.0000 458 359 0.7838
7824.0000 459 359 0.7821
7842.0000 460 359 0.7804
7859.0000 461 359 0.7787
7864.0000 461 360 0.7809
7875.0000 461 361 0.7831
7878.0000 462 361 0.7814
7891.0000 462 362 0.7835
7895.0000 463 362 0.7819
7910.0000 464 362 0.7802
7911.0000 464 363 0.7823
7915.0000 464 364 0.7845
7928.0000 465 364 0.7828
7930.0000 465 365 0.7849
7943.0000 466 365 0.7833
7961.0000 467 365 0.7816
7977.0000 468 365 0.7799
7994.0000 469 365 0.7783
8013.0000 470 365 0.7766
8028.0000 471 365 0.7749
8043.0000 471 366 0.7771
8046.0000 472 366 0.7754
8057.0000 472 367 0.7775
8059.0000 472 368 0.7797
8065.0000 473 368 0.7780
8082.0000 474 368 0.7764
8097.0000 475 368 0.7747
8113.0000 476 368 0.7731
8132.0000 477 368 0.7715
8143.0000 477 369 0.7736
8147.0000 478 369 0.7720
8157.0000 478 370 0.7741
8163.0000 479 370 0.7724
8172.0000 479 371 0.7745
8182.0000 480 371 0.7729
8198.0000 481 371 0.7713
8214.0000 482 371 0.7697
8222.0000 482 372 0.7718
8230.0000 483 372 0.7702
8247.0000 484 372 0.7686
8266.0000 485 372 0.7670
8281.0000 486 372 0.7654
8288.0000 486 373 0.7675
8296.0000 487 373 0.7659
8309.0000 487 374 0.7680
8312.0000 487 375 0.7700
8313.0000 488 375 0.7684
8313.0000 488 376 0.7705
8316.0000 488 377 0.7725
8322.0000 488 378 0.7746
8331.0000 489 378 0.7730
8349.0000 490 378 0.7714
8367.0000 491 378 0.7699
8386.0000 492 378 0.7683
8392.0000 492 379 0.7703
8396.0000 492 380 0.7724
8403.0000 493 380 0.7708
8407.0000 493 381 0.7728
8422.0000 494 381 0.7713
8426.0000 494 382 0.7733
8429.0000 494 383 0.7753
8432.0000 494 384 0.7773
8437.0000 495 384 0.7758
8440.0000 495 385 0.7778
8443.0000 495 386 0.7798
8454.0000 496 386 0.7782
8470.0000 497 386 0.7767
8488.0000 498 386 0.7751
8490.0000 498 387 0.7771
8504.0000 499 387 0.7756
8522.0000 500 387 0.7740
8540.0000 501 387 0.7725
8544.0000 501 388 0.7745
8558.0000 502 388 0.7729
8574.0000 503 388 0.7714
8578.0000 503 389 0.7734
8583.0000 503 390 0.7753
8591.0000 504 390 0.7738
8607.0000 505 390 0.7723
8609.0000 505 391 0.7743
8622.0000 505 392 0.7762
8624.0000 506 392 0.7747
8624.0000 506 393 0.7767
8626.0000 506 394 0.7787
8627.0000 506 395 0.7806
8630.0000 506 396 0.7826
8633.0000 506 397 0.7846
8643.0000 507 397 0.7830
8659.0000 508 397 0.7815
8667.0000 508 398 0.7835
8675.0000 509 398 0.7819
8689.0000 509 399 0.7839
8690.0000 510 399 0.7824
8701.0000 510 400 0.7843
8706.0000 511 400 0.7828
8707.0000 511 401 0.7847
8707.0000 511 402 0.7867
8709.0000 511 403 0.7886
8724.0000 512 403 0.7871
8734.0000 512 404 0.7891
8742.0000 513 404 0.7875
8753.0000 513 405 0.7895
8757.0000 513 406 0.7914
8761.0000 514 406 0.7899
8776.0000 514 407 0.7918
8778.0000 515 407 0.7903
8795.0000 516 407 0.7888
8810.0000 516 408 0.7907
8812.0000 517 408 0.7892
8825.0000 517 409 0.7911
8826.0000 517 410 0.7930
8831.0000 518 410 0.7915
8847.0000 518 411 0.7934
8849.0000 519 411 0.7919
8865.0000 520 411 0.7904
8881.0000 521 411 0.7889
8896.0000 522 411 0.7874
8915.0000 523 411 0.7859
8932.0000 524 411 0.7844
8949.0000 525 411 0.7829
8959.0000 525 412 0.7848
8968.0000 526 412 0.7833
8976.0000 526 413 0.7852
8981.0000 526 414 0.7871
8985.0000 527 414 0.7856
8993.0000 527 415 0.7875
9004.0000 528 415 0.7860
9022.0000 529 415 0.7845
9040.0000 530 415 0.7830
9047.0000 530 416 0.7849
9048.0000 530 417 0.7868
9050.0000 530 418 0.7887
9052.0000 530 419 0.7906
9055.0000 531 419 0.7891
9067.0000 531 420 0.7910
9071.0000 532 420 0.7895
9073.0000 532 421 0.7914
9074.0000 532 422 0.7932
9090.0000 533 422 0.7917
9108.0000 534 422 0.7903
9125.0000 535 422 0.7888
9135.0000 535 423 0.7907
9144.0000 536 423 0.7892
9162.0000 537 423 0.7877
9176.0000 537 424 0.7896
9178.0000 538 424 0.7881
9194.0000 539 424 0.7866
9197.0000 539 425 0.7885
9200.0000 539 426 0.7904
9211.0000 540 426 0.7889
9226.0000 541 426 0.7874
9243.0000 542 426 0.7860
9250.0000 542 427 0.7878
9254.0000 542 428 0.7897
9261.0000 543 428 0.7882
9278.0000 544 428 0.7868
9283.0000 544 429 0.7886
9286.0000 544 430 0.7904
9296.0000 545 430 0.7890
9305.0000 545 431 0.7908
9312.0000 546 431 0.7894
9314.0000 546 432 0.7912
9314.0000 546 433 0.7930
9331.0000 547 433 0.7916
9346.0000 547 434 0.7934
9350.0000 548 434 0.7920
9364.0000 548 435 0.7938
9369.0000 549 435 0.7923
9371.0000 549 436 0.7942
9374.0000 549 437 0.7960
9379.0000 549 438 0.7978
9382.0000 549 439 0.7996
9387.0000 550 439 0.7982
9404.0000 550 440 0.8000
9406.0000 551 440 0.7985
9412.0000 551 441 0.8004
9422.0000 551 442 0.8022
9424.0000 552 442 0.8007
9424.0000 552 443 0.8025
9429.0000 552 444 0.8043
9430.0000 552 445 0.8062
9431.0000 552 446 0.8080
9439.0000 553 446 0.8065
9453.0000 553 447 0.8083
9455.0000 554 447 0.8069
9464.0000 554 448 0.8087
9471.0000 555 448 0.8072
9472.0000 555 449 0.8090
9474.0000 555 450 0.8108
9487.0000 556 450 0.8094
9496.0000 556 451 0.8112
9500.0000 556 452 0.8129
9505.0000 557 452 0.8115
9522.0000 558 452 0.8100
9534.0000 558 453 0.8118
9540.0000 558 454 0.8136
9541.0000 559 454 0.8122
9543.0000 559 455 0.8140
9547.0000 559 456 0.8157
9559.0000 560 456 0.8143
9577.0000 561 456 0.8128
9594.0000 562 456 0.8114
9607.0000 562 457 0.8132
9610.0000 563 457 0.8117
9611.0000 563 458 0.8135
9625.0000 564 458 0.8121
9636.0000 564 459 0.8138
9639.0000 564 460 0.8156
9643.0000 565 460 0.8142
9648.0000 565 461 0.8159
9649.0000 565 462 0.8177
9660.0000 566 462 0.8163
9660.0000 566 463 0.8180
9664.0000 566 464 0.8198
9669.0000 566 465 0.8216
9677.0000 567 465 0.8201
9693.0000 567 466 0.8219
9696.0000 568 466 0.8204
9711.0000 569 466 0.8190
9730.0000 570 466 0.8175
9745.0000 571 466 0.8161
9763.0000 572 466 0.8147
9778.0000 573 466 0.8133
9797.0000 574 466 0.8118
9799.0000 574 467 0.8136
9811.0000 574 468 0.8153
9812.0000 574 469 0.8171
9814.0000 574 470 0.8188
9815.0000 575 470 0.8174
9815.0000 575 471 0.8191
9826.0000 575 472 0.8209
9834.0000 576 472 0.8194
9853.0000 577 472 0.8180
9854.0000 577 473 0.8198
9856.0000 577 474 0.8215
9871.0000 578 474 0.8201
9886.0000 579 474 0.8187
9902.0000 580 474 0.8172
9902.0000 580 475 0.8190
9912.0000 580 476 0.8207
9920.0000 581 476 0.8193
9938.0000 582 476 0.8179
9948.0000 582 477 0.8196
9951.0000 582 478 0.8213
9955.0000 583 478 0.8199
9973.0000 584 478 0.8185
9989.0000 585 478 0.8171
10005.0000 586 478 0.8157
10020.0000 586 479 0.8174
10024.0000 587 479 0.8160
10040.0000 588 479 0.8146
10055.0000 588 480 0.8163
10059.0000 589 480 0.8149
10076.0000 590 480 0.8136
10094.0000 591 480 0.8122
10104.0000 591 481 0.8139
10111.0000 592 481 0.8125
10126.0000 592 482 0.8142
10127.0000 592 483 0.8159
10130.0000 593 483 0.8145
10140.0000 593 484 0.8162
10147.0000 594 484 0.8148
10165.0000 595 484 0.8134
10181.0000 596 484 0.8121
10197.0000 597 484 0.8107
10214.0000 598 484 0.8094
10218.0000 598 485 0.8110
10226.0000 598 486 0.8127
10227.0000 598 487 0.8144
10233.0000 599 487 0.8130
10246.0000 599 488 0.8147
10248.0000 600 488 0.8133
10249.0000 600 489 0.8150
10254.0000 600 490 0.8167
10267.0000 601 490 0.8153
10279.0000 601 491 0.8170
10283.0000 601 492 0.8186
10284.0000 602 492 0.8173
10295.0000 602 493 0.8189
10297.0000 602 494 0.8206
10300.0000 603 494 0.8192
10319.0000 604 494 0.8179
10338.0000 605 494 0.8165
10341.0000 605 495 0.8182
10357.0000 606 495 0.8168
10361.0000 606 496 0.8185
10372.0000 607 496 0.8171
10386.0000 607 497 0.8188
10391.0000 608 497 0.8174
10410.0000 609 497 0.8161
10429.0000 610 497 0.8148
10444.0000 611 497 0.8134
10445.0000 611 498 0.8151
10459.0000 611 499 0.8167
10461.0000 612 499 0.8154
10463.0000 612 500 0.8170
10471.0000 612 501 0.8186
10476.0000 613 501 0.8173
10494.0000 614 501 0.8160
10509.0000 614 502 0.8176
10510.0000 615 502 0.8163
10526.0000 616 502 0.8149
10542.0000 617 502 0.8136
10560.0000 618 502 0.8123
10575.0000 619 502 0.8110
10590.0000 620 502 0.8097
10609.0000 621 502 0.8084
10620.0000 621 503 0.8100
10625.0000 622 503 0.8087
10642.0000 623 503 0.8074
10658.0000 624 503 0.8061
10661.0000 624 504 0.8077
10661.0000 624 505 0.8093
10675.0000 625 505 0.8080
10694.0000 626 505 0.8067
10698.0000 626 506 0.8083
10711.0000 627 506 0.8070
10727.0000 628 506 0.8057
10735.0000 628 507 0.8073
10742.0000 629 507 0.8060
10760.0000 630 507 0.8048
10767.0000 630 508 0.8063
10779.0000 631 508 0.8051
10786.0000 631 509 0.8067
10794.0000 631 510 0.8082
10796.0000 632 510 0.8070
10802.0000 632 511 0.8085
10812.0000 633 511 0.8073
10822.0000 633 512 0.8088
10825.0000 633 513 0.8104
10825.0000 633 514 0.8120
10830.0000 634 514 0.8107
10847.0000 635 514 0.8094
10865.0000 636 514 0.8082
10884.0000 637 514 0.8069
10896.0000 637 515 0.8085
10903.0000 638 515 0.8072
10918.0000 638 516 0.8088
10922.0000 639 516 0.8075
10939.0000 640 516 0.8063
10940.0000 640 517 0.8078
10955.0000 641 517 0.8066
10956.0000 641 518 0.8081
10958.0000 641 519 0.8097
10972.0000 642 519 0.8084
10977.0000 642 520 0.8100
10991.0000 643 520 0.8087
11006.0000 644 520 0.8075
11025.0000 645 520 0.8062
11036.0000 645 521 0.8078
11041.0000 646 521 0.8065
11059.0000 647 521 0.8053
11078.0000 648 521 0.8040
11094.0000 649 521 0.8028
11111.0000 650 521 0.8015
11124.0000 650 522 0.8031
11126.0000 650 523 0.8046
11128.0000 651 523 0.8034
11130.0000 651 524 0.8049
11130.0000 651 525 0.8065
11134.0000 651 526 0.8080
11144.0000 652 526 0.8067
11160.0000 653 526 0.8055
11176.0000 654 526 0.8043
11183.0000 654 527 0.8058
11184.0000 654 528 0.8073
11191.0000 654 529 0.8089
11195.0000 655 529 0.8076
11211.0000 656 529 0.8064
11229.0000 657 529 0.8052
11232.0000 657 530 0.8067
11245.0000 658 530 0.8055
11260.0000 659 530 0.8042
11268.0000 659 531 0.8058
11271.0000 659 532 0.8073
11273.0000 659 533 0.8088
11275.0000 660 533 0.8076
11290.0000 661 533 0.8064
11301.0000 661 534 0.8079
11301.0000 661 535 0.8094
11302.0000 661 536 0.8109
11305.0000 662 536 0.8097
11318.0000 662 537 0.8112
11320.0000 663 537 0.8100
11324.0000 663 538 0.8115
11336.0000 664 538 0.8102
11336.0000 664 539 0.8117
11345.0000 664 540 0.8133
11353.0000 665 540 0.8120
11358.0000 665 541 0.8135
11360.0000 665 542 0.8150
11367.0000 665 543 0.8165
11372.0000 666 543 0.8153
11387.0000 667 543 0.8141
11390.0000 667 544 0.8156
11391.0000 667 545 0.8171
11391.0000 667 546 0.8186
11393.0000 667 547 0.8201
11406.0000 668 547 0.8189
11419.0000 668 548 0.8204
11425.0000 669 548 0.8191
11444.0000 670 548 0.8179
11461.0000 671 548 0.8167
11480.0000 672 548 0.8155
11499.0000 673 548 0.8143
11501.0000 673 549 0.8158
11518.0000 674 549 0.8145
11535.0000 675 549 0.8133
11550.0000 676 549 0.8121
11567.0000 677 549 0.8109
11577.0000 677 550 0.8124
11586.0000 678 550 0.8112
11586.0000 678 551 0.8127
11604.0000 679 551 0.8115
11606.0000 679 552 0.8130
11611.0000 679 553 0.8144
11617.0000 679 554 0.8159
11622.0000 680 554 0.8147
11640.0000 681 554 0.8135
11655.0000 681 555 0.8150
11657.0000 682 555 0.8138
11673.0000 683 555 0.8126
11692.0000 684 555 0.8114
11711.0000 685 555 0.8102
11719.0000 685 556 0.8117
11724.0000 685 557 0.8131
11729.0000 686 557 0.8120
11745.0000 686 558 0.8134
11747.0000 687 558 0.8122
11762.0000 688 558 0.8110
11775.0000 688 559 0.8125
11777.0000 689 559 0.8113
11783.0000 689 560 0.8128
11795.0000 690 560 0.8116
11814.0000 691 560 0.8104
11819.0000 691 561 0.8119
11825.0000 691 562 0.8133
11829.0000 692 562 0.8121
11835.0000 692 563 0.8136
11837.0000 692 564 0.8150
11841.0000 692 565 0.8165
11844.0000 693 565 0.8153
11851.0000 693 566 0.8167
11860.0000 694 566 0.8156
11872.0000 694 567 0.8170
11874.0000 694 568 0.8184
11876.0000 695 568 0.8173
11893.0000 696 568 0.8161
11910.0000 697 568 0.8149
11926.0000 698 568 0.8138
11943.0000 699 568 0.8126
11946.0000 699 569 0.8140
11956.0000 699 570 0.8155
11959.0000 700 570 0.8143
11971.0000 700 571 0.8157
11976.0000 701 571 0.8146
11993.0000 702 571 0.8134
11996.0000 702 572 0.8148
12012.0000 703 572 0.8137
12027.0000 704 572 0.8125
12027.0000 704 573 0.8139
12029.0000 704 574 0.8153
12034.0000 704 575 0.8168
12040.0000 704 576 0.8182
12044.0000 705 576 0.8170
12047.0000 705 577 0.8184
12060.0000 706 577 0.8173
12069.0000 706 578 0.8187
12071.0000 706 579 0.8201
12071.0000 706 580 0.8215
12076.0000 707 580 0.8204
12095.0000 708 580 0.8192
12113.0000 709 580 0.8181
12131.0000 710 580 0.8169
12145.0000 710 581 0.8183
12149.0000 711 581 0.8172
12167.0000 712 581 0.8160
12180.0000 712 582 0.8174
12182.0000 713 582 0.8163
12190.0000 713 583 0.8177
12196.0000 713 584 0.8191
12199.0000 714 584 0.8179
12202.0000 714 585 0.8193
12215.0000 714 586 0.8207
12217.0000 715 586 0.8196
12217.0000 715 587 0.8210
12225.0000 715 588 0.8224
12225.0000 715 589 0.8238
12235.0000 716 589 0.8226
12237.0000 716 590 0.8240
12251.0000 717 590 0.8229
12262.0000 717 591 0.8243
12264.0000 717 592 0.8257
12270.0000 718 592 0.8245
12280.0000 718 593 0.8259
12286.0000 719 593 0.8248
12304.0000 720 593 0.8236
12313.0000 720 594 0.8250
12323.0000 721 594 0.8239
12324.0000 721 595 0.8252
12340.0000 722 595 0.8241
12346.0000 722 596 0.8255
12355.0000 723 596 0.8243
12369.0000 723 597 0.8257
12373.0000 724 597 0.8246
12388.0000 725 597 0.8234
12388.0000 725 598 0.8248
12406.0000 726 598 0.8237
12411.0000 726 599 0.8251
12422.0000 727 599 0.8239
12430.0000 727 600 0.8253
12433.0000 727 601 0.8267
12434.0000 727 602 0.8281
12438.0000 728 602 0.8269
12440.0000 728 603 0.8283
12443.0000 728 604 0.8297
12447.0000 728 605 0.8310
12448.0000 728 606 0.8324
12450.0000 728 607 0.8338
12456.0000 729 607 0.8326
12460.0000 729 608 0.8340
12473.0000 730 608 0.8329
12488.0000 731 608 0.8317
12494.0000 731 609 0.8331
12504.0000 732 609 0.8320
12520.0000 733 609 0.8308
12534.0000 733 610 0.8322
12537.0000 733 611 0.8336
12539.0000 734 611 0.8324
12542.0000 734 612 0.8338
12554.0000 735 612 0.8327
12556.0000 735 613 0.8340
12556.0000 735 614 0.8354
12573.0000 736 614 0.8342
12592.0000 737 614 0.8331
12610.0000 738 614 0.8320
12612.0000 738 615 0.8333
12612.0000 738 616 0.8347
12614.0000 738 617 0.8360
12618.0000 738 618 0.8374
12625.0000 739 618 0.8363
12641.0000 740 618 0.8351
12657.0000 740 619 0.8365
12658.0000 741 619 0.8354
12677.0000 742 619 0.8342
12691.0000 742 620 0.8356
12695.0000 743 620 0.8345
12714.0000 744 620 0.8333
12732.0000 745 620 0.8322
12748.0000 746 620 0.8311
12754.0000 746 621 0.8324
12756.0000 746 622 0.8338
12756.0000 746 623 0.8351
12762.0000 746 624 0.8365
12763.0000 747 624 0.8353
12765.0000 747 625 0.8367
12781.0000 748 625 0.8356
12796.0000 748 626 0.8369
12800.0000 749 626 0.8358
12818.0000 750 626 0.8347
12829.0000 750 627 0.8360
12833.0000 751 627 0.8349
12848.0000 752 627 0.8338
12850.0000 752 628 0.8351
12866.0000 753 628 0.8340
12885.0000 754 628 0.8329
12889.0000 754 629 0.8342
12902.0000 755 629 0.8331
12909.0000 755 630 0.8344
12920.0000 756 630 0.8333
12935.0000 757 630 0.8322
12944.0000 757 631 0.8336
12951.0000 758 631 0.8325
12951.0000 758 632 0.8338
12967.0000 759 632 0.8327
12983.0000 760 632 0.8316
12985.0000 760 633 0.8329
12985.0000 760 634 0.8342
12998.0000 761 634 0.8331
13015.0000 762 634 0.8320
13028.0000 762 635 0.8333
13030.0000 762 636 0.8346
13031.0000 763 636 0.8336
13032.0000 763 637 0.8349
13034.0000 763 638 0.8362
13049.0000 764 638 0.8351
13068.0000 765 638 0.8340
13086.0000 766 638 0.8329
13088.0000 766 639 0.8342
13090.0000 766 640 0.8355
13103.0000 767 640 0.8344
13118.0000 768 640 0.8333
13136.0000 769 640 0.8322
13148.0000 769 641 0.8336
13153.0000 770 641 0.8325
13159.0000 770 642 0.8338
13168.0000 771 642 0.8327
13171.0000 771 643 0.8340
13185.0000 772 643 0.8329
13201.0000 773 643 0.8318
13213.0000 773 644 0.8331
13220.0000 774 644 0.8320
13236.0000 775 644 0.8310
13251.0000 776 644 0.8299
13257.0000 776 645 0.8312
13269.0000 777 645 0.8301
13285.0000 778 645 0.8290
13301.0000 779 645 0.8280
13305.0000 779 646 0.8293
13309.0000 779 647 0.8306
13317.0000 780 647 0.8295
13336.0000 781 647 0.8284
13339.0000 781 648 0.8297
13342.0000 781 649 0.8310
13354.0000 782 649 0.8299
13369.0000 783 649 0.8289
13379.0000 783 650 0.8301
13382.0000 783 651 0.8314
13383.0000 783 652 0.8327
13384.0000 784 652 0.8316
13395.0000 784 653 0.8329
13398.0000 784 654 0.8342
13399.0000 785 654 0.8331
13414.0000 786 654 0.8321
13429.0000 787 654 0.8310
13430.0000 787 655 0.8323
13433.0000 787 656 0.8335
13435.0000 787 657 0.8348
13444.0000 788 657 0.8338
13451.0000 788 658 0.8350
13459.0000 788 659 0.8363
13461.0000 789 659 0.8352
13476.0000 790 659 0.8342
13481.0000 790 660 0.8354
13484.0000 790 661 0.8367
13491.0000 791 661 0.8357
13508.0000 792 661 0.8346
13509.0000 792 662 0.8359
13514.0000 792 663 0.8371
13523.0000 793 663 0.8361
13523.0000 793 664 0.8373
13542.0000 794 664 0.8363
13551.0000 794 665 0.8375
13559.0000 795 665 0.8365
13572.0000 795 666 0.8377
13574.0000 796 666 0.8367
13582.0000 796 667 0.8379
13591.0000 797 667 0.8369
13609.0000 798 667 0.8358
13623.0000 798 668 0.8371
13628.0000 799 668 0.8360
13637.0000 799 669 0.8373
13639.0000 799 670 0.8385
13643.0000 800 670 0.8375
13648.0000 800 671 0.8388
13658.0000 800 672 0.8400
13661.0000 801 672 0.8390
13663.0000 801 673 0.8402
13673.0000 801 674 0.8414
13677.0000 802 674 0.8404
13693.0000 803 674 0.8394
13695.0000 803 675 0.8406
13702.0000 803 676 0.8418
13710.0000 804 676 0.8408
13712.0000 804 677 0.8420
13729.0000 805 677 0.8410
13746.0000 806 677 0.8400
13765.0000 807 677 0.8389
13768.0000 807 678 0.8401
13771.0000 807 679 0.8414
13781.0000 808 679 0.8403
13796.0000 809 679 0.8393
13805.0000 809 680 0.8405
13807.0000 809 681 0.8418
13808.0000 809 682 0.8430
13813.0000 810 682 0.8420
13819.0000 810 683 0.8432
13824.0000 810 684 0.8444
13826.0000 810 685 0.8457
13829.0000 811 685 0.8446
13831.0000 811 686 0.8459
13841.0000 811 687 0.8471
13843.0000 811 688 0.8483
13848.0000 812 688 0.8473
13858.0000 812 689 0.8485
13862.0000 812 690 0.8498
13867.0000 813 690 0.8487
13881.0000 813 691 0.8499
13882.0000 814 691 0.8489
13884.0000 814 692 0.8501
13887.0000 814 693 0.8514
13890.0000 814 694 0.8526
13896.0000 814 695 0.8538
13897.0000 815 695 0.8528
13904.0000 815 696 0.8540
13908.0000 815 697 0.8552
13913.0000 816 697 0.8542
13920.0000 816 698 0.8554
13927.0000 816 699 0.8566
13932.0000 817 699 0.8556
13932.0000 817 700 0.8568
13948.0000 818 700 0.8557
13948.0000 818 701 0.8570
13963.0000 819 701 0.8559
13966.0000 819 702 0.8571
13968.0000 819 703 0.8584
13977.0000 819 704 0.8596
13979.0000 820 704 0.8585
13991.0000 820 705 0.8598
13994.0000 821 705 0.8587
13997.0000 821 706 0.8599
14012.0000 822 706 0.8589
14027.0000 823 706 0.8578
14044.0000 824 706 0.8568
14044.0000 824 707 0.8580
14050.0000 824 708 0.8592
14051.0000 824 709 0.8604
14051.0000 824 710 0.8617
14059.0000 825 710 0.8606
14075.0000 826 710 0.8596
14075.0000 826 711 0.8608
14080.0000 826 712 0.8620
14082.0000 826 713 0.8632
14094.0000 827 713 0.8622
14094.0000 827 714 0.8634
14103.0000 827 715 0.8646
14109.0000 828 715 0.8635
14123.0000 828 716 0.8647
14124.0000 829 716 0.8637
14124.0000 829 717 0.8649
14126.0000 829 718 0.8661
14140.0000 830 718 0.8651
14144.0000 830 719 0.8663
14148.0000 830 720 0.8675
14158.0000 831 720 0.8664
14173.0000 831 721 0.8676
14173.0000 831 722 0.8688
14174.0000 832 722 0.8678
14181.0000 832 723 0.8690
14193.0000 833 723 0.8679
14204.0000 833 724 0.8691
14210.0000 834 724 0.8681
14219.0000 834 725 0.8693
14225.0000 835 725 0.8683
14229.0000 835 726 0.8695
14240.0000 836 726 0.8684
14253.0000 836 727 0.8696
14259.0000 837 727 0.8686
14260.0000 837 728 0.8698
14278.0000 838 728 0.8687
14281.0000 838 729 0.8699
14294.0000 839 729 0.8689
14298.0000 839 730 0.8701
14313.0000 840 730 0.8690
14330.0000 841 730 0.8680
14338.0000 841 731 0.8692
14339.0000 841 732 0.8704
14341.0000 841 733 0.8716
14345.0000 842 733 0.8705
14360.0000 843 733 0.8695
14378.0000 843 734 0.8707
14379.0000 844 734 0.8697
14396.0000 845 734 0.8686
