# time  created  delivered  delivered/created
19.0000 1 0 0.0000
34.0000 2 0 0.0000
41.0000 2 1 0.5000
45.0000 2 2 1.0000
51.0000 3 2 0.6667
70.0000 4 2 0.5000
74.0000 4 3 0.7500
83.0000 4 4 1.0000
87.0000 5 4 0.8000
101.0000 5 5 1.0000
103.0000 6 5 0.8333
111.0000 6 6 1.0000
120.0000 7 6 0.8571
136.0000 8 6 0.7500
147.0000 8 7 0.8750
155.0000 9 7 0.7778
173.0000 10 7 0.7000
192.0000 11 7 0.6364
208.0000 12 7 0.5833
209.0000 12 8 0.6667
227.0000 13 8 0.6154
237.0000 13 9 0.6923
245.0000 14 9 0.6429
252.0000 14 10 0.7143
261.0000 15 10 0.6667
266.0000 15 11 0.7333
276.0000 16 11 0.6875
289.0000 16 12 0.7500
293.0000 17 12 0.7059
294.0000 17 13 0.7647
309.0000 18 13 0.7222
328.0000 19 13 0.6842
329.0000 19 14 0.7368
346.0000 20 14 0.7000
365.0000 21 14 0.6667
380.0000 22 14 0.6364
395.0000 23 14 0.6087
410.0000 24 14 0.5833
413.0000 24 15 0.6250
429.0000 25 15 0.6000
445.0000 26 15 0.5769
455.0000 26 16 0.6154
461.0000 27 16 0.5926
478.0000 27 17 0.6296
480.0000 28 17 0.6071
497.0000 29 17 0.5862
504.0000 29 18 0.6207
515.0000 30 18 0.6000
534.0000 31 18 0.5806
553.0000 32 18 0.5625
570.0000 33 18 0.5455
588.0000 34 18 0.5294
593.0000 34 19 0.5588
601.0000 34 20 0.5882
602.0000 34 21 0.6176
607.0000 35 21 0.6000
622.0000 36 21 0.5833
635.0000 36 22 0.6111
638.0000 37 22 0.5946
642.0000 37 23 0.6216
643.0000 37 24 0.6486
656.0000 38 24 0.6316
671.0000 39 24 0.6154
688.0000 40 24 0.6000
695.0000 40 25 0.6250
707.0000 41 25 0.6098
709.0000 41 26 0.6341
726.0000 42 26 0.6190
741.0000 43 26 0.6047
760.0000 44 26 0.5909
779.0000 45 26 0.5778
787.0000 45 27 0.6000
798.0000 46 27 0.5870
813.0000 47 27 0.5745
828.0000 48 27 0.5625
846.0000 49 27 0.5510
861.0000 50 27 0.5400
868.0000 50 28 0.5600
876.0000 51 28 0.5490
885.0000 51 29 0.5686
895.0000 52 29 0.5577
914.0000 53 29 0.5472
933.0000 54 29 0.5370
945.0000 54 30 0.5556
952.0000 55 30 0.5455
957.0000 55 31 0.5636
969.0000 56 31 0.5536
972.0000 56 32 0.5714
986.0000 57 32 0.5614
987.0000 57 33 0.5789
989.0000 57 34 0.5965
1004.0000 58 34 0.5862
1022.0000 59 34 0.5763
1038.0000 60 34 0.5667
1057.0000 61 34 0.5574
1076.0000 62 34 0.5484
1095.0000 63 34 0.5397
1111.0000 64 34 0.5313
1126.0000 65 34 0.5231
1143.0000 66 34 0.5152
1144.0000 66 35 0.5303
1160.0000 67 35 0.5224
1177.0000 67 36 0.5373
1179.0000 68 36 0.5294
1186.0000 68 37 0.5441
1196.0000 69 37 0.5362
1197.0000 69 38 0.5507
1206.0000 69 39 0.5652
1214.0000 70 39 0.5571
1222.0000 70 40 0.5714
1232.0000 71 40 0.5634
1233.0000 71 41 0.5775
1237.0000 71 42 0.5915
1251.0000 72 42 0.5833
1270.0000 73 42 0.5753
1287.0000 74 42 0.5676
1293.0000 74 43 0.5811
1305.0000 75 43 0.5733
1321.0000 76 43 0.5658
1336.0000 77 43 0.5584
1337.0000 77 44 0.5714
1338.0000 77 45 0.5844
1352.0000 78 45 0.5769
1352.0000 78 46 0.5897
1368.0000 79 46 0.5823
1386.0000 80 46 0.5750
1401.0000 81 46 0.5679
1420.0000 82 46 0.5610
1438.0000 83 46 0.5542
1453.0000 84 46 0.5476
1468.0000 85 46 0.5412
1484.0000 86 46 0.5349
1485.0000 86 47 0.5465
1502.0000 87 47 0.5402
1517.0000 88 47 0.5341
1536.0000 89 47 0.5281
1551.0000 89 48 0.5393
1552.0000 90 48 0.5333
1570.0000 91 48 0.5275
1574.0000 91 49 0.5385
1586.0000 92 49 0.5326
1587.0000 92 50 0.5435
1601.0000 93 50 0.5376
1611.0000 93 51 0.5484
1617.0000 94 51 0.5426
1634.0000 95 51 0.5368
1648.0000 95 52 0.5474
1649.0000 96 52 0.5417
1659.0000 96 53 0.5521
1668.0000 97 53 0.5464
1684.0000 98 53 0.5408
1703.0000 99 53 0.5354
1718.0000 100 53 0.5300
1724.0000 100 54 0.5400
1735.0000 101 54 0.5347
1737.0000 101 55 0.5446
1742.0000 101 56 0.5545
1742.0000 101 57 0.5644
1750.0000 102 57 0.5588
1755.0000 102 58 0.5686
1760.0000 102 59 0.5784
1765.0000 103 59 0.5728
1783.0000 104 59 0.5673
1802.0000 105 59 0.5619
1805.0000 105 60 0.5714
1818.0000 106 60 0.5660
1833.0000 107 60 0.5607
1848.0000 108 60 0.5556
1857.0000 108 61 0.5648
1863.0000 109 61 0.5596
1881.0000 110 61 0.5545
1900.0000 111 61 0.5495
1918.0000 112 61 0.5446
1923.0000 112 62 0.5536
1937.0000 113 62 0.5487
1954.0000 114 62 0.5439
1970.0000 115 62 0.5391
1989.0000 116 62 0.5345
2008.0000 117 62 0.5299
2024.0000 118 62 0.5254
2043.0000 119 62 0.5210
2046.0000 119 63 0.5294
2061.0000 120 63 0.5250
2076.0000 121 63 0.5207
2077.0000 121 64 0.5289
2095.0000 122 64 0.5246
2102.0000 122 65 0.5328
2112.0000 123 65 0.5285
2131.0000 124 65 0.5242
2134.0000 124 66 0.5323
2148.0000 125 66 0.5280
2163.0000 126 66 0.5238
2179.0000 127 66 0.5197
2195.0000 128 66 0.5156
2213.0000 129 66 0.5116
2226.0000 129 67 0.5194
2229.0000 129 68 0.5271
2232.0000 130 68 0.5231
2238.0000 130 69 0.5308
2242.0000 130 70 0.5385
2248.0000 131 70 0.5344
2264.0000 132 70 0.5303
2283.0000 133 70 0.5263
2302.0000 134 70 0.5224
2321.0000 135 70 0.5185
2336.0000 136 70 0.5147
2352.0000 137 70 0.5109
2367.0000 138 70 0.5072
2385.0000 139 70 0.5036
2404.0000 140 70 0.5000
2421.0000 140 71 0.5071
2423.0000 141 71 0.5035
2438.0000 142 71 0.5000
2456.0000 143 71 0.4965
2472.0000 144 71 0.4931
2489.0000 145 71 0.4897
2507.0000 146 71 0.4863
2508.0000 146 72 0.4932
2523.0000 147 72 0.4898
2538.0000 148 72 0.4865
2557.0000 149 72 0.4832
2558.0000 149 73 0.4899
2575.0000 150 73 0.4867
2591.0000 151 73 0.4834
2594.0000 151 74 0.4901
2604.0000 151 75 0.4967
2606.0000 152 75 0.4934
2623.0000 153 75 0.4902
2625.0000 153 76 0.4967
2626.0000 153 77 0.5033
2639.0000 153 78 0.5098
2640.0000 154 78 0.5065
2655.0000 155 78 0.5032
2666.0000 155 79 0.5097
2667.0000 155 80 0.5161
2670.0000 155 81 0.5226
2671.0000 156 81 0.5192
2673.0000 156 82 0.5256
2682.0000 156 83 0.5321
2689.0000 157 83 0.5287
2700.0000 157 84 0.5350
2701.0000 157 85 0.5414
2706.0000 158 85 0.5380
2707.0000 158 86 0.5443
2713.0000 158 87 0.5506
2723.0000 158 88 0.5570
2725.0000 159 88 0.5535
2732.0000 159 89 0.5597
2741.0000 160 89 0.5563
2744.0000 160 90 0.5625
2757.0000 161 90 0.5590
2772.0000 162 90 0.5556
2787.0000 163 90 0.5521
2802.0000 164 90 0.5488
2811.0000 164 91 0.5549
2817.0000 165 91 0.5515
2823.0000 165 92 0.5576
2835.0000 166 92 0.5542
2845.0000 166 93 0.5602
2852.0000 166 94 0.5663
2853.0000 167 94 0.5629
2862.0000 167 95 0.5689
2868.0000 168 95 0.5655
2879.0000 168 96 0.5714
2886.0000 169 96 0.5680
2902.0000 170 96 0.5647
2905.0000 170 97 0.5706
2915.0000 170 98 0.5765
2915.0000 170 99 0.5824
2916.0000 170 100 0.5882
2917.0000 171 100 0.5848
2933.0000 172 100 0.5814
2936.0000 172 101 0.5872
2939.0000 172 102 0.5930
2943.0000 172 103 0.5988
2952.0000 173 103 0.5954
2968.0000 174 103 0.5920
2984.0000 175 103 0.5886
3000.0000 176 103 0.5852
3015.0000 177 103 0.5819
3031.0000 178 103 0.5787
3050.0000 179 103 0.5754
3065.0000 180 103 0.5722
3080.0000 181 103 0.5691
3097.0000 182 103 0.5659
3116.0000 183 103 0.5628
3119.0000 183 104 0.5683
3126.0000 183 105 0.5738
3135.0000 184 105 0.5707
3153.0000 185 105 0.5676
3170.0000 186 105 0.5645
3185.0000 187 105 0.5615
3202.0000 188 105 0.5585
3209.0000 188 106 0.5638
3210.0000 188 107 0.5691
3211.0000 188 108 0.5745
3212.0000 188 109 0.5798
3219.0000 189 109 0.5767
3223.0000 189 110 0.5820
3235.0000 190 110 0.5789
3244.0000 190 111 0.5842
3250.0000 190 112 0.5895
3251.0000 191 112 0.5864
3264.0000 191 113 0.5916
3268.0000 191 114 0.5969
3268.0000 191 115 0.6021
3270.0000 192 115 0.5990
3274.0000 192 116 0.6042
3276.0000 192 117 0.6094
3289.0000 193 117 0.6062
3293.0000 193 118 0.6114
3295.0000 193 119 0.6166
3299.0000 193 120 0.6218
3308.0000 194 120 0.6186
3319.0000 194 121 0.6237
3319.0000 194 122 0.6289
3323.0000 195 122 0.6256
3323.0000 195 123 0.6308
3324.0000 195 124 0.6359
3325.0000 195 125 0.6410
3335.0000 195 126 0.6462
3336.0000 195 127 0.6513
3338.0000 196 127 0.6480
3344.0000 196 128 0.6531
3357.0000 197 128 0.6497
3372.0000 197 129 0.6548
3373.0000 198 129 0.6515
3374.0000 198 130 0.6566
3388.0000 199 130 0.6533
3388.0000 199 131 0.6583
3407.0000 200 131 0.6550
3425.0000 201 131 0.6517
3428.0000 201 132 0.6567
3442.0000 202 132 0.6535
3442.0000 202 133 0.6584
3450.0000 202 134 0.6634
3458.0000 203 134 0.6601
3461.0000 203 135 0.6650
3475.0000 204 135 0.6618
3492.0000 205 135 0.6585
3497.0000 205 136 0.6634
3502.0000 205 137 0.6683
3511.0000 206 137 0.6650
3529.0000 207 137 0.6618
3531.0000 207 138 0.6667
3547.0000 208 138 0.6635
3551.0000 208 139 0.6683
3566.0000 209 139 0.6651
3566.0000 209 140 0.6699
3570.0000 209 141 0.6746
3572.0000 209 142 0.6794
3573.0000 209 143 0.6842
3581.0000 210 143 0.6810
3587.0000 210 144 0.6857
3592.0000 210 145 0.6905
3600.0000 211 145 0.6872
3617.0000 212 145 0.6840
3619.0000 212 146 0.6887
3622.0000 212 147 0.6934
3632.0000 213 147 0.6901
3633.0000 213 148 0.6948
3640.0000 213 149 0.6995
3640.0000 213 150 0.7042
3641.0000 213 151 0.7089
3648.0000 214 151 0.7056
3665.0000 215 151 0.7023
3670.0000 215 152 0.7070
3680.0000 216 152 0.7037
3690.0000 216 153 0.7083
3695.0000 217 153 0.7051
3710.0000 218 153 0.7018
3712.0000 218 154 0.7064
3721.0000 218 155 0.7110
3729.0000 219 155 0.7078
3737.0000 219 156 0.7123
3748.0000 220 156 0.7091
3750.0000 220 157 0.7136
3754.0000 220 158 0.7182
3763.0000 220 159 0.7227
3766.0000 221 159 0.7195
3784.0000 222 159 0.7162
3786.0000 222 160 0.7207
3802.0000 223 160 0.7175
3812.0000 223 161 0.7220
3814.0000 223 162 0.7265
3821.0000 224 162 0.7232
3838.0000 225 162 0.7200
3856.0000 226 162 0.7168
3868.0000 226 163 0.7212
3874.0000 227 163 0.7181
3887.0000 227 164 0.7225
3891.0000 227 165 0.7269
3892.0000 228 165 0.7237
3894.0000 228 166 0.7281
3909.0000 229 166 0.7249
3926.0000 230 166 0.7217
3942.0000 230 167 0.7261
3944.0000 230 168 0.7304
3945.0000 231 168 0.7273
3960.0000 232 168 0.7241
3968.0000 232 169 0.7284
3978.0000 233 169 0.7253
3983.0000 233 170 0.7296
3995.0000 234 170 0.7265
4007.0000 234 171 0.7308
4007.0000 234 172 0.7350
4013.0000 234 173 0.7393
4014.0000 235 173 0.7362
4024.0000 235 174 0.7404
4033.0000 236 174 0.7373
4034.0000 236 175 0.7415
4052.0000 237 175 0.7384
4059.0000 237 176 0.7426
4069.0000 238 176 0.7395
4077.0000 238 177 0.7437
4086.0000 238 178 0.7479
4087.0000 239 178 0.7448
4100.0000 239 179 0.7490
4105.0000 240 179 0.7458
4124.0000 241 179 0.7427
4139.0000 241 180 0.7469
4140.0000 242 180 0.7438
4140.0000 242 181 0.7479
4151.0000 242 182 0.7521
4158.0000 243 182 0.7490
4161.0000 243 183 0.7531
4177.0000 244 183 0.7500
4193.0000 244 184 0.7541
4195.0000 245 184 0.7510
4214.0000 246 184 0.7480
4221.0000 246 185 0.7520
4232.0000 247 185 0.7490
4249.0000 247 186 0.7530
4251.0000 248 186 0.7500
4267.0000 249 186 0.7470
4274.0000 249 187 0.7510
4282.0000 250 187 0.7480
4285.0000 250 188 0.7520
4285.0000 250 189 0.7560
4298.0000 251 189 0.7530
4315.0000 252 189 0.7500
4316.0000 252 190 0.7540
4330.0000 253 190 0.7510
4345.0000 254 190 0.7480
4362.0000 255 190 0.7451
4377.0000 255 191 0.7490
4378.0000 256 191 0.7461
4396.0000 257 191 0.7432
4397.0000 257 192 0.7471
4404.0000 257 193 0.7510
4412.0000 258 193 0.7481
4429.0000 259 193 0.7452
4438.0000 259 194 0.7490
4439.0000 259 195 0.7529
4439.0000 259 196 0.7568
4441.0000 259 197 0.7606
4448.0000 260 197 0.7577
4462.0000 260 198 0.7615
4465.0000 261 198 0.7586
4466.0000 261 199 0.7625
4480.0000 261 200 0.7663
4481.0000 262 200 0.7634
4496.0000 263 200 0.7605
4504.0000 263 201 0.7643
4505.0000 263 202 0.7681
4511.0000 264 202 0.7652
4512.0000 264 203 0.7689
4526.0000 265 203 0.7660
4543.0000 266 203 0.7632
4555.0000 266 204 0.7669
4558.0000 267 204 0.7640
4576.0000 268 204 0.7612
4581.0000 268 205 0.7649
4593.0000 269 205 0.7621
4611.0000 270 205 0.7593
4629.0000 271 205 0.7565
4645.0000 272 205 0.7537
4664.0000 273 205 0.7509
4669.0000 273 206 0.7546
4672.0000 273 207 0.7582
4682.0000 274 207 0.7555
4683.0000 274 208 0.7591
4686.0000 274 209 0.7628
4697.0000 275 209 0.7600
4701.0000 275 210 0.7636
4712.0000 276 210 0.7609
4723.0000 276 211 0.7645
4730.0000 277 211 0.7617
4734.0000 277 212 0.7653
4748.0000 278 212 0.7626
4755.0000 278 213 0.7662
4765.0000 279 213 0.7634
4778.0000 279 214 0.7670
4779.0000 279 215 0.7706
4782.0000 280 215 0.7679
4790.0000 280 216 0.7714
4797.0000 281 216 0.7687
4816.0000 282 216 0.7660
4832.0000 282 217 0.7695
4833.0000 283 217 0.7668
4833.0000 283 218 0.7703
4849.0000 283 219 0.7739
4850.0000 284 219 0.7711
4850.0000 284 220 0.7746
4865.0000 285 220 0.7719
4878.0000 285 221 0.7754
4881.0000 286 221 0.7727
4884.0000 286 222 0.7762
4885.0000 286 223 0.7797
4897.0000 287 223 0.7770
4915.0000 288 223 0.7743
4929.0000 288 224 0.7778
4932.0000 289 224 0.7751
4938.0000 289 225 0.7785
4940.0000 289 226 0.7820
4948.0000 290 226 0.7793
4965.0000 291 226 0.7766
4971.0000 291 227 0.7801
4977.0000 291 228 0.7835
4984.0000 292 228 0.7808
5002.0000 293 228 0.7782
5020.0000 294 228 0.7755
5039.0000 295 228 0.7729
5057.0000 296 228 0.7703
5064.0000 296 229 0.7736
5073.0000 297 229 0.7710
5077.0000 297 230 0.7744
5086.0000 297 231 0.7778
5092.0000 298 231 0.7752
5109.0000 299 231 0.7726
5128.0000 300 231 0.7700
5131.0000 300 232 0.7733
5145.0000 300 233 0.7767
5146.0000 301 233 0.7741
5161.0000 302 233 0.7715
5177.0000 303 233 0.7690
5179.0000 303 234 0.7723
5192.0000 303 235 0.7756
5193.0000 304 235 0.7730
5193.0000 304 236 0.7763
5201.0000 304 237 0.7796
5211.0000 305 237 0.7770
5227.0000 306 237 0.7745
5244.0000 307 237 0.7720
5260.0000 308 237 0.7695
5261.0000 308 238 0.7727
5272.0000 308 239 0.7760
5278.0000 309 239 0.7735
5294.0000 310 239 0.7710
5313.0000 311 239 0.7685
5329.0000 312 239 0.7660
5333.0000 312 240 0.7692
5348.0000 313 240 0.7668
5364.0000 314 240 0.7643
5381.0000 315 240 0.7619
5388.0000 315 241 0.7651
5390.0000 315 242 0.7683
5397.0000 316 242 0.7658
5412.0000 317 242 0.7634
5423.0000 317 243 0.7666
5431.0000 318 243 0.7642
5449.0000 319 243 0.7618
5465.0000 320 243 0.7594
5465.0000 320 244 0.7625
5484.0000 321 244 0.7601
5502.0000 322 244 0.7578
5503.0000 322 245 0.7609
5508.0000 322 246 0.7640
5515.0000 322 247 0.7671
5519.0000 323 247 0.7647
5524.0000 323 248 0.7678
5531.0000 323 249 0.7709
5534.0000 323 250 0.7740
5535.0000 324 250 0.7716
5551.0000 325 250 0.7692
5566.0000 326 250 0.7669
5574.0000 326 251 0.7699
5585.0000 327 251 0.7676
5601.0000 328 251 0.7652
5605.0000 328 252 0.7683
5618.0000 329 252 0.7660
5623.0000 329 253 0.7690
5633.0000 329 254 0.7720
5637.0000 330 254 0.7697
5638.0000 330 255 0.7727
5645.0000 330 256 0.7758
5654.0000 331 256 0.7734
5655.0000 331 257 0.7764
5672.0000 332 257 0.7741
5675.0000 332 258 0.7771
5690.0000 333 258 0.7748
5691.0000 333 259 0.7778
5694.0000 333 260 0.7808
5705.0000 334 260 0.7784
5718.0000 334 261 0.7814
5721.0000 335 261 0.7791
5738.0000 336 261 0.7768
5746.0000 336 262 0.7798
5747.0000 336 263 0.7827
5755.0000 337 263 0.7804
5765.0000 337 264 0.7834
5771.0000 338 264 0.7811
5772.0000 338 265 0.7840
5779.0000 338 266 0.7870
5787.0000 339 266 0.7847
5796.0000 339 267 0.7876
5796.0000 339 268 0.7906
5804.0000 339 269 0.7935
5805.0000 340 269 0.7912
5823.0000 341 269 0.7889
5824.0000 341 270 0.7918
5842.0000 342 270 0.7895
5848.0000 342 271 0.7924
5861.0000 343 271 0.7901
5862.0000 343 272 0.7930
5879.0000 344 272 0.7907
5880.0000 344 273 0.7936
5888.0000 344 274 0.7965
5890.0000 344 275 0.7994
5894.0000 345 275 0.7971
5905.0000 345 276 0.8000
5911.0000 346 276 0.7977
5930.0000 347 276 0.7954
5944.0000 347 277 0.7983
5945.0000 348 277 0.7960
5945.0000 348 278 0.7989
5945.0000 348 279 0.8017
5963.0000 349 279 0.7994
5970.0000 349 280 0.8023
5977.0000 349 281 0.8052
5982.0000 350 281 0.8029
5985.0000 350 282 0.8057
5999.0000 351 282 0.8034
6012.0000 351 283 0.8063
6018.0000 352 283 0.8040
6024.0000 352 284 0.8068
6035.0000 353 284 0.8045
6035.0000 353 285 0.8074
6035.0000 353 286 0.8102
6036.0000 353 287 0.8130
6053.0000 354 287 0.8107
6054.0000 354 288 0.8136
6060.0000 354 289 0.8164
6068.0000 355 289 0.8141
6083.0000 356 289 0.8118
6102.0000 357 289 0.8095
6110.0000 357 290 0.8123
6117.0000 358 290 0.8101
6134.0000 359 290 0.8078
6135.0000 359 291 0.8106
6145.0000 359 292 0.8134
6151.0000 360 292 0.8111
6166.0000 361 292 0.8089
6184.0000 362 292 0.8066
6203.0000 363 292 0.8044
6218.0000 364 292 0.8022
6222.0000 364 293 0.8049
6232.0000 364 294 0.8077
6237.0000 365 294 0.8055
6256.0000 366 294 0.8033
6257.0000 366 295 0.8060
6271.0000 367 295 0.8038
6271.0000 367 296 0.8065
6272.0000 367 297 0.8093
6288.0000 368 297 0.8071
6299.0000 368 298 0.8098
6307.0000 369 298 0.8076
6321.0000 369 299 0.8103
6325.0000 370 299 0.8081
6337.0000 370 300 0.8108
6341.0000 371 300 0.8086
6347.0000 371 301 0.8113
6351.0000 371 302 0.8140
6357.0000 372 302 0.8118
6373.0000 372 303 0.8145
6376.0000 373 303 0.8123
6376.0000 373 304 0.8150
6391.0000 374 304 0.8128
6396.0000 374 305 0.8155
6400.0000 374 306 0.8182
6406.0000 375 306 0.8160
6424.0000 376 306 0.8138
6428.0000 376 307 0.8165
6431.0000 376 308 0.8191
6440.0000 377 308 0.8170
6444.0000 377 309 0.8196
6456.0000 378 309 0.8175
6474.0000 379 309 0.8153
6487.0000 379 310 0.8179
6491.0000 380 310 0.8158
6506.0000 381 310 0.8136
6521.0000 382 310 0.8115
6539.0000 383 310 0.8094
6556.0000 384 310 0.8073
6557.0000 384 311 0.8099
6572.0000 385 311 0.8078
6590.0000 386 311 0.8057
6607.0000 387 311 0.8036
6607.0000 387 312 0.8062
6626.0000 388 312 0.8041
6644.0000 389 312 0.8021
6653.0000 389 313 0.8046
6663.0000 390 313 0.8026
6679.0000 391 313 0.8005
6687.0000 391 314 0.8031
6694.0000 392 314 0.8010
6708.0000 392 315 0.8036
6713.0000 393 315 0.8015
6730.0000 394 315 0.7995
6746.0000 395 315 0.7975
6763.0000 396 315 0.7955
6779.0000 397 315 0.7935
6787.0000 397 316 0.7960
6796.0000 398 316 0.7940
6811.0000 398 317 0.7965
6812.0000 399 317 0.7945
6822.0000 399 318 0.7970
6827.0000 400 318 0.7950
6842.0000 401 318 0.7930
6860.0000 402 318 0.7910
6872.0000 402 319 0.7935
6874.0000 402 320 0.7960
6875.0000 402 321 0.7985
6877.0000 403 321 0.7965
6884.0000 403 322 0.7990
6893.0000 404 322 0.7970
6905.0000 404 323 0.7995
6911.0000 405 323 0.7975
6912.0000 405 324 0.8000
6924.0000 405 325 0.8025
6927.0000 406 325 0.8005
6933.0000 406 326 0.8030
6943.0000 407 326 0.8010
6959.0000 408 326 0.7990
6960.0000 408 327 0.8015
6976.0000 409 327 0.7995
6991.0000 410 327 0.7976
6994.0000 410 328 0.8000
7000.0000 410 329 0.8024
7007.0000 411 329 0.8005
7009.0000 411 330 0.8029
7023.0000 412 330 0.8010
7029.0000 412 331 0.8034
7038.0000 413 331 0.8015
7053.0000 414 331 0.7995
7058.0000 414 332 0.8019
7068.0000 415 332 0.8000
7082.0000 415 333 0.8024
7083.0000 416 333 0.8005
7084.0000 416 334 0.8029
7098.0000 416 335 0.8053
7101.0000 416 336 0.8077
7102.0000 417 336 0.8058
7104.0000 417 337 0.8082
7107.0000 417 338 0.8106
7121.0000 418 338 0.8086
7121.0000 418 339 0.8110
7139.0000 419 339 0.8091
7145.0000 419 340 0.8115
7149.0000 419 341 0.8138
7155.0000 420 341 0.8119
7158.0000 420 342 0.8143
7158.0000 420 343 0.8167
7172.0000 421 343 0.8147
7177.0000 421 344 0.8171
7181.0000 421 345 0.8195
7183.0000 421 346 0.8219
7190.0000 422 346 0.8199
7204.0000 422 347 0.8223
7206.0000 423 347 0.8203
7222.0000 424 347 0.8184
7231.0000 424 348 0.8208
7232.0000 424 349 0.8231
7236.0000 424 350 0.8255
7240.0000 425 350 0.8235
7257.0000 426 350 0.8216
7273.0000 427 350 0.8197
7291.0000 427 351 0.8220
7292.0000 428 351 0.8201
7309.0000 429 351 0.8182
7318.0000 429 352 0.8205
7323.0000 429 353 0.8228
7327.0000 430 353 0.8209
7345.0000 431 353 0.8190
7364.0000 432 353 0.8171
7365.0000 432 354 0.8194
7373.0000 432 355 0.8218
7375.0000 432 356 0.8241
7380.0000 433 356 0.8222
7399.0000 434 356 0.8203
7404.0000 434 357 0.8226
7411.0000 434 358 0.8249
7414.0000 435 358 0.8230
7424.0000 435 359 0.8253
7429.0000 436 359 0.8234
7430.0000 436 360 0.8257
7438.0000 436 361 0.8280
7446.0000 437 361 0.8261
7448.0000 437 362 0.8284
7462.0000 437 363 0.8307
7465.0000 438 363 0.8288
7482.0000 439 363 0.8269
7483.0000 439 364 0.8292
7497.0000 439 365 0.8314
7500.0000 440 365 0.8295
7501.0000 440 366 0.8318
7517.0000 440 367 0.8341
7518.0000 441 367 0.8322
7519.0000 441 368 0.8345
7524.0000 441 369 0.8367
7533.0000 441 370 0.8390
7537.0000 442 370 0.8371
7556.0000 443 370 0.8352
7561.0000 443 371 0.8375
7566.0000 443 372 0.8397
7571.0000 444 372 0.8378
7575.0000 444 373 0.8401
7587.0000 445 373 0.8382
7601.0000 445 374 0.8404
7604.0000 446 374 0.8386
7619.0000 447 374 0.8367
7635.0000 448 374 0.8348
7641.0000 448 375 0.8371
7654.0000 449 375 0.8352
7672.0000 450 375 0.8333
7673.0000 450 376 0.8356
7691.0000 451 376 0.8337
7706.0000 452 376 0.8319
7725.0000 453 376 0.8300
7742.0000 454 376 0.8282
7745.0000 454 377 0.8304
7757.0000 455 377 0.8286
7774.0000 456 377 0.8268
7782.0000 456 378 0.8289
7790.0000 457 378 0.8271
7798.0000 457 379 0.8293
7806.0000 458 379 0.8275
7824.0000 459 379 0.8257
7839.0000 459 380 0.8279
7842.0000 460 380 0.8261
7859.0000 461 380 0.8243
7862.0000 461 381 0.8265
7875.0000 461 382 0.8286
7876.0000 461 383 0.8308
7877.0000 461 384 0.8330
7878.0000 462 384 0.8312
7895.0000 463 384 0.8294
7896.0000 463 385 0.8315
7910.0000 464 385 0.8297
7921.0000 464 386 0.8319
7924.0000 464 387 0.8341
7928.0000 465 387 0.8323
7934.0000 465 388 0.8344
7943.0000 466 388 0.8326
7961.0000 467 388 0.8308
7969.0000 467 389 0.8330
7977.0000 468 389 0.8312
7987.0000 468 390 0.8333
7994.0000 469 390 0.8316
7998.0000 469 391 0.8337
8013.0000 470 391 0.8319
8028.0000 471 391 0.8301
8046.0000 472 391 0.8284
8060.0000 472 392 0.8305
8065.0000 473 392 0.8288
8081.0000 473 393 0.8309
8082.0000 474 393 0.8291
8097.0000 475 393 0.8274
8113.0000 476 393 0.8256
8132.0000 477 393 0.8239
8147.0000 478 393 0.8222
8151.0000 478 394 0.8243
8163.0000 479 394 0.8225
8182.0000 480 394 0.8208
8198.0000 481 394 0.8191
8214.0000 482 394 0.8174
8230.0000 483 394 0.8157
8234.0000 483 395 0.8178
8240.0000 483 396 0.8199
8247.0000 484 396 0.8182
8266.0000 485 396 0.8165
8277.0000 485 397 0.8186
8280.0000 485 398 0.8206
8281.0000 486 398 0.8189
8283.0000 486 399 0.8210
8295.0000 486 400 0.8230
8296.0000 487 400 0.8214
8313.0000 488 400 0.8197
8316.0000 488 401 0.8217
8320.0000 488 402 0.8238
8331.0000 489 402 0.8221
8349.0000 490 402 0.8204
8367.0000 491 402 0.8187
8381.0000 491 403 0.8208
8386.0000 492 403 0.8191
8387.0000 492 404 0.8211
8393.0000 492 405 0.8232
8394.0000 492 406 0.8252
8395.0000 492 407 0.8272
8403.0000 493 407 0.8256
8422.0000 494 407 0.8239
8422.0000 494 408 0.8259
8423.0000 494 409 0.8279
8437.0000 495 409 0.8263
8454.0000 496 409 0.8246
8466.0000 496 410 0.8266
8470.0000 497 410 0.8249
8488.0000 498 410 0.8233
8504.0000 499 410 0.8216
8522.0000 500 410 0.8200
8534.0000 500 411 0.8220
8540.0000 501 411 0.8204
8543.0000 501 412 0.8224
8549.0000 501 413 0.8244
8558.0000 502 413 0.8227
8558.0000 502 414 0.8247
8573.0000 502 415 0.8267
8574.0000 503 415 0.8250
8591.0000 504 415 0.8234
8600.0000 504 416 0.8254
8607.0000 505 416 0.8238
8620.0000 505 417 0.8257
8624.0000 506 417 0.8241
8640.0000 506 418 0.8261
8643.0000 507 418 0.8245
8646.0000 507 419 0.8264
8659.0000 508 419 0.8248
8666.0000 508 420 0.8268
8669.0000 508 421 0.8287
8675.0000 509 421 0.8271
8684.0000 509 422 0.8291
8690.0000 510 422 0.8275
8691.0000 510 423 0.8294
8706.0000 511 423 0.8278
8722.0000 511 424 0.8297
8724.0000 512 424 0.8281
8724.0000 512 425 0.8301
8727.0000 512 426 0.8320
8742.0000 513 426 0.8304
8744.0000 513 427 0.8324
8745.0000 513 428 0.8343
8746.0000 513 429 0.8363
8747.0000 513 430 0.8382
8756.0000 513 431 0.8402
8761.0000 514 431 0.8385
8762.0000 514 432 0.8405
8778.0000 515 432 0.8388
8784.0000 515 433 0.8408
8793.0000 515 434 0.8427
8795.0000 516 434 0.8411
8812.0000 517 434 0.8395
8831.0000 518 434 0.8378
8837.0000 518 435 0.8398
8849.0000 519 435 0.8382
8865.0000 520 435 0.8365
8881.0000 521 435 0.8349
8884.0000 521 436 0.8369
8893.0000 521 437 0.8388
8896.0000 522 437 0.8372
8897.0000 522 438 0.8391
8904.0000 522 439 0.8410
8912.0000 522 440 0.8429
8915.0000 523 440 0.8413
8926.0000 523 441 0.8432
8932.0000 524 441 0.8416
8940.0000 524 442 0.8435
8949.0000 525 442 0.8419
8950.0000 525 443 0.8438
8950.0000 525 444 0.8457
8968.0000 526 444 0.8441
8972.0000 526 445 0.8460
8985.0000 527 445 0.8444
8994.0000 527 446 0.8463
9004.0000 528 446 0.8447
9022.0000 529 446 0.8431
9040.0000 530 446 0.8415
9044.0000 530 447 0.8434
9047.0000 530 448 0.8453
9055.0000 531 448 0.8437
9065.0000 531 449 0.8456
9071.0000 532 449 0.8440
9090.0000 533 449 0.8424
9091.0000 533 450 0.8443
9104.0000 533 451 0.8462
9108.0000 534 451 0.8446
9125.0000 535 451 0.8430
9144.0000 536 451 0.8414
9149.0000 536 452 0.8433
9162.0000 537 452 0.8417
9175.0000 537 453 0.8436
9178.0000 538 453 0.8420
9194.0000 539 453 0.8404
9195.0000 539 454 0.8423
9203.0000 539 455 0.8442
9204.0000 539 456 0.8460
9211.0000 540 456 0.8444
9226.0000 541 456 0.8429
9236.0000 541 457 0.8447
9243.0000 542 457 0.8432
9261.0000 543 457 0.8416
9273.0000 543 458 0.8435
9278.0000 544 458 0.8419
9296.0000 545 458 0.8404
9302.0000 545 459 0.8422
9312.0000 546 459 0.8407
9331.0000 547 459 0.8391
9337.0000 547 460 0.8410
9350.0000 548 460 0.8394
9351.0000 548 461 0.8412
9361.0000 548 462 0.8431
9362.0000 548 463 0.8449
9363.0000 548 464 0.8467
9369.0000 549 464 0.8452
9376.0000 549 465 0.8470
9377.0000 549 466 0.8488
9383.0000 549 467 0.8506
9387.0000 550 467 0.8491
9402.0000 550 468 0.8509
9406.0000 551 468 0.8494
9406.0000 551 469 0.8512
9408.0000 551 470 0.8530
9424.0000 552 470 0.8514
9425.0000 552 471 0.8533
9431.0000 552 472 0.8551
9432.0000 552 473 0.8569
9436.0000 552 474 0.8587
9439.0000 553 474 0.8571
9442.0000 553 475 0.8590
9455.0000 554 475 0.8574
9471.0000 555 475 0.8559
9480.0000 555 476 0.8577
9487.0000 556 476 0.8561
9491.0000 556 477 0.8579
9492.0000 556 478 0.8597
9494.0000 556 479 0.8615
9505.0000 557 479 0.8600
9522.0000 558 479 0.8584
9541.0000 559 479 0.8569
9559.0000 560 479 0.8554
9577.0000 561 479 0.8538
9581.0000 561 480 0.8556
9581.0000 561 481 0.8574
9594.0000 562 481 0.8559
9610.0000 563 481 0.8544
9625.0000 564 481 0.8528
9643.0000 565 481 0.8513
9660.0000 566 481 0.8498
9663.0000 566 482 0.8516
9665.0000 566 483 0.8534
9671.0000 566 484 0.8551
9673.0000 566 485 0.8569
9677.0000 567 485 0.8554
9696.0000 568 485 0.8539
9711.0000 569 485 0.8524
9730.0000 570 485 0.8509
9731.0000 570 486 0.8526
9735.0000 570 487 0.8544
9745.0000 571 487 0.8529
9763.0000 572 487 0.8514
9765.0000 572 488 0.8531
9769.0000 572 489 0.8549
9773.0000 572 490 0.8566
9778.0000 573 490 0.8551
9789.0000 573 491 0.8569
9792.0000 573 492 0.8586
9797.0000 574 492 0.8571
9807.0000 574 493 0.8589
9815.0000 575 493 0.8574
9827.0000 575 494 0.8591
9834.0000 576 494 0.8576
9853.0000 577 494 0.8562
9854.0000 577 495 0.8579
9871.0000 578 495 0.8564
9886.0000 579 495 0.8549
9902.0000 580 495 0.8534
9920.0000 581 495 0.8520
9938.0000 582 495 0.8505
9955.0000 583 495 0.8491
9959.0000 583 496 0.8508
9959.0000 583 497 0.8525
9963.0000 583 498 0.8542
9973.0000 584 498 0.8527
9989.0000 585 498 0.8513
9997.0000 585 499 0.8530
9999.0000 585 500 0.8547
9999.0000 585 501 0.8564
10005.0000 586 501 0.8549
10006.0000 586 502 0.8567
10011.0000 586 503 0.8584
10015.0000 586 504 0.8601
10023.0000 586 505 0.8618
10024.0000 587 505 0.8603
10040.0000 588 505 0.8588
10041.0000 588 506 0.8605
10054.0000 588 507 0.8622
10059.0000 589 507 0.8608
10072.0000 589 508 0.8625
10073.0000 589 509 0.8642
10076.0000 590 509 0.8627
10079.0000 590 510 0.8644
10080.0000 590 511 0.8661
10084.0000 590 512 0.8678
10091.0000 590 513 0.8695
10094.0000 591 513 0.8680
10095.0000 591 514 0.8697
10106.0000 591 515 0.8714
10111.0000 592 515 0.8699
10130.0000 593 515 0.8685
10147.0000 594 515 0.8670
10165.0000 595 515 0.8655
10181.0000 596 515 0.8641
10197.0000 597 515 0.8626
10211.0000 597 516 0.8643
10214.0000 598 516 0.8629
10233.0000 599 516 0.8614
10248.0000 600 516 0.8600
10248.0000 600 517 0.8617
10257.0000 600 518 0.8633
10258.0000 600 519 0.8650
10260.0000 600 520 0.8667
10267.0000 601 520 0.8652
10267.0000 601 521 0.8669
10284.0000 602 521 0.8654
10287.0000 602 522 0.8671
10294.0000 602 523 0.8688
10300.0000 603 523 0.8673
10314.0000 603 524 0.8690
10319.0000 604 524 0.8675
10338.0000 605 524 0.8661
10353.0000 605 525 0.8678
10357.0000 606 525 0.8663
10372.0000 607 525 0.8649
10372.0000 607 526 0.8666
10391.0000 608 526 0.8651
10410.0000 609 526 0.8637
10429.0000 610 526 0.8623
10444.0000 611 526 0.8609
10461.0000 612 526 0.8595
10464.0000 612 527 0.8611
10472.0000 612 528 0.8627
10475.0000 612 529 0.8644
10476.0000 613 529 0.8630
10494.0000 614 529 0.8616
10510.0000 615 529 0.8602
10515.0000 615 530 0.8618
10526.0000 616 530 0.8604
10528.0000 616 531 0.8620
10542.0000 617 531 0.8606
10560.0000 618 531 0.8592
10562.0000 618 532 0.8608
10575.0000 619 532 0.8595
10575.0000 619 533 0.8611
10590.0000 620 533 0.8597
10596.0000 620 534 0.8613
10609.0000 621 534 0.8599
10625.0000 622 534 0.8585
10635.0000 622 535 0.8601
10642.0000 623 535 0.8587
10643.0000 623 536 0.8604
10658.0000 624 536 0.8590
10675.0000 625 536 0.8576
10687.0000 625 537 0.8592
10694.0000 626 537 0.8578
10695.0000 626 538 0.8594
10711.0000 627 538 0.8581
10718.0000 627 539 0.8596
10727.0000 628 539 0.8583
10742.0000 629 539 0.8569
10760.0000 630 539 0.8556
10779.0000 631 539 0.8542
10782.0000 631 540 0.8558
10792.0000 631 541 0.8574
10796.0000 632 541 0.8560
10812.0000 633 541 0.8547
10825.0000 633 542 0.8562
10830.0000 634 542 0.8549
10847.0000 635 542 0.8535
10865.0000 636 542 0.8522
10873.0000 636 543 0.8538
10884.0000 637 543 0.8524
10891.0000 637 544 0.8540
10899.0000 637 545 0.8556
10903.0000 638 545 0.8542
10922.0000 639 545 0.8529
10929.0000 639 546 0.8545
10939.0000 640 546 0.8531
10955.0000 641 546 0.8518
10972.0000 642 546 0.8505
10991.0000 643 546 0.8491
10992.0000 643 547 0.8507
11006.0000 644 547 0.8494
11014.0000 644 548 0.8509
11014.0000 644 549 0.8525
11025.0000 645 549 0.8512
11029.0000 645 550 0.8527
11032.0000 645 551 0.8543
11041.0000 646 551 0.8529
11059.0000 647 551 0.8516
11078.0000 648 551 0.8503
11094.0000 649 551 0.8490
11111.0000 650 551 0.8477
11111.0000 650 552 0.8492
11128.0000 651 552 0.8479
11134.0000 651 553 0.8495
11141.0000 651 554 0.8510
11144.0000 652 554 0.8497
11160.0000 653 554 0.8484
11161.0000 653 555 0.8499
11176.0000 654 555 0.8486
11177.0000 654 556 0.8502
11178.0000 654 557 0.8517
11183.0000 654 558 0.8532
11185.0000 654 559 0.8547
11191.0000 654 560 0.8563
11195.0000 655 560 0.8550
11211.0000 656 560 0.8537
11216.0000 656 561 0.8552
11225.0000 656 562 0.8567
11229.0000 657 562 0.8554
11237.0000 657 563 0.8569
11245.0000 658 563 0.8556
11260.0000 659 563 0.8543
11260.0000 659 564 0.8558
11266.0000 659 565 0.8574
11267.0000 659 566 0.8589
11268.0000 659 567 0.8604
11275.0000 660 567 0.8591
11290.0000 661 567 0.8578
11294.0000 661 568 0.8593
11297.0000 661 569 0.8608
11297.0000 661 570 0.8623
11298.0000 661 571 0.8638
11299.0000 661 572 0.8654
11299.0000 661 573 0.8669
11300.0000 661 574 0.8684
11304.0000 661 575 0.8699
11305.0000 662 575 0.8686
11306.0000 662 576 0.8701
11308.0000 662 577 0.8716
11319.0000 662 578 0.8731
11320.0000 663 578 0.8718
11336.0000 664 578 0.8705
11342.0000 664 579 0.8720
11350.0000 664 580 0.8735
11353.0000 665 580 0.8722
11356.0000 665 581 0.8737
11372.0000 666 581 0.8724
11387.0000 667 581 0.8711
11406.0000 668 581 0.8698
11425.0000 669 581 0.8685
11431.0000 669 582 0.8700
11437.0000 669 583 0.8714
11444.0000 670 583 0.8701
11461.0000 671 583 0.8689
11480.0000 672 583 0.8676
11499.0000 673 583 0.8663
11518.0000 674 583 0.8650
11526.0000 674 584 0.8665
11535.0000 675 584 0.8652
11539.0000 675 585 0.8667
11550.0000 676 585 0.8654
11567.0000 677 585 0.8641
11586.0000 678 585 0.8628
11591.0000 678 586 0.8643
11604.0000 679 586 0.8630
11605.0000 679 587 0.8645
11622.0000 680 587 0.8632
11640.0000 681 587 0.8620
11657.0000 682 587 0.8607
11673.0000 683 587 0.8594
11692.0000 684 587 0.8582
11697.0000 684 588 0.8596
11711.0000 685 588 0.8584
11715.0000 685 589 0.8599
11729.0000 686 589 0.8586
11736.0000 686 590 0.8601
11745.0000 686 591 0.8615
11746.0000 686 592 0.8630
11747.0000 687 592 0.8617
11755.0000 687 593 0.8632
11762.0000 688 593 0.8619
11777.0000 689 593 0.8607
11795.0000 690 593 0.8594
11814.0000 691 593 0.8582
11829.0000 692 593 0.8569
11830.0000 692 594 0.8584
11844.0000 693 594 0.8571
11860.0000 694 594 0.8559
11876.0000 695 594 0.8547
11880.0000 695 595 0.8561
11893.0000 696 595 0.8549
11903.0000 696 596 0.8563
11910.0000 697 596 0.8551
11924.0000 697 597 0.8565
11926.0000 698 597 0.8553
11943.0000 699 597 0.8541
11945.0000 699 598 0.8555
11946.0000 699 599 0.8569
11946.0000 699 600 0.8584
11957.0000 699 601 0.8598
11959.0000 700 601 0.8586
11970.0000 700 602 0.8600
11973.0000 700 603 0.8614
11976.0000 701 603 0.8602
11979.0000 701 604 0.8616
11981.0000 701 605 0.8631
11984.0000 701 606 0.8645
11988.0000 701 607 0.8659
11993.0000 702 607 0.8647
12012.0000 703 607 0.8634
12027.0000 704 607 0.8622
12027.0000 704 608 0.8636
12041.0000 704 609 0.8651
12044.0000 705 609 0.8638
12045.0000 705 610 0.8652
12060.0000 706 610 0.8640
12076.0000 707 610 0.8628
12095.0000 708 610 0.8616
12113.0000 709 610 0.8604
12128.0000 709 611 0.8618
12131.0000 710 611 0.8606
12132.0000 710 612 0.8620
12149.0000 711 612 0.8608
12167.0000 712 612 0.8596
12172.0000 712 613 0.8610
12174.0000 712 614 0.8624
12182.0000 713 614 0.8612
12193.0000 713 615 0.8626
12198.0000 713 616 0.8640
12199.0000 714 616 0.8627
12204.0000 714 617 0.8641
12217.0000 715 617 0.8629
12231.0000 715 618 0.8643
12235.0000 716 618 0.8631
12236.0000 716 619 0.8645
12251.0000 717 619 0.8633
12259.0000 717 620 0.8647
12269.0000 717 621 0.8661
12270.0000 718 621 0.8649
12284.0000 718 622 0.8663
12286.0000 719 622 0.8651
12286.0000 719 623 0.8665
12300.0000 719 624 0.8679
12304.0000 720 624 0.8667
12322.0000 720 625 0.8681
12323.0000 721 625 0.8669
12329.0000 721 626 0.8682
12340.0000 722 626 0.8670
12340.0000 722 627 0.8684
12355.0000 723 627 0.8672
12360.0000 723 628 0.8686
12361.0000 723 629 0.8700
12364.0000 723 630 0.8714
12372.0000 723 631 0.8728
12373.0000 724 631 0.8715
12384.0000 724 632 0.8729
12387.0000 724 633 0.8743
12388.0000 725 633 0.8731
12406.0000 726 633 0.8719
12412.0000 726 634 0.8733
12422.0000 727 634 0.8721
12422.0000 727 635 0.8735
12435.0000 727 636 0.8748
12438.0000 728 636 0.8736
12440.0000 728 637 0.8750
12456.0000 729 637 0.8738
12473.0000 730 637 0.8726
12488.0000 731 637 0.8714
12495.0000 731 638 0.8728
12500.0000 731 639 0.8741
12504.0000 732 639 0.8730
12520.0000 733 639 0.8718
12523.0000 733 640 0.8731
12539.0000 734 640 0.8719
12540.0000 734 641 0.8733
12554.0000 735 641 0.8721
12555.0000 735 642 0.8735
12556.0000 735 643 0.8748
12559.0000 735 644 0.8762
12560.0000 735 645 0.8776
12560.0000 735 646 0.8789
12561.0000 735 647 0.8803
12566.0000 735 648 0.8816
12570.0000 735 649 0.8830
12573.0000 736 649 0.8818
12582.0000 736 650 0.8832
12592.0000 737 650 0.8820
12610.0000 738 650 0.8808
12612.0000 738 651 0.8821
12625.0000 739 651 0.8809
12634.0000 739 652 0.8823
12635.0000 739 653 0.8836
12636.0000 739 654 0.8850
12637.0000 739 655 0.8863
12641.0000 740 655 0.8851
12658.0000 741 655 0.8839
12677.0000 742 655 0.8827
12684.0000 742 656 0.8841
12695.0000 743 656 0.8829
12708.0000 743 657 0.8843
12714.0000 744 6