# time  created  delivered  delivered/created
19.0000 1 0 0.0000
34.0000 2 0 0.0000
36.0000 2 1 0.5000
45.0000 2 2 1.0000
51.0000 3 2 0.6667
69.0000 3 3 1.0000
70.0000 4 3 0.7500
87.0000 5 3 0.6000
99.0000 5 4 0.8000
103.0000 6 4 0.6667
110.0000 6 5 0.8333
120.0000 7 5 0.7143
136.0000 8 5 0.6250
146.0000 8 6 0.7500
155.0000 9 6 0.6667
173.0000 10 6 0.6000
192.0000 11 6 0.5455
203.0000 11 7 0.6364
208.0000 12 7 0.5833
209.0000 12 8 0.6667
227.0000 13 8 0.6154
229.0000 13 9 0.6923
245.0000 14 9 0.6429
247.0000 14 10 0.7143
261.0000 15 10 0.6667
276.0000 16 10 0.6250
290.0000 16 11 0.6875
293.0000 17 11 0.6471
294.0000 17 12 0.7059
309.0000 18 12 0.6667
328.0000 19 12 0.6316
329.0000 19 13 0.6842
339.0000 19 14 0.7368
346.0000 20 14 0.7000
357.0000 20 15 0.7500
365.0000 21 15 0.7143
380.0000 22 15 0.6818
395.0000 23 15 0.6522
410.0000 24 15 0.6250
414.0000 24 16 0.6667
429.0000 25 16 0.6400
445.0000 26 16 0.6154
458.0000 26 17 0.6538
461.0000 27 17 0.6296
480.0000 28 17 0.6071
497.0000 29 17 0.5862
515.0000 30 17 0.5667
534.0000 31 17 0.5484
553.0000 32 17 0.5313
556.0000 32 18 0.5625
570.0000 33 18 0.5455
588.0000 34 18 0.5294
597.0000 34 19 0.5588
607.0000 35 19 0.5429
622.0000 36 19 0.5278
638.0000 37 19 0.5135
648.0000 37 20 0.5405
656.0000 38 20 0.5263
671.0000 39 20 0.5128
684.0000 39 21 0.5385
688.0000 40 21 0.5250
699.0000 40 22 0.5500
703.0000 40 23 0.5750
707.0000 41 23 0.5610
726.0000 42 23 0.5476
741.0000 43 23 0.5349
745.0000 43 24 0.5581
760.0000 44 24 0.5455
761.0000 44 25 0.5682
779.0000 45 25 0.5556
798.0000 46 25 0.5435
813.0000 47 25 0.5319
828.0000 48 25 0.5208
846.0000 49 25 0.5102
861.0000 50 25 0.5000
876.0000 51 25 0.4902
895.0000 52 25 0.4808
914.0000 53 25 0.4717
933.0000 54 25 0.4630
952.0000 55 25 0.4545
969.0000 56 25 0.4464
986.0000 57 25 0.4386
1004.0000 58 25 0.4310
1022.0000 59 25 0.4237
1038.0000 60 25 0.4167
1044.0000 60 26 0.4333
1057.0000 61 26 0.4262
1076.0000 62 26 0.4194
1095.0000 63 26 0.4127
1098.0000 63 27 0.4286
1111.0000 64 27 0.4219
1126.0000 65 27 0.4154
1143.0000 66 27 0.4091
1160.0000 67 27 0.4030
1179.0000 68 27 0.3971
1182.0000 68 28 0.4118
1196.0000 69 28 0.4058
1197.0000 69 29 0.4203
1214.0000 70 29 0.4143
1232.0000 71 29 0.4085
1233.0000 71 30 0.4225
1242.0000 71 31 0.4366
1243.0000 71 32 0.4507
1251.0000 72 32 0.4444
1259.0000 72 33 0.4583
1266.0000 72 34 0.4722
1270.0000 73 34 0.4658
1277.0000 73 35 0.4795
1287.0000 74 35 0.4730
1305.0000 75 35 0.4667
1319.0000 75 36 0.4800
1321.0000 76 36 0.4737
1336.0000 77 36 0.4675
1337.0000 77 37 0.4805
1352.0000 78 37 0.4744
1368.0000 79 37 0.4684
1379.0000 79 38 0.4810
1386.0000 80 38 0.4750
1401.0000 81 38 0.4691
1409.0000 81 39 0.4815
1420.0000 82 39 0.4756
1438.0000 83 39 0.4699
1439.0000 83 40 0.4819
1446.0000 83 41 0.4940
1453.0000 84 41 0.4881
1462.0000 84 42 0.5000
1462.0000 84 43 0.5119
1468.0000 85 43 0.5059
1484.0000 86 43 0.5000
1489.0000 86 44 0.5116
1502.0000 87 44 0.5057
1517.0000 88 44 0.5000
1535.0000 88 45 0.5114
1536.0000 89 45 0.5056
1538.0000 89 46 0.5169
1539.0000 89 47 0.5281
1552.0000 90 47 0.5222
1559.0000 90 48 0.5333
1570.0000 91 48 0.5275
1571.0000 91 49 0.5385
1576.0000 91 50 0.5495
1586.0000 92 50 0.5435
1587.0000 92 51 0.5543
1601.0000 93 51 0.5484
1603.0000 93 52 0.5591
1617.0000 94 52 0.5532
1623.0000 94 53 0.5638
1634.0000 95 53 0.5579
1649.0000 96 53 0.5521
1668.0000 97 53 0.5464
1684.0000 98 53 0.5408
1703.0000 99 53 0.5354
1708.0000 99 54 0.5455
1718.0000 100 54 0.5400
1735.0000 101 54 0.5347
1747.0000 101 55 0.5446
1750.0000 102 55 0.5392
1765.0000 103 55 0.5340
1783.0000 104 55 0.5288
1802.0000 105 55 0.5238
1818.0000 106 55 0.5189
1833.0000 107 55 0.5140
1848.0000 108 55 0.5093
1863.0000 109 55 0.5046
1881.0000 110 55 0.5000
1900.0000 111 55 0.4955
1918.0000 112 55 0.4911
1937.0000 113 55 0.4867
1938.0000 113 56 0.4956
1954.0000 114 56 0.4912
1970.0000 115 56 0.4870
1989.0000 116 56 0.4828
2008.0000 117 56 0.4786
2009.0000 117 57 0.4872
2024.0000 118 57 0.4831
2025.0000 118 58 0.4915
2043.0000 119 58 0.4874
2053.0000 119 59 0.4958
2061.0000 120 59 0.4917
2062.0000 120 60 0.5000
2076.0000 121 60 0.4959
2077.0000 121 61 0.5041
2095.0000 122 61 0.5000
2102.0000 122 62 0.5082
2103.0000 122 63 0.5164
2106.0000 122 64 0.5246
2112.0000 123 64 0.5203
2113.0000 123 65 0.5285
2131.0000 124 65 0.5242
2147.0000 124 66 0.5323
2148.0000 125 66 0.5280
2154.0000 125 67 0.5360
2163.0000 126 67 0.5317
2179.0000 127 67 0.5276
2195.0000 128 67 0.5234
2198.0000 128 68 0.5313
2213.0000 129 68 0.5271
2215.0000 129 69 0.5349
2223.0000 129 70 0.5426
2231.0000 129 71 0.5504
2232.0000 130 71 0.5462
2236.0000 130 72 0.5538
2248.0000 131 72 0.5496
2264.0000 132 72 0.5455
2272.0000 132 73 0.5530
2276.0000 132 74 0.5606
2279.0000 132 75 0.5682
2282.0000 132 76 0.5758
2283.0000 133 76 0.5714
2302.0000 134 76 0.5672
2306.0000 134 77 0.5746
2321.0000 135 77 0.5704
2331.0000 135 78 0.5778
2336.0000 136 78 0.5735
2345.0000 136 79 0.5809
2352.0000 137 79 0.5766
2367.0000 138 79 0.5725
2385.0000 139 79 0.5683
2392.0000 139 80 0.5755
2404.0000 140 80 0.5714
2406.0000 140 81 0.5786
2407.0000 140 82 0.5857
2413.0000 140 83 0.5929
2416.0000 140 84 0.6000
2419.0000 140 85 0.6071
2420.0000 140 86 0.6143
2423.0000 141 86 0.6099
2437.0000 141 87 0.6170
2438.0000 142 87 0.6127
2456.0000 143 87 0.6084
2460.0000 143 88 0.6154
2472.0000 144 88 0.6111
2489.0000 145 88 0.6069
2507.0000 146 88 0.6027
2514.0000 146 89 0.6096
2523.0000 147 89 0.6054
2538.0000 148 89 0.6014
2557.0000 149 89 0.5973
2567.0000 149 90 0.6040
2575.0000 150 90 0.6000
2581.0000 150 91 0.6067
2588.0000 150 92 0.6133
2591.0000 151 92 0.6093
2606.0000 152 92 0.6053
2623.0000 153 92 0.6013
2625.0000 153 93 0.6078
2625.0000 153 94 0.6144
2628.0000 153 95 0.6209
2630.0000 153 96 0.6275
2640.0000 154 96 0.6234
2644.0000 154 97 0.6299
2644.0000 154 98 0.6364
2655.0000 155 98 0.6323
2671.0000 156 98 0.6282
2689.0000 157 98 0.6242
2690.0000 157 99 0.6306
2706.0000 158 99 0.6266
2725.0000 159 99 0.6226
2728.0000 159 100 0.6289
2737.0000 159 101 0.6352
2741.0000 160 101 0.6313
2752.0000 160 102 0.6375
2757.0000 161 102 0.6335
2772.0000 162 102 0.6296
2787.0000 163 102 0.6258
2792.0000 163 103 0.6319
2802.0000 164 103 0.6280
2817.0000 165 103 0.6242
2835.0000 166 103 0.6205
2837.0000 166 104 0.6265
2853.0000 167 104 0.6228
2868.0000 168 104 0.6190
2886.0000 169 104 0.6154
2902.0000 170 104 0.6118
2917.0000 171 104 0.6082
2918.0000 171 105 0.6140
2933.0000 172 105 0.6105
2952.0000 173 105 0.6069
2953.0000 173 106 0.6127
2968.0000 174 106 0.6092
2984.0000 175 106 0.6057
3000.0000 176 106 0.6023
3015.0000 177 106 0.5989
3031.0000 178 106 0.5955
3037.0000 178 107 0.6011
3044.0000 178 108 0.6067
3050.0000 179 108 0.6034
3065.0000 180 108 0.6000
3080.0000 181 108 0.5967
3091.0000 181 109 0.6022
3097.0000 182 109 0.5989
3105.0000 182 110 0.6044
3116.0000 183 110 0.6011
3119.0000 183 111 0.6066
3135.0000 184 111 0.6033
3153.0000 185 111 0.6000
3167.0000 185 112 0.6054
3170.0000 186 112 0.6022
3185.0000 187 112 0.5989
3202.0000 188 112 0.5957
3205.0000 188 113 0.6011
3219.0000 189 113 0.5979
3220.0000 189 114 0.6032
3235.0000 190 114 0.6000
3251.0000 191 114 0.5969
3270.0000 192 114 0.5938
3273.0000 192 115 0.5990
3277.0000 192 116 0.6042
3286.0000 192 117 0.6094
3289.0000 193 117 0.6062
3303.0000 193 118 0.6114
3308.0000 194 118 0.6082
3323.0000 195 118 0.6051
3324.0000 195 119 0.6103
3338.0000 196 119 0.6071
3354.0000 196 120 0.6122
3357.0000 197 120 0.6091
3357.0000 197 121 0.6142
3369.0000 197 122 0.6193
3371.0000 197 123 0.6244
3373.0000 198 123 0.6212
3378.0000 198 124 0.6263
3381.0000 198 125 0.6313
3388.0000 199 125 0.6281
3403.0000 199 126 0.6332
3407.0000 200 126 0.6300
3415.0000 200 127 0.6350
3416.0000 200 128 0.6400
3425.0000 201 128 0.6368
3442.0000 202 128 0.6337
3446.0000 202 129 0.6386
3458.0000 203 129 0.6355
3459.0000 203 130 0.6404
3475.0000 204 130 0.6373
3492.0000 205 130 0.6341
3511.0000 206 130 0.6311
3513.0000 206 131 0.6359
3529.0000 207 131 0.6329
3544.0000 207 132 0.6377
3547.0000 208 132 0.6346
3558.0000 208 133 0.6394
3565.0000 208 134 0.6442
3565.0000 208 135 0.6490
3566.0000 209 135 0.6459
3581.0000 210 135 0.6429
3589.0000 210 136 0.6476
3593.0000 210 137 0.6524
3593.0000 210 138 0.6571
3595.0000 210 139 0.6619
3600.0000 211 139 0.6588
3617.0000 212 139 0.6557
3632.0000 213 139 0.6526
3633.0000 213 140 0.6573
3648.0000 214 140 0.6542
3665.0000 215 140 0.6512
3675.0000 215 141 0.6558
3680.0000 216 141 0.6528
3695.0000 217 141 0.6498
3710.0000 218 141 0.6468
3716.0000 218 142 0.6514
3724.0000 218 143 0.6560
3726.0000 218 144 0.6606
3729.0000 219 144 0.6575
3748.0000 220 144 0.6545
3766.0000 221 144 0.6516
3784.0000 222 144 0.6486
3796.0000 222 145 0.6532
3802.0000 223 145 0.6502
3806.0000 223 146 0.6547
3806.0000 223 147 0.6592
3821.0000 224 147 0.6563
3830.0000 224 148 0.6607
3838.0000 225 148 0.6578
3856.0000 226 148 0.6549
3862.0000 226 149 0.6593
3865.0000 226 150 0.6637
3872.0000 226 151 0.6681
3873.0000 226 152 0.6726
3874.0000 227 152 0.6696
3892.0000 228 152 0.6667
3906.0000 228 153 0.6711
3909.0000 229 153 0.6681
3926.0000 230 153 0.6652
3937.0000 230 154 0.6696
3945.0000 231 154 0.6667
3953.0000 231 155 0.6710
3955.0000 231 156 0.6753
3958.0000 231 157 0.6797
3960.0000 232 157 0.6767
3975.0000 232 158 0.6810
3976.0000 232 159 0.6853
3978.0000 233 159 0.6824
3979.0000 233 160 0.6867
3995.0000 234 160 0.6838
4003.0000 234 161 0.6880
4008.0000 234 162 0.6923
4014.0000 235 162 0.6894
4033.0000 236 162 0.6864
4039.0000 236 163 0.6907
4052.0000 237 163 0.6878
4062.0000 237 164 0.6920
4069.0000 238 164 0.6891
4087.0000 239 164 0.6862
4105.0000 240 164 0.6833
4105.0000 240 165 0.6875
4115.0000 240 166 0.6917
4124.0000 241 166 0.6888
4140.0000 242 166 0.6860
4147.0000 242 167 0.6901
4158.0000 243 167 0.6872
4171.0000 243 168 0.6914
4177.0000 244 168 0.6885
4192.0000 244 169 0.6926
4195.0000 245 169 0.6898
4199.0000 245 170 0.6939
4214.0000 246 170 0.6911
4232.0000 247 170 0.6883
4251.0000 248 170 0.6855
4267.0000 249 170 0.6827
4282.0000 250 170 0.6800
4283.0000 250 171 0.6840
4290.0000 250 172 0.6880
4298.0000 251 172 0.6853
4300.0000 251 173 0.6892
4306.0000 251 174 0.6932
4315.0000 252 174 0.6905
4330.0000 253 174 0.6877
4333.0000 253 175 0.6917
4345.0000 254 175 0.6890
4346.0000 254 176 0.6929
4348.0000 254 177 0.6969
4362.0000 255 177 0.6941
4367.0000 255 178 0.6980
4368.0000 255 179 0.7020
4378.0000 256 179 0.6992
4396.0000 257 179 0.6965
4397.0000 257 180 0.7004
4412.0000 258 180 0.6977
4418.0000 258 181 0.7016
4429.0000 259 181 0.6988
4434.0000 259 182 0.7027
4448.0000 260 182 0.7000
4461.0000 260 183 0.7038
4465.0000 261 183 0.7011
4481.0000 262 183 0.6985
4494.0000 262 184 0.7023
4496.0000 263 184 0.6996
4511.0000 264 184 0.6970
4512.0000 264 185 0.7008
4526.0000 265 185 0.6981
4543.0000 266 185 0.6955
4546.0000 266 186 0.6992
4548.0000 266 187 0.7030
4558.0000 267 187 0.7004
4576.0000 268 187 0.6978
4593.0000 269 187 0.6952
4611.0000 270 187 0.6926
4629.0000 271 187 0.6900
4645.0000 272 187 0.6875
4646.0000 272 188 0.6912
4656.0000 272 189 0.6949
4664.0000 273 189 0.6923
4674.0000 273 190 0.6960
4675.0000 273 191 0.6996
4682.0000 274 191 0.6971
4683.0000 274 192 0.7007
4697.0000 275 192 0.6982
4712.0000 276 192 0.6957
4713.0000 276 193 0.6993
4719.0000 276 194 0.7029
4724.0000 276 195 0.7065
4730.0000 277 195 0.7040
4735.0000 277 196 0.7076
4738.0000 277 197 0.7112
4748.0000 278 197 0.7086
4752.0000 278 198 0.7122
4762.0000 278 199 0.7158
4765.0000 279 199 0.7133
4773.0000 279 200 0.7168
4781.0000 279 201 0.7204
4782.0000 280 201 0.7179
4797.0000 281 201 0.7153
4816.0000 282 201 0.7128
4817.0000 282 202 0.7163
4833.0000 283 202 0.7138
4850.0000 284 202 0.7113
4865.0000 285 202 0.7088
4881.0000 286 202 0.7063
4894.0000 286 203 0.7098
4897.0000 287 203 0.7073
4915.0000 288 203 0.7049
4926.0000 288 204 0.7083
4932.0000 289 204 0.7059
4948.0000 290 204 0.7034
4965.0000 291 204 0.7010
4984.0000 292 204 0.6986
5002.0000 293 204 0.6962
5005.0000 293 205 0.6997
5020.0000 294 205 0.6973
5039.0000 295 205 0.6949
5057.0000 296 205 0.6926
5073.0000 297 205 0.6902
5092.0000 298 205 0.6879
5109.0000 299 205 0.6856
5123.0000 299 206 0.6890
5128.0000 300 206 0.6867
5146.0000 301 206 0.6844
5154.0000 301 207 0.6877
5161.0000 302 207 0.6854
5174.0000 302 208 0.6887
5175.0000 302 209 0.6921
5177.0000 303 209 0.6898
5193.0000 304 209 0.6875
5198.0000 304 210 0.6908
5202.0000 304 211 0.6941
5211.0000 305 211 0.6918
5227.0000 306 211 0.6895
5244.0000 307 211 0.6873
5253.0000 307 212 0.6906
5260.0000 308 212 0.6883
5261.0000 308 213 0.6916
5278.0000 309 213 0.6893
5294.0000 310 213 0.6871
5313.0000 311 213 0.6849
5326.0000 311 214 0.6881
5329.0000 312 214 0.6859
5348.0000 313 214 0.6837
5364.0000 314 214 0.6815
5381.0000 315 214 0.6794
5397.0000 316 214 0.6772
5412.0000 317 214 0.6751
5416.0000 317 215 0.6782
5423.0000 317 216 0.6814
5424.0000 317 217 0.6845
5431.0000 318 217 0.6824
5443.0000 318 218 0.6855
5444.0000 318 219 0.6887
5447.0000 318 220 0.6918
5449.0000 319 220 0.6897
5461.0000 319 221 0.6928
5465.0000 320 221 0.6906
5483.0000 320 222 0.6938
5484.0000 321 222 0.6916
5484.0000 321 223 0.6947
5494.0000 321 224 0.6978
5502.0000 322 224 0.6957
5503.0000 322 225 0.6988
5519.0000 323 225 0.6966
5535.0000 324 225 0.6944
5551.0000 325 225 0.6923
5557.0000 325 226 0.6954
5566.0000 326 226 0.6933
5569.0000 326 227 0.6963
5571.0000 326 228 0.6994
5585.0000 327 228 0.6972
5593.0000 327 229 0.7003
5594.0000 327 230 0.7034
5597.0000 327 231 0.7064
5599.0000 327 232 0.7095
5601.0000 328 232 0.7073
5616.0000 328 233 0.7104
5618.0000 329 233 0.7082
5620.0000 329 234 0.7112
5637.0000 330 234 0.7091
5641.0000 330 235 0.7121
5643.0000 330 236 0.7152
5645.0000 330 237 0.7182
5654.0000 331 237 0.7160
5672.0000 332 237 0.7139
5675.0000 332 238 0.7169
5690.0000 333 238 0.7147
5693.0000 333 239 0.7177
5702.0000 333 240 0.7207
5705.0000 334 240 0.7186
5720.0000 334 241 0.7216
5721.0000 335 241 0.7194
5726.0000 335 242 0.7224
5738.0000 336 242 0.7202
5750.0000 336 243 0.7232
5755.0000 337 243 0.7211
5762.0000 337 244 0.7240
5771.0000 338 244 0.7219
5772.0000 338 245 0.7249
5787.0000 339 245 0.7227
5791.0000 339 246 0.7257
5795.0000 339 247 0.7286
5796.0000 339 248 0.7316
5805.0000 340 248 0.7294
5808.0000 340 249 0.7324
5808.0000 340 250 0.7353
5809.0000 340 251 0.7382
5823.0000 341 251 0.7361
5842.0000 342 251 0.7339
5843.0000 342 252 0.7368
5861.0000 343 252 0.7347
5879.0000 344 252 0.7326
5892.0000 344 253 0.7355
5893.0000 344 254 0.7384
5894.0000 345 254 0.7362
5911.0000 346 254 0.7341
5930.0000 347 254 0.7320
5931.0000 347 255 0.7349
5945.0000 348 255 0.7328
5953.0000 348 256 0.7356
5960.0000 348 257 0.7385
5963.0000 349 257 0.7364
5980.0000 349 258 0.7393
5982.0000 350 258 0.7371
5983.0000 350 259 0.7400
5984.0000 350 260 0.7429
5984.0000 350 261 0.7457
5985.0000 350 262 0.7486
5998.0000 350 263 0.7514
5999.0000 351 263 0.7493
6000.0000 351 264 0.7521
6008.0000 351 265 0.7550
6010.0000 351 266 0.7578
6018.0000 352 266 0.7557
6035.0000 353 266 0.7535
6043.0000 353 267 0.7564
6053.0000 354 267 0.7542
6068.0000 355 267 0.7521
6083.0000 356 267 0.7500
6088.0000 356 268 0.7528
6091.0000 356 269 0.7556
6102.0000 357 269 0.7535
6117.0000 358 269 0.7514
6117.0000 358 270 0.7542
6134.0000 359 270 0.7521
6135.0000 359 271 0.7549
6151.0000 360 271 0.7528
6165.0000 360 272 0.7556
6166.0000 361 272 0.7535
6184.0000 362 272 0.7514
6203.0000 363 272 0.7493
6218.0000 364 272 0.7473
6223.0000 364 273 0.7500
6237.0000 365 273 0.7479
6239.0000 365 274 0.7507
6250.0000 365 275 0.7534
6256.0000 366 275 0.7514
6271.0000 367 275 0.7493
6278.0000 367 276 0.7520
6284.0000 367 277 0.7548
6288.0000 368 277 0.7527
6299.0000 368 278 0.7554
6307.0000 369 278 0.7534
6322.0000 369 279 0.7561
6325.0000 370 279 0.7541
6326.0000 370 280 0.7568
6341.0000 371 280 0.7547
6345.0000 371 281 0.7574
6346.0000 371 282 0.7601
6353.0000 371 283 0.7628
6357.0000 372 283 0.7608
6376.0000 373 283 0.7587
6391.0000 374 283 0.7567
6405.0000 374 284 0.7594
6406.0000 375 284 0.7573
6423.0000 375 285 0.7600
6424.0000 376 285 0.7580
6440.0000 377 285 0.7560
6440.0000 377 286 0.7586
6449.0000 377 287 0.7613
6452.0000 377 288 0.7639
6454.0000 377 289 0.7666
6456.0000 378 289 0.7646
6462.0000 378 290 0.7672
6468.0000 378 291 0.7698
6474.0000 379 291 0.7678
6491.0000 380 291 0.7658
6506.0000 381 291 0.7638
6508.0000 381 292 0.7664
6521.0000 382 292 0.7644
6539.0000 383 292 0.7624
6556.0000 384 292 0.7604
6572.0000 385 292 0.7584
6578.0000 385 293 0.7610
6583.0000 385 294 0.7636
6590.0000 386 294 0.7617
6607.0000 387 294 0.7597
6613.0000 387 295 0.7623
6626.0000 388 295 0.7603
6632.0000 388 296 0.7629
6644.0000 389 296 0.7609
6653.0000 389 297 0.7635
6663.0000 390 297 0.7615
6679.0000 391 297 0.7596
6694.0000 392 297 0.7577
6708.0000 392 298 0.7602
6713.0000 393 298 0.7583
6719.0000 393 299 0.7608
6730.0000 394 299 0.7589
6731.0000 394 300 0.7614
6735.0000 394 301 0.7640
6746.0000 395 301 0.7620
6761.0000 395 302 0.7646
6763.0000 396 302 0.7626
6779.0000 397 302 0.7607
6790.0000 397 303 0.7632
6796.0000 398 303 0.7613
6812.0000 399 303 0.7594
6818.0000 399 304 0.7619
6826.0000 399 305 0.7644
6827.0000 400 305 0.7625
6842.0000 401 305 0.7606
6844.0000 401 306 0.7631
6859.0000 401 307 0.7656
6860.0000 402 307 0.7637
6877.0000 403 307 0.7618
6880.0000 403 308 0.7643
6888.0000 403 309 0.7667
6893.0000 404 309 0.7649
6893.0000 404 310 0.7673
6901.0000 404 311 0.7698
6902.0000 404 312 0.7723
6910.0000 404 313 0.7748
6911.0000 405 313 0.7728
6917.0000 405 314 0.7753
6927.0000 406 314 0.7734
6931.0000 406 315 0.7759
6939.0000 406 316 0.7783
6939.0000 406 317 0.7808
6943.0000 407 317 0.7789
6943.0000 407 318 0.7813
6946.0000 407 319 0.7838
6948.0000 407 320 0.7862
6948.0000 407 321 0.7887
6948.0000 407 322 0.7912
6954.0000 407 323 0.7936
6958.0000 407 324 0.7961
6959.0000 408 324 0.7941
6976.0000 409 324 0.7922
6991.0000 410 324 0.7902
6992.0000 410 325 0.7927
7002.0000 410 326 0.7951
7003.0000 410 327 0.7976
7007.0000 411 327 0.7956
7023.0000 412 327 0.7937
7038.0000 413 327 0.7918
7038.0000 413 328 0.7942
7044.0000 413 329 0.7966
7053.0000 414 329 0.7947
7063.0000 414 330 0.7971
7064.0000 414 331 0.7995
7068.0000 415 331 0.7976
7070.0000 415 332 0.8000
7073.0000 415 333 0.8024
7074.0000 415 334 0.8048
7075.0000 415 335 0.8072
7076.0000 415 336 0.8096
7083.0000 416 336 0.8077
7100.0000 416 337 0.8101
7102.0000 417 337 0.8082
7105.0000 417 338 0.8106
7108.0000 417 339 0.8129
7121.0000 418 339 0.8110
7138.0000 418 340 0.8134
7139.0000 419 340 0.8115
7150.0000 419 341 0.8138
7153.0000 419 342 0.8162
7154.0000 419 343 0.8186
7155.0000 420 343 0.8167
7172.0000 421 343 0.8147
7187.0000 421 344 0.8171
7188.0000 421 345 0.8195
7190.0000 422 345 0.8175
7206.0000 423 345 0.8156
7210.0000 423 346 0.8180
7213.0000 423 347 0.8203
7215.0000 423 348 0.8227
7218.0000 423 349 0.8251
7222.0000 424 349 0.8231
7225.0000 424 350 0.8255
7232.0000 424 351 0.8278
7240.0000 425 351 0.8259
7245.0000 425 352 0.8282
7257.0000 426 352 0.8263
7261.0000 426 353 0.8286
7265.0000 426 354 0.8310
7273.0000 427 354 0.8290
7287.0000 427 355 0.8314
7290.0000 427 356 0.8337
7292.0000 428 356 0.8318
7309.0000 429 356 0.8298
7322.0000 429 357 0.8322
7327.0000 430 357 0.8302
7327.0000 430 358 0.8326
7334.0000 430 359 0.8349
7338.0000 430 360 0.8372
7345.0000 431 360 0.8353
7358.0000 431 361 0.8376
7364.0000 432 361 0.8356
7378.0000 432 362 0.8380
7380.0000 433 362 0.8360
7399.0000 434 362 0.8341
7407.0000 434 363 0.8364
7410.0000 434 364 0.8387
7414.0000 435 364 0.8368
7420.0000 435 365 0.8391
7424.0000 435 366 0.8414
7429.0000 436 366 0.8394
7444.0000 436 367 0.8417
7446.0000 437 367 0.8398
7447.0000 437 368 0.8421
7461.0000 437 369 0.8444
7465.0000 438 369 0.8425
7476.0000 438 370 0.8447
7482.0000 439 370 0.8428
7483.0000 439 371 0.8451
7500.0000 440 371 0.8432
7510.0000 440 372 0.8455
7518.0000 441 372 0.8435
7523.0000 441 373 0.8458
7524.0000 441 374 0.8481
7537.0000 442 374 0.8462
7544.0000 442 375 0.8484
7556.0000 443 375 0.8465
7571.0000 444 375 0.8446
7578.0000 444 376 0.8468
7584.0000 444 377 0.8491
7587.0000 445 377 0.8472
7603.0000 445 378 0.8494
7604.0000 446 378 0.8475
7612.0000 446 379 0.8498
7619.0000 447 379 0.8479
7635.0000 448 379 0.8460
7643.0000 448 380 0.8482
7645.0000 448 381 0.8504
7654.0000 449 381 0.8486
7657.0000 449 382 0.8508
7672.0000 450 382 0.8489
7672.0000 450 383 0.8511
7691.0000 451 383 0.8492
7706.0000 452 383 0.8473
7725.0000 453 383 0.8455
7742.0000 454 383 0.8436
7757.0000 455 383 0.8418
7763.0000 455 384 0.8440
7774.0000 456 384 0.8421
7790.0000 457 384 0.8403
7806.0000 458 384 0.8384
7819.0000 458 385 0.8406
7824.0000 459 385 0.8388
7836.0000 459 386 0.8410
7842.0000 460 386 0.8391
7859.0000 461 386 0.8373
7878.0000 462 386 0.8355
7889.0000 462 387 0.8377
7895.0000 463 387 0.8359
7910.0000 464 387 0.8341
7928.0000 465 387 0.8323
7943.0000 466 387 0.8305
7961.0000 467 387 0.8287
7977.0000 468 387 0.8269
7994.0000 469 387 0.8252
8013.0000 470 387 0.8234
8028.0000 471 387 0.8217
8046.0000 472 387 0.8199
8046.0000 472 388 0.8220
8065.0000 473 388 0.8203
8070.0000 473 389 0.8224
8082.0000 474 389 0.8207
8097.0000 475 389 0.8189
8113.0000 476 389 0.8172
8116.0000 476 390 0.8193
8132.0000 477 390 0.8176
8146.0000 477 391 0.8197
8147.0000 478 391 0.8180
8163.0000 479 391 0.8163
8182.0000 480 391 0.8146
8186.0000 480 392 0.8167
8198.0000 481 392 0.8150
8214.0000 482 392 0.8133
8214.0000 482 393 0.8154
8230.0000 483 393 0.8137
8247.0000 484 393 0.8120
8248.0000 484 394 0.8140
8251.0000 484 395 0.8161
8261.0000 484 396 0.8182
8266.0000 485 396 0.8165
8281.0000 486 396 0.8148
8287.0000 486 397 0.8169
8296.0000 487 397 0.8152
8313.0000 488 397 0.8135
8323.0000 488 398 0.8156
8327.0000 488 399 0.8176
8330.0000 488 400 0.8197
8331.0000 489 400 0.8180
8336.0000 489 401 0.8200
8342.0000 489 402 0.8221
8344.0000 489 403 0.8241
8349.0000 490 403 0.8224
8356.0000 490 404 0.8245
8365.0000 490 405 0.8265
8367.0000 491 405 0.8248
8386.0000 492 405 0.8232
8403.0000 493 405 0.8215
8404.0000 493 406 0.8235
8422.0000 494 406 0.8219
8437.0000 495 406 0.8202
8439.0000 495 407 0.8222
8454.0000 496 407 0.8206
8470.0000 497 407 0.8189
8470.0000 497 408 0.8209
8488.0000 498 408 0.8193
8488.0000 498 409 0.8213
8493.0000 498 410 0.8233
8498.0000 498 411 0.8253
8504.0000 499 411 0.8236
8522.0000 500 411 0.8220
8525.0000 500 412 0.8240
8540.0000 501 412 0.8224
8553.0000 501 413 0.8244
8558.0000 502 413 0.8227
8561.0000 502 414 0.8247
8574.0000 503 414 0.8231
8589.0000 503 415 0.8250
8591.0000 504 415 0.8234
8595.0000 504 416 0.8254
8598.0000 504 417 0.8274
8607.0000 505 417 0.8257
8612.0000 505 418 0.8277
8615.0000 505 419 0.8297
8620.0000 505 420 0.8317
8624.0000 506 420 0.8300
8643.0000 507 420 0.8284
8654.0000 507 421 0.8304
8659.0000 508 421 0.8287
8662.0000 508 422 0.8307
8663.0000 508 423 0.8327
8675.0000 509 423 0.8310
8680.0000 509 424 0.8330
8690.0000 510 424 0.8314
8706.0000 511 424 0.8297
8706.0000 511 425 0.8317
8724.0000 512 425 0.8301
8740.0000 512 426 0.8320
8742.0000 513 426 0.8304
8761.0000 514 426 0.8288
8778.0000 515 426 0.8272
8794.0000 515 427 0.8291
8795.0000 516 427 0.8275
8795.0000 516 428 0.8295
8800.0000 516 429 0.8314
8812.0000 517 429 0.8298
8818.0000 517 430 0.8317
8825.0000 517 431 0.8337
8826.0000 517 432 0.8356
8831.0000 518 432 0.8340
8849.0000 519 432 0.8324
8865.0000 520 432 0.8308
8881.0000 521 432 0.8292
8896.0000 522 432 0.8276
8907.0000 522 433 0.8295
8915.0000 523 433 0.8279
8929.0000 523 434 0.8298
8930.0000 523 435 0.8317
8932.0000 524 435 0.8302
8939.0000 524 436 0.8321
8941.0000 524 437 0.8340
8947.0000 524 438 0.80.8151
9046.0000 530 433 0.8170
9055.0000 531 433 0.8154
9056.0000 531 434 0.8173
9059.0000 531 435 0.8192
9071.0000 532 435 0.8177
9082.0000 532 436 0.8195
9090.0000 533 436 0.8180
9092.0000 533 437 0.8199
9092.0000 533 438 0.8218
9102.0000 533 439 0.8236
9102.0000 533 440 0.8255
9108.0000 534 440 0.8240
9117.0000 534 441 0.8258
9125.0000 535 441 0.8243
9142.0000 535 442 0.8262
9144.0000 536 442 0.8246
9144.0000 536 443 0.8265
9153.0000 536 444 0.8284
9158.0000 536 445 0.8302
9162.0000 537 445 0.8287
9178.0000 538 445 0.8271
9194.0000 539 445 0.8256
9195.0000 539 446 0.8275
9211.0000 540 446 0.8259
9226.0000 541 446 0.8244
9243.0000 542 446 0.8229
9246.0000 542 447 0.8247
9261.0000 543 447 0.8232
9278.0000 544 447 0.8217
9289.0000 544 448 0.8235
9296.0000 545 448 0.8220
9296.0000 545 449 0.8239
9301.0000 545 450 0.8257
9308.0000 545 451 0.8275
9312.0000 546 451 0.8260
9319.0000 546 452 0.8278
9320.0000 546 453 0.8297
9321.0000 546 454 0.8315
9323.0000 546 455 0.8333
9331.0000 547 455 0.8318
9331.0000 547 456 0.8336
9334.0000 547 457 0.8355
9350.0000 548 457 0.8339
9351.0000 548 458 0.8358
9354.0000 548 459 0.8376
9355.0000 548 460 0.8394
9357.0000 548 461 0.8412
9358.0000 548 462 0.8431
9361.0000 548 463 0.8449
9367.0000 548 464 0.8467
9369.0000 549 464 0.8452
9387.0000 550 464 0.8436
9406.0000 551 464 0.8421
9415.0000 551 465 0.8439
9417.0000 551 466 0.8457
9424.0000 552 466 0.8442
9430.0000 552 467 0.8460
9431.0000 552 468 0.8478
9434.0000 552 469 0.8496
9439.0000 553 469 0.8481
9444.0000 553 470 0.8499
9451.0000 553 471 0.8517
9455.0000 554 471 0.8502
9457.0000 554 472 0.8520
9471.0000 555 472 0.8505
9487.0000 556 472 0.8489
9495.0000 556 473 0.8507
9499.0000 556 474 0.8525
9505.0000 557 474 0.8510
9513.0000 557 475 0.8528
9522.0000 558 475 0.8513
9541.0000 559 475 0.8497
9558.0000 559 476 0.8515
9559.0000 560 476 0.8500
9567.0000 560 477 0.8518
9577.0000 561 477 0.8503
9583.0000 561 478 0.8520
9584.0000 561 479 0.8538
9585.0000 561 480 0.8556
9590.0000 561 481 0.8574
9594.0000 562 481 0.8559
9596.0000 562 482 0.8577
9599.0000 562 483 0.8594
9600.0000 562 484 0.8612
9607.0000 562 485 0.8630
9610.0000 563 485 0.8615
9623.0000 563 486 0.8632
9624.0000 563 487 0.8650
9625.0000 564 487 0.8635
9634.0000 564 488 0.8652
9643.0000 565 488 0.8637
9660.0000 566 488 0.8622
9667.0000 566 489 0.8640
9677.0000 567 489 0.8624
9677.0000 567 490 0.8642
9696.0000 568 490 0.8627
9711.0000 569 490 0.8612
9714.0000 569 491 0.8629
9730.0000 570 491 0.8614
9745.0000 571 491 0.8599
9746.0000 571 492 0.8616
9750.0000 571 493 0.8634
9754.0000 571 494 0.8651
9763.0000 572 494 0.8636
9778.0000 573 494 0.8621
9781.0000 573 495 0.8639
9797.0000 574 495 0.8624
9815.0000 575 495 0.8609
9827.0000 575 496 0.8626
9834.0000 576 496 0.8611
9853.0000 577 496 0.8596
9854.0000 577 497 0.8614
9857.0000 577 498 0.8631
9871.0000 578 498 0.8616
9879.0000 578 499 0.8633
9886.0000 579 499 0.8618
9895.0000 579 500 0.8636
9902.0000 580 500 0.8621
9903.0000 580 501 0.8638
9920.0000 581 501 0.8623
9921.0000 581 502 0.8640
9921.0000 581 503 0.8657
9933.0000 581 504 0.8675
9935.0000 581 505 0.8692
9938.0000 582 505 0.8677
9948.0000 582 506 0.8694
9955.0000 583 506 0.8679
9970.0000 583 507 0.8696
9973.0000 584 507 0.8682
9989.0000 585 507 0.8667
10005.0000 586 507 0.8652
10024.0000 587 507 0.8637
10024.0000 587 508 0.8654
10040.0000 588 508 0.8639
10054.0000 588 509 0.8656
10059.0000 589 509 0.8642
10074.0000 589 510 0.8659
10076.0000 590 510 0.8644
10094.0000 591 510 0.8629
10099.0000 591 511 0.8646
10102.0000 591 512 0.8663
10105.0000 591 513 0.8680
10111.0000 592 513 0.8666
10127.0000 592 514 0.8682
10130.0000 593 514 0.8668
10147.0000 594 514 0.8653
10154.0000 594 515 0.8670
10165.0000 595 515 0.8655
10181.0000 596 515 0.8641
10197.0000 597 515 0.8626
10214.0000 598 515 0.8612
10218.0000 598 516 0.8629
10230.0000 598 517 0.8645
10233.0000 599 517 0.8631
10248.0000 600 517 0.8617
10260.0000 600 518 0.8633
10261.0000 600 519 0.8650
10262.0000 600 520 0.8667
10263.0000 600 521 0.8683
10264.0000 600 522 0.8700
10267.0000 601 522 0.8686
10284.0000 602 522 0.8671
10287.0000 602 523 0.8688
10300.0000 603 523 0.8673
10310.0000 603 524 0.8690
10319.0000 604 524 0.8675
10323.0000 604 525 0.8692
10338.0000 605 525 0.8678
10347.0000 605 526 0.8694
10357.0000 606 526 0.8680
10364.0000 606 527 0.8696
10372.0000 607 527 0.8682
10391.0000 608 527 0.8668
10410.0000 609 527 0.8654
10413.0000 609 528 0.8670
10426.0000 609 529 0.8686
10429.0000 610 529 0.8672
10444.0000 611 529 0.8658
10461.0000 612 529 0.8644
10469.0000 612 530 0.8660
10476.0000 613 530 0.8646
10480.0000 613 531 0.8662
10486.0000 613 532 0.8679
10491.0000 613 533 0.8695
10491.0000 613 534 0.8711
10494.0000 614 534 0.8697
10510.0000 615 534 0.8683
10524.0000 615 535 0.8699
10526.0000 616 535 0.8685
10526.0000 616 536 0.8701
10531.0000 616 537 0.8718
10542.0000 617 537 0.8703
10543.0000 617 538 0.8720
10552.0000 617 539 0.8736
10560.0000 618 539 0.8722
10571.0000 618 540 0.8738
10575.0000 619 540 0.8724
10575.0000 619 541 0.8740
10590.0000 620 541 0.8726
10591.0000 620 542 0.8742
10609.0000 621 542 0.8728
10611.0000 621 543 0.8744
10611.0000 621 544 0.8760
10623.0000 621 545 0.8776
10625.0000 622 545 0.8762
10642.0000 623 545 0.8748
10658.0000 624 545 0.8734
10658.0000 624 546 0.8750
10675.0000 625 546 0.8736
10694.0000 626 546 0.8722
10697.0000 626 547 0.8738
10710.0000 626 548 0.8754
10711.0000 627 548 0.8740
10727.0000 628 548 0.8726
10740.0000 628 549 0.8742
10742.0000 629 549 0.8728
10748.0000 629 550 0.8744
10754.0000 629 551 0.8760
10760.0000 630 551 0.8746
10779.0000 631 551 0.8732
10782.0000 631 552 0.8748
10796.0000 632 552 0.8734
10811.0000 632 553 0.8750
10812.0000 633 553 0.8736
10812.0000 633 554 0.8752
10830.0000 634 554 0.8738
10847.0000 635 554 0.8724
10847.0000 635 555 0.8740
10865.0000 636 555 0.8726
10884.0000 637 555 0.8713
10903.0000 638 555 0.8699
10922.0000 639 555 0.8685
10939.0000 640 555 0.8672
10955.0000 641 555 0.8658
10972.0000 642 555 0.8645
10980.0000 642 556 0.8660
10981.0000 642 557 0.8676
10991.0000 643 557 0.8663
11006.0000 644 557 0.8649
11016.0000 644 558 0.8665
11021.0000 644 559 0.8680
11025.0000 645 559 0.8667
11041.0000 646 559 0.8653
11059.0000 647 559 0.8640
11065.0000 647 560 0.8655
11078.0000 648 560 0.8642
11081.0000 648 561 0.8657
11094.0000 649 561 0.8644
11111.0000 650 561 0.8631
11119.0000 650 562 0.8646
11128.0000 651 562 0.8633
11134.0000 651 563 0.8648
11144.0000 652 563 0.8635
11160.0000 653 563 0.8622
11161.0000 653 564 0.8637
11168.0000 653 565 0.8652
11169.0000 653 566 0.8668
11176.0000 654 566 0.8654
11180.0000 654 567 0.8670
11183.0000 654 568 0.8685
11195.0000 655 568 0.8672
11200.0000 655 569 0.8687
11203.0000 655 570 0.8702
11211.0000 656 570 0.8689
11222.0000 656 571 0.8704
11224.0000 656 572 0.8720
11229.0000 657 572 0.8706
11245.0000 658 572 0.8693
11260.0000 659 572 0.8680
11263.0000 659 573 0.8695
11275.0000 660 573 0.8682
11276.0000 660 574 0.8697
11290.0000 661 574 0.8684
11305.0000 662 574 0.8671
11320.0000 663 574 0.8658
11320.0000 663 575 0.8673
11332.0000 663 576 0.8688
11336.0000 664 576 0.8675
11338.0000 664 577 0.8690
11343.0000 664 578 0.8705
11353.0000 