# time  created  delivered  delivered/created
19.0000 1 0 0.0000
36.0000 2 0 0.0000
37.0000 2 1 0.5000
54.0000 3 1 0.3333
55.0000 3 2 0.6667
71.0000 4 2 0.5000
84.0000 4 3 0.7500
90.0000 5 3 0.6000
106.0000 6 3 0.5000
118.0000 6 4 0.6667
122.0000 7 4 0.5714
138.0000 8 4 0.5000
142.0000 8 5 0.6250
155.0000 9 5 0.5556
155.0000 9 6 0.6667
157.0000 9 7 0.7778
170.0000 10 7 0.7000
188.0000 11 7 0.6364
206.0000 12 7 0.5833
224.0000 13 7 0.5385
242.0000 14 7 0.5000
257.0000 15 7 0.4667
272.0000 16 7 0.4375
288.0000 16 8 0.5000
291.0000 17 8 0.4706
296.0000 17 9 0.5294
308.0000 18 9 0.5000
315.0000 18 10 0.5556
324.0000 19 10 0.5263
340.0000 20 10 0.5000
341.0000 20 11 0.5500
355.0000 21 11 0.5238
370.0000 22 11 0.5000
388.0000 23 11 0.4783
395.0000 23 12 0.5217
402.0000 23 13 0.5652
404.0000 24 13 0.5417
416.0000 24 14 0.5833
423.0000 25 14 0.5600
424.0000 25 15 0.6000
439.0000 26 15 0.5769
455.0000 27 15 0.5556
471.0000 28 15 0.5357
472.0000 28 16 0.5714
486.0000 29 16 0.5517
501.0000 30 16 0.5333
520.0000 31 16 0.5161
535.0000 32 16 0.5000
543.0000 32 17 0.5313
554.0000 33 17 0.5152
571.0000 34 17 0.5000
588.0000 35 17 0.4857
606.0000 36 17 0.4722
606.0000 36 18 0.5000
625.0000 37 18 0.4865
642.0000 38 18 0.4737
660.0000 39 18 0.4615
678.0000 40 18 0.4500
697.0000 41 18 0.4390
715.0000 42 18 0.4286
731.0000 43 18 0.4186
746.0000 44 18 0.4091
747.0000 44 19 0.4318
760.0000 44 20 0.4545
764.0000 45 20 0.4444
765.0000 45 21 0.4667
768.0000 45 22 0.4889
774.0000 45 23 0.5111
783.0000 46 23 0.5000
786.0000 46 24 0.5217
799.0000 47 24 0.5106
814.0000 48 24 0.5000
822.0000 48 25 0.5208
830.0000 49 25 0.5102
845.0000 50 25 0.5000
857.0000 50 26 0.5200
863.0000 51 26 0.5098
882.0000 52 26 0.5000
899.0000 53 26 0.4906
914.0000 54 26 0.4815
932.0000 55 26 0.4727
933.0000 55 27 0.4909
948.0000 56 27 0.4821
951.0000 56 28 0.5000
963.0000 57 28 0.4912
966.0000 57 29 0.5088
980.0000 58 29 0.5000
983.0000 58 30 0.5172
996.0000 59 30 0.5085
1015.0000 60 30 0.5000
1034.0000 61 30 0.4918
1049.0000 62 30 0.4839
1068.0000 63 30 0.4762
1085.0000 63 31 0.4921
1087.0000 64 31 0.4844
1105.0000 65 31 0.4769
1116.0000 65 32 0.4923
1123.0000 66 32 0.4848
1138.0000 67 32 0.4776
1155.0000 68 32 0.4706
1174.0000 69 32 0.4638
1175.0000 69 33 0.4783
1190.0000 70 33 0.4714
1207.0000 71 33 0.4648
1223.0000 72 33 0.4583
1242.0000 73 33 0.4521
1257.0000 73 34 0.4658
1259.0000 74 34 0.4595
1270.0000 74 35 0.4730
1276.0000 75 35 0.4667
1293.0000 76 35 0.4605
1311.0000 77 35 0.4545
1326.0000 78 35 0.4487
1341.0000 79 35 0.4430
1352.0000 79 36 0.4557
1357.0000 80 36 0.4500
1363.0000 80 37 0.4625
1368.0000 80 38 0.4750
1376.0000 81 38 0.4691
1387.0000 81 39 0.4815
1393.0000 82 39 0.4756
1408.0000 83 39 0.4699
1424.0000 84 39 0.4643
1427.0000 84 40 0.4762
1440.0000 85 40 0.4706
1456.0000 86 40 0.4651
1472.0000 87 40 0.4598
1473.0000 87 41 0.4713
1474.0000 87 42 0.4828
1479.0000 87 43 0.4943
1484.0000 87 44 0.5057
1489.0000 88 44 0.5000
1494.0000 88 45 0.5114
1498.0000 88 46 0.5227
1500.0000 88 47 0.5341
1506.0000 89 47 0.5281
1511.0000 89 48 0.5393
1525.0000 90 48 0.5333
1540.0000 91 48 0.5275
1541.0000 91 49 0.5385
1559.0000 92 49 0.5326
1576.0000 93 49 0.5269
1582.0000 93 50 0.5376
1594.0000 94 50 0.5319
1595.0000 94 51 0.5426
1599.0000 94 52 0.5532
1613.0000 95 52 0.5474
1629.0000 96 52 0.5417
1644.0000 97 52 0.5361
1661.0000 98 52 0.5306
1677.0000 99 52 0.5253
1678.0000 99 53 0.5354
1693.0000 100 53 0.5300
1708.0000 101 53 0.5248
1723.0000 102 53 0.5196
1724.0000 102 54 0.5294
1739.0000 103 54 0.5243
1740.0000 103 55 0.5340
1749.0000 103 56 0.5437
1757.0000 104 56 0.5385
1775.0000 105 56 0.5333
1793.0000 106 56 0.5283
1805.0000 106 57 0.5377
1806.0000 106 58 0.5472
1812.0000 107 58 0.5421
1828.0000 108 58 0.5370
1845.0000 109 58 0.5321
1863.0000 110 58 0.5273
1880.0000 111 58 0.5225
1888.0000 111 59 0.5315
1893.0000 111 60 0.5405
1896.0000 111 61 0.5495
1899.0000 112 61 0.5446
1907.0000 112 62 0.5536
1908.0000 112 63 0.5625
1917.0000 113 63 0.5575
1933.0000 114 63 0.5526
1934.0000 114 64 0.5614
1945.0000 114 65 0.5702
1948.0000 115 65 0.5652
1955.0000 115 66 0.5739
1964.0000 116 66 0.5690
1980.0000 117 66 0.5641
1999.0000 118 66 0.5593
2014.0000 119 66 0.5546
2033.0000 120 66 0.5500
2038.0000 120 67 0.5583
2039.0000 120 68 0.5667
2050.0000 121 68 0.5620
2066.0000 122 68 0.5574
2067.0000 122 69 0.5656
2085.0000 123 69 0.5610
2100.0000 124 69 0.5565
2109.0000 124 70 0.5645
2116.0000 125 70 0.5600
2123.0000 125 71 0.5680
2135.0000 126 71 0.5635
2153.0000 127 71 0.5591
2169.0000 128 71 0.5547
2188.0000 129 71 0.5504
2206.0000 130 71 0.5462
2222.0000 131 71 0.5420
2238.0000 132 71 0.5379
2253.0000 133 71 0.5338
2271.0000 134 71 0.5299
2286.0000 135 71 0.5259
2290.0000 135 72 0.5333
2296.0000 135 73 0.5407
2304.0000 135 74 0.5481
2305.0000 136 74 0.5441
2314.0000 136 75 0.5515
2320.0000 137 75 0.5474
2324.0000 137 76 0.5547
2336.0000 138 76 0.5507
2346.0000 138 77 0.5580
2352.0000 139 77 0.5540
2353.0000 139 78 0.5612
2368.0000 140 78 0.5571
2368.0000 140 79 0.5643
2384.0000 141 79 0.5603
2399.0000 142 79 0.5563
2407.0000 142 80 0.5634
2416.0000 143 80 0.5594
2434.0000 144 80 0.5556
2435.0000 144 81 0.5625
2442.0000 144 82 0.5694
2448.0000 144 83 0.5764
2453.0000 145 83 0.5724
2471.0000 146 83 0.5685
2485.0000 146 84 0.5753
2489.0000 147 84 0.5714
2502.0000 147 85 0.5782
2507.0000 148 85 0.5743
2523.0000 149 85 0.5705
2542.0000 150 85 0.5667
2554.0000 150 86 0.5733
2558.0000 151 86 0.5695
2558.0000 151 87 0.5762
2572.0000 151 88 0.5828
2573.0000 152 88 0.5789
2591.0000 153 88 0.5752
2610.0000 154 88 0.5714
2626.0000 155 88 0.5677
2643.0000 156 88 0.5641
2644.0000 156 89 0.5705
2660.0000 157 89 0.5669
2679.0000 158 89 0.5633
2685.0000 158 90 0.5696
2687.0000 158 91 0.5759
2695.0000 159 91 0.5723
2702.0000 159 92 0.5786
2712.0000 160 92 0.5750
2729.0000 161 92 0.5714
2748.0000 162 92 0.5679
2753.0000 162 93 0.5741
2763.0000 163 93 0.5706
2769.0000 163 94 0.5767
2778.0000 164 94 0.5732
2789.0000 164 95 0.5793
2794.0000 165 95 0.5758
2795.0000 165 96 0.5818
2801.0000 165 97 0.5879
2811.0000 166 97 0.5843
2817.0000 166 98 0.5904
2826.0000 167 98 0.5868
2845.0000 168 98 0.5833
2846.0000 168 99 0.5893
2861.0000 169 99 0.5858
2864.0000 169 100 0.5917
2877.0000 170 100 0.5882
2893.0000 171 100 0.5848
2911.0000 172 100 0.5814
2913.0000 172 101 0.5872
2926.0000 173 101 0.5838
2942.0000 174 101 0.5805
2958.0000 175 101 0.5771
2974.0000 176 101 0.5739
2983.0000 176 102 0.5795
2992.0000 177 102 0.5763
2993.0000 177 103 0.5819
3003.0000 177 104 0.5876
3011.0000 178 104 0.5843
3024.0000 178 105 0.5899
3028.0000 179 105 0.5866
3044.0000 180 105 0.5833
3061.0000 181 105 0.5801
3077.0000 182 105 0.5769
3082.0000 182 106 0.5824
3095.0000 183 106 0.5792
3098.0000 183 107 0.5847
3100.0000 183 108 0.5902
3103.0000 183 109 0.5956
3112.0000 184 109 0.5924
3119.0000 184 110 0.5978
3126.0000 184 111 0.6033
3130.0000 185 111 0.6000
3142.0000 185 112 0.6054
3145.0000 185 113 0.6108
3149.0000 186 113 0.6075
3165.0000 187 113 0.6043
3182.0000 188 113 0.6011
3201.0000 189 113 0.5979
3202.0000 189 114 0.6032
3211.0000 189 115 0.6085
3213.0000 189 116 0.6138
3217.0000 189 117 0.6190
3219.0000 190 117 0.6158
3220.0000 190 118 0.6211
3223.0000 190 119 0.6263
3236.0000 191 119 0.6230
3236.0000 191 120 0.6283
3247.0000 191 121 0.6335
3253.0000 192 121 0.6302
3271.0000 193 121 0.6269
3284.0000 193 122 0.6321
3289.0000 194 122 0.6289
3292.0000 194 123 0.6340
3305.0000 195 123 0.6308
3322.0000 196 123 0.6276
3324.0000 196 124 0.6327
3337.0000 196 125 0.6378
3339.0000 197 125 0.6345
3343.0000 197 126 0.6396
3358.0000 198 126 0.6364
3375.0000 199 126 0.6332
3390.0000 200 126 0.6300
3400.0000 200 127 0.6350
3406.0000 201 127 0.6318
3411.0000 201 128 0.6368
3421.0000 201 129 0.6418
3422.0000 202 129 0.6386
3439.0000 203 129 0.6355
3457.0000 204 129 0.6324
3462.0000 204 130 0.6373
3466.0000 204 131 0.6422
3470.0000 204 132 0.6471
3471.0000 204 133 0.6520
3474.0000 205 133 0.6488
3475.0000 205 134 0.6537
3485.0000 205 135 0.6585
3491.0000 206 135 0.6553
3507.0000 207 135 0.6522
3522.0000 208 135 0.6490
3522.0000 208 136 0.6538
3527.0000 208 137 0.6587
3540.0000 209 137 0.6555
3559.0000 210 137 0.6524
3578.0000 211 137 0.6493
3578.0000 211 138 0.6540
3581.0000 211 139 0.6588
3596.0000 212 139 0.6557
3612.0000 213 139 0.6526
3624.0000 213 140 0.6573
3629.0000 214 140 0.6542
3647.0000 215 140 0.6512
3662.0000 216 140 0.6481
3679.0000 217 140 0.6452
3696.0000 218 140 0.6422
3713.0000 219 140 0.6393
3728.0000 220 140 0.6364
3745.0000 221 140 0.6335
3751.0000 221 141 0.6380
3760.0000 221 142 0.6425
3764.0000 222 142 0.6396
3771.0000 222 143 0.6441
3780.0000 223 143 0.6413
3795.0000 224 143 0.6384
3808.0000 224 144 0.6429
3813.0000 225 144 