# time  created  delivered  delivered/created
19.0000 1 0 0.0000
34.0000 2 0 0.0000
51.0000 3 0 0.0000
51.0000 3 1 0.3333
58.0000 3 2 0.6667
70.0000 4 2 0.5000
87.0000 5 2 0.4000
99.0000 5 3 0.6000
103.0000 6 3 0.5000
110.0000 6 4 0.6667
120.0000 7 4 0.5714
133.0000 7 5 0.7143
136.0000 8 5 0.6250
146.0000 8 6 0.7500
155.0000 9 6 0.6667
173.0000 10 6 0.6000
192.0000 11 6 0.5455
200.0000 11 7 0.6364
208.0000 12 7 0.5833
210.0000 12 8 0.6667
227.0000 13 8 0.6154
229.0000 13 9 0.6923
245.0000 14 9 0.6429
248.0000 14 10 0.7143
261.0000 15 10 0.6667
276.0000 16 10 0.6250
290.0000 16 11 0.6875
293.0000 17 11 0.6471
294.0000 17 12 0.7059
309.0000 18 12 0.6667
328.0000 19 12 0.6316
329.0000 19 13 0.6842
341.0000 19 14 0.7368
346.0000 20 14 0.7000
359.0000 20 15 0.7500
365.0000 21 15 0.7143
380.0000 22 15 0.6818
395.0000 23 15 0.6522
410.0000 24 15 0.6250
416.0000 24 16 0.6667
429.0000 25 16 0.6400
445.0000 26 16 0.6154
461.0000 27 16 0.5926
466.0000 27 17 0.6296
480.0000 28 17 0.6071
497.0000 29 17 0.5862
515.0000 30 17 0.5667
534.0000 31 17 0.5484
553.0000 32 17 0.5313
570.0000 33 17 0.5152
588.0000 34 17 0.5000
604.0000 34 18 0.5294
607.0000 35 18 0.5143
622.0000 36 18 0.5000
638.0000 37 18 0.4865
643.0000 37 19 0.5135
656.0000 38 19 0.5000
671.0000 39 19 0.4872
688.0000 40 19 0.4750
701.0000 40 20 0.5000
707.0000 41 20 0.4878
709.0000 41 21 0.5122
711.0000 41 22 0.5366
714.0000 41 23 0.5610
726.0000 42 23 0.5476
741.0000 43 23 0.5349
745.0000 43 24 0.5581
760.0000 44 24 0.5455
779.0000 45 24 0.5333
798.0000 46 24 0.5217
813.0000 47 24 0.5106
828.0000 48 24 0.5000
846.0000 49 24 0.4898
861.0000 50 24 0.4800
876.0000 51 24 0.4706
895.0000 52 24 0.4615
914.0000 53 24 0.4528
933.0000 54 24 0.4444
952.0000 55 24 0.4364
969.0000 56 24 0.4286
986.0000 57 24 0.4211
987.0000 57 25 0.4386
1004.0000 58 25 0.4310
1022.0000 59 25 0.4237
1038.0000 60 25 0.4167
1057.0000 61 25 0.4098
1076.0000 62 25 0.4032
1095.0000 63 25 0.3968
1111.0000 64 25 0.3906
1126.0000 65 25 0.3846
1143.0000 66 25 0.3788
1160.0000 67 25 0.3731
1179.0000 68 25 0.3676
1196.0000 69 25 0.3623
1198.0000 69 26 0.3768
1214.0000 70 26 0.3714
1228.0000 70 27 0.3857
1232.0000 71 27 0.3803
1234.0000 71 28 0.3944
1247.0000 71 29 0.4085
1250.0000 71 30 0.4225
1251.0000 72 30 0.4167
1260.0000 72 31 0.4306
1268.0000 72 32 0.4444
1270.0000 73 32 0.4384
1277.0000 73 33 0.4521
1279.0000 73 34 0.4658
1287.0000 74 34 0.4595
1305.0000 75 34 0.4533
1321.0000 76 34 0.4474
1328.0000 76 35 0.4605
1336.0000 77 35 0.4545
1337.0000 77 36 0.4675
1352.0000 78 36 0.4615
1368.0000 79 36 0.4557
1386.0000 80 36 0.4500
1387.0000 80 37 0.4625
1401.0000 81 37 0.4568
1406.0000 81 38 0.4691
1420.0000 82 38 0.4634
1438.0000 83 38 0.4578
1440.0000 83 39 0.4699
1447.0000 83 40 0.4819
1453.0000 84 40 0.4762
1463.0000 84 41 0.4881
1468.0000 85 41 0.4824
1484.0000 86 41 0.4767
1485.0000 86 42 0.4884
1490.0000 86 43 0.5000
1502.0000 87 43 0.4943
1517.0000 88 43 0.4886
1523.0000 88 44 0.5000
1536.0000 89 44 0.4944
1540.0000 89 45 0.5056
1552.0000 90 45 0.5000
1570.0000 91 45 0.4945
1573.0000 91 46 0.5055
1574.0000 91 47 0.5165
1575.0000 91 48 0.5275
1586.0000 92 48 0.5217
1588.0000 92 49 0.5326
1590.0000 92 50 0.5435
1601.0000 93 50 0.5376
1617.0000 94 50 0.5319
1626.0000 94 51 0.5426
1634.0000 95 51 0.5368
1649.0000 96 51 0.5313
1668.0000 97 51 0.5258
1684.0000 98 51 0.5204
1691.0000 98 52 0.5306
1703.0000 99 52 0.5253
1718.0000 100 52 0.5200
1735.0000 101 52 0.5149
1750.0000 102 52 0.5098
1765.0000 103 52 0.5049
1767.0000 103 53 0.5146
1772.0000 103 54 0.5243
1783.0000 104 54 0.5192
1802.0000 105 54 0.5143
1813.0000 105 55 0.5238
1818.0000 106 55 0.5189
1833.0000 107 55 0.5140
1848.0000 108 55 0.5093
1863.0000 109 55 0.5046
1881.0000 110 55 0.5000
1895.0000 110 56 0.5091
1900.0000 111 56 0.5045
1918.0000 112 56 0.5000
1937.0000 113 56 0.4956
1945.0000 113 57 0.5044
1954.0000 114 57 0.5000
1966.0000 114 58 0.5088
1970.0000 115 58 0.5043
1976.0000 115 59 0.5130
1989.0000 116 59 0.5086
2008.0000 117 59 0.5043
2020.0000 117 60 0.5128
2024.0000 118 60 0.5085
2043.0000 119 60 0.5042
2053.0000 119 61 0.5126
2061.0000 120 61 0.5083
2063.0000 120 62 0.5167
2076.0000 121 62 0.5124
2078.0000 121 63 0.5207
2095.0000 122 63 0.5164
2108.0000 122 64 0.5246
2108.0000 122 65 0.5328
2111.0000 122 66 0.5410
2112.0000 123 66 0.5366
2117.0000 123 67 0.5447
2131.0000 124 67 0.5403
2143.0000 124 68 0.5484
2148.0000 125 68 0.5440
2157.0000 125 69 0.5520
2163.0000 126 69 0.5476
2179.0000 127 69 0.5433
2194.0000 127 70 0.5512
2194.0000 127 71 0.5591
2195.0000 128 71 0.5547
2213.0000 129 71 0.5504
2217.0000 129 72 0.5581
2232.0000 130 72 0.5538
2234.0000 130 73 0.5615
2239.0000 130 74 0.5692
2248.0000 131 74 0.5649
2259.0000 131 75 0.5725
2263.0000 131 76 0.5802
2264.0000 132 76 0.5758
2280.0000 132 77 0.5833
2281.0000 132 78 0.5909
2283.0000 133 78 0.5865
2283.0000 133 79 0.5940
2298.0000 133 80 0.6015
2302.0000 134 80 0.5970
2321.0000 135 80 0.5926
2331.0000 135 81 0.6000
2336.0000 136 81 0.5956
2352.0000 137 81 0.5912
2367.0000 138 81 0.5870
2384.0000 138 82 0.5942
2385.0000 139 82 0.5899
2386.0000 139 83 0.5971
2404.0000 140 83 0.5929
2418.0000 140 84 0.6000
2418.0000 140 85 0.6071
2419.0000 140 86 0.6143
2421.0000 140 87 0.6214
2421.0000 140 88 0.6286
2423.0000 141 88 0.6241
2438.0000 142 88 0.6197
2456.0000 143 88 0.6154
2472.0000 144 88 0.6111
2483.0000 144 89 0.6181
2489.0000 145 89 0.6138
2507.0000 146 89 0.6096
2508.0000 146 90 0.6164
2523.0000 147 90 0.6122
2525.0000 147 91 0.6190
2538.0000 148 91 0.6149
2545.0000 148 92 0.6216
2557.0000 149 92 0.6174
2561.0000 149 93 0.6242
2575.0000 150 93 0.6200
2581.0000 150 94 0.6267
2591.0000 151 94 0.6225
2592.0000 151 95 0.6291
2606.0000 152 95 0.6250
2618.0000 152 96 0.6316
2623.0000 153 96 0.6275
2624.0000 153 97 0.6340
2640.0000 154 97 0.6299
2655.0000 155 97 0.6258
2671.0000 156 97 0.6218
2689.0000 157 97 0.6178
2706.0000 158 97 0.6139
2711.0000 158 98 0.6203
2725.0000 159 98 0.6164
2727.0000 159 99 0.6226
2741.0000 160 99 0.6188
2747.0000 160 100 0.6250
2757.0000 161 100 0.6211
2772.0000 162 100 0.6173
2787.0000 163 100 0.6135
2802.0000 164 100 0.6098
2804.0000 164 101 0.6159
2817.0000 165 101 0.6121
2835.0000 166 101 0.6084
2836.0000 166 102 0.6145
2837.0000 166 103 0.6205
2853.0000 167 103 0.6168
2868.0000 168 103 0.6131
2881.0000 168 104 0.6190
2886.0000 169 104 0.6154
2902.0000 170 104 0.6118
2902.0000 170 105 0.6176
2916.0000 170 106 0.6235
2917.0000 171 106 0.6199
2933.0000 172 106 0.6163
2952.0000 173 106 0.6127
2968.0000 174 106 0.6092
2984.0000 175 106 0.6057
3000.0000 176 106 0.6023
3004.0000 176 107 0.6080
3015.0000 177 107 0.6045
3031.0000 178 107 0.6011
3032.0000 178 108 0.6067
3050.0000 179 108 0.6034
3055.0000 179 109 0.6089
3065.0000 180 109 0.6056
3080.0000 181 109 0.6022
3097.0000 182 109 0.5989
3116.0000 183 109 0.5956
3135.0000 184 109 0.5924
3153.0000 185 109 0.5892
3167.0000 185 110 0.5946
3170.0000 186 110 0.5914
3185.0000 187 110 0.5882
3188.0000 187 111 0.5936
3202.0000 188 111 0.5904
3219.0000 189 111 0.5873
3229.0000 189 112 0.5926
3235.0000 190 112 0.5895
3250.0000 190 113 0.5947
3251.0000 191 113 0.5916
3268.0000 191 114 0.5969
3270.0000 192 114 0.5938
3276.0000 192 115 0.5990
3281.0000 192 116 0.6042
3289.0000 193 116 0.6010
3299.0000 193 117 0.6062
3308.0000 194 117 0.6031
3323.0000 195 117 0.6000
3324.0000 195 118 0.6051
3337.0000 195 119 0.6103
3338.0000 196 119 0.6071
3345.0000 196 120 0.6122
3348.0000 196 121 0.6173
3357.0000 197 121 0.6142
3363.0000 197 122 0.6193
3373.0000 198 122 0.6162
3376.0000 198 123 0.6212
3378.0000 198 124 0.6263
3388.0000 199 124 0.6231
3406.0000 199 125 0.6281
3407.0000 200 125 0.6250
3413.0000 200 126 0.6300
3416.0000 200 127 0.6350
3418.0000 200 128 0.6400
3425.0000 201 128 0.6368
3430.0000 201 129 0.6418
3442.0000 202 129 0.6386
3458.0000 203 129 0.6355
3462.0000 203 130 0.6404
3475.0000 204 130 0.6373
3481.0000 204 131 0.6422
3492.0000 205 131 0.6390
3509.0000 205 132 0.6439
3511.0000 206 132 0.6408
3529.0000 207 132 0.6377
3547.0000 208 132 0.6346
3566.0000 209 132 0.6316
3576.0000 209 133 0.6364
3577.0000 209 134 0.6411
3578.0000 209 135 0.6459
3581.0000 210 135 0.6429
3597.0000 210 136 0.6476
3600.0000 211 136 0.6445
3604.0000 211 137 0.6493
3606.0000 211 138 0.6540
3607.0000 211 139 0.6588
3610.0000 211 140 0.6635
3617.0000 212 140 0.6604
3627.0000 212 141 0.6651
3632.0000 213 141 0.6620
3634.0000 213 142 0.6667
3648.0000 214 142 0.6636
3665.0000 215 142 0.6605
3680.0000 216 142 0.6574
3695.0000 217 142 0.6544
3703.0000 217 143 0.6590
3705.0000 217 144 0.6636
3710.0000 218 144 0.6606
3722.0000 218 145 0.6651
3729.0000 219 145 0.6621
3731.0000 219 146 0.6667
3748.0000 220 146 0.6636
3765.0000 220 147 0.6682
3766.0000 221 147 0.6652
3784.0000 222 147 0.6622
3796.0000 222 148 0.6667
3798.0000 222 149 0.6712
3802.0000 223 149 0.6682
3804.0000 223 150 0.6726
3821.0000 224 150 0.6696
3831.0000 224 151 0.6741
3832.0000 224 152 0.6786
3838.0000 225 152 0.6756
3843.0000 225 153 0.6800
3856.0000 226 153 0.6770
3874.0000 227 153 0.6740
3885.0000 227 154 0.6784
3892.0000 228 154 0.6754
3909.0000 229 154 0.6725
3916.0000 229 155 0.6769
3926.0000 230 155 0.6739
3945.0000 231 155 0.6710
3960.0000 232 155 0.6681
3978.0000 233 155 0.6652
3983.0000 233 156 0.6695
3995.0000 234 156 0.6667
3996.0000 234 157 0.6709
4014.0000 235 157 0.6681
4033.0000 236 157 0.6653
4035.0000 236 158 0.6695
4036.0000 236 159 0.6737
4037.0000 236 160 0.6780
4052.0000 237 160 0.6751
4060.0000 237 161 0.6793
4062.0000 237 162 0.6835
4068.0000 237 163 0.6878
4069.0000 238 163 0.6849
4087.0000 239 163 0.6820
4093.0000 239 164 0.6862
4105.0000 240 164 0.6833
4114.0000 240 165 0.6875
4124.0000 241 165 0.6846
4125.0000 241 166 0.6888
4140.0000 242 166 0.6860
4151.0000 242 167 0.6901
4153.0000 242 168 0.6942
4158.0000 243 168 0.6914
4177.0000 244 168 0.6885
4195.0000 245 168 0.6857
4201.0000 245 169 0.6898
4201.0000 245 170 0.6939
4214.0000 246 170 0.6911
4232.0000 247 170 0.6883
4242.0000 247 171 0.6923
4251.0000 248 171 0.6895
4264.0000 248 172 0.6935
4267.0000 249 172 0.6908
4275.0000 249 173 0.6948
4282.0000 250 173 0.6920
4283.0000 250 174 0.6960
4298.0000 251 174 0.6932
4313.0000 251 175 0.6972
4315.0000 252 175 0.6944
4318.0000 252 176 0.6984
4330.0000 253 176 0.6957
4338.0000 253 177 0.6996
4340.0000 253 178 0.7036
4345.0000 254 178 0.7008
4350.0000 254 179 0.7047
4362.0000 255 179 0.7020
4378.0000 256 179 0.6992
4396.0000 257 179 0.6965
4397.0000 257 180 0.7004
4410.0000 257 181 0.7043
4412.0000 258 181 0.7016
4429.0000 259 181 0.6988
4439.0000 259 182 0.7027
4448.0000 260 182 0.7000
4465.0000 261 182 0.6973
4481.0000 262 182 0.6947
4491.0000 262 183 0.6985
4496.0000 263 183 0.6958
4511.0000 264 183 0.6932
4513.0000 264 184 0.6970
4526.0000 265 184 0.6943
4539.0000 265 185 0.6981
4543.0000 266 185 0.6955
4549.0000 266 186 0.6992
4549.0000 266 187 0.7030
4558.0000 267 187 0.7004
4558.0000 267 188 0.7041
4563.0000 267 189 0.7079
4566.0000 267 190 0.7116
4576.0000 268 190 0.7090
4593.0000 269 190 0.7063
4611.0000 270 190 0.7037
4620.0000 270 191 0.7074
4629.0000 271 191 0.7048
4645.0000 272 191 0.7022
4646.0000 272 192 0.7059
4661.0000 272 193 0.7096
4663.0000 272 194 0.7132
4664.0000 273 194 0.7106
4682.0000 274 194 0.7080
4693.0000 274 195 0.7117
4697.0000 275 195 0.7091
4707.0000 275 196 0.7127
4712.0000 276 196 0.7101
4721.0000 276 197 0.7138
4730.0000 277 197 0.7112
4748.0000 278 197 0.7086
4765.0000 279 197 0.7061
4782.0000 280 197 0.7036
4789.0000 280 198 0.7071
4791.0000 280 199 0.7107
4797.0000 281 199 0.7082
4803.0000 281 200 0.7117
4805.0000 281 201 0.7153
4807.0000 281 202 0.7189
4816.0000 282 202 0.7163
4820.0000 282 203 0.7199
4820.0000 282 204 0.7234
4821.0000 282 205 0.7270
4833.0000 283 205 0.7244
4850.0000 284 205 0.7218
4865.0000 285 205 0.7193
4867.0000 285 206 0.7228
4881.0000 286 206 0.7203
4890.0000 286 207 0.7238
4891.0000 286 208 0.7273
4897.0000 287 208 0.7247
4915.0000 288 208 0.7222
4932.0000 289 208 0.7197
4944.0000 289 209 0.7232
4948.0000 290 209 0.7207
4965.0000 291 209 0.7182
4984.0000 292 209 0.7158
5002.0000 293 209 0.7133
5002.0000 293 210 0.7167
5020.0000 294 210 0.7143
5039.0000 295 210 0.7119
5055.0000 295 211 0.7153
5057.0000 296 211 0.7128
5073.0000 297 211 0.7104
5092.0000 298 211 0.7081
5109.0000 299 211 0.7057
5128.0000 300 211 0.7033
5140.0000 300 212 0.7067
5146.0000 301 212 0.7043
5148.0000 301 213 0.7076
5150.0000 301 214 0.7110
5161.0000 302 214 0.7086
5162.0000 302 215 0.7119
5177.0000 303 215 0.7096
5193.0000 304 215 0.7072
5211.0000 305 215 0.7049
5227.0000 306 215 0.7026
5244.0000 307 215 0.7003
5252.0000 307 216 0.7036
5260.0000 308 216 0.7013
5272.0000 308 217 0.7045
5278.0000 309 217 0.7023
5294.0000 310 217 0.7000
5313.0000 311 217 0.6977
5329.0000 312 217 0.6955
5348.0000 313 217 0.6933
5364.0000 314 217 0.6911
5381.0000 315 217 0.6889
5397.0000 316 217 0.6867
5403.0000 316 218 0.6899
5412.0000 317 218 0.6877
5423.0000 317 219 0.6909
5424.0000 317 220 0.6940
5431.0000 318 220 0.6918
5434.0000 318 221 0.6950
5449.0000 319 221 0.6928
5462.0000 319 222 0.6959
5464.0000 319 223 0.6991
5465.0000 320 223 0.6969
5465.0000 320 224 0.7000
5473.0000 320 225 0.7031
5475.0000 320 226 0.7063
5484.0000 321 226 0.7040
5491.0000 321 227 0.7072
5498.0000 321 228 0.7103
5501.0000 321 229 0.7134
5502.0000 322 229 0.7112
5504.0000 322 230 0.7143
5518.0000 322 231 0.7174
5519.0000 323 231 0.7152
5535.0000 324 231 0.7130
5551.0000 325 231 0.7108
5553.0000 325 232 0.7138
5555.0000 325 233 0.7169
5566.0000 326 233 0.7147
5585.0000 327 233 0.7125
5588.0000 327 234 0.7156
5601.0000 328 234 0.7134
5618.0000 329 234 0.7112
5637.0000 330 234 0.7091
5654.0000 331 234 0.7069
5658.0000 331 235 0.7100
5672.0000 332 235 0.7078
5690.0000 333 235 0.7057
5697.0000 333 236 0.7087
5705.0000 334 236 0.7066
5716.0000 334 237 0.7096
5721.0000 335 237 0.7075
5725.0000 335 238 0.7104
5727.0000 335 239 0.7134
5738.0000 336 239 0.7113
5750.0000 336 240 0.7143
5755.0000 337 240 0.7122
5763.0000 337 241 0.7151
5771.0000 338 241 0.7130
5772.0000 338 242 0.7160
5778.0000 338 243 0.7189
5779.0000 338 244 0.7219
5782.0000 338 245 0.7249
5787.0000 339 245 0.7227
5799.0000 339 246 0.7257
5805.0000 340 246 0.7235
5819.0000 340 247 0.7265
5821.0000 340 248 0.7294
5823.0000 341 248 0.7273
5823.0000 341 249 0.7302
5838.0000 341 250 0.7331
5842.0000 342 250 0.7310
5848.0000 342 251 0.7339
5848.0000 342 252 0.7368
5861.0000 343 252 0.7347
5879.0000 344 252 0.7326
5881.0000 344 253 0.7355
5886.0000 344 254 0.7384
5890.0000 344 255 0.7413
5894.0000 345 255 0.7391
5902.0000 345 256 0.7420
5911.0000 346 256 0.7399
5930.0000 347 256 0.7378
5945.0000 348 256 0.7356
5959.0000 348 257 0.7385
5963.0000 349 257 0.7364
5965.0000 349 258 0.7393
5968.0000 349 259 0.7421
5982.0000 350 259 0.7400
5984.0000 350 260 0.7429
5999.0000 351 260 0.7407
6014.0000 351 261 0.7436
6018.0000 352 261 0.7415
6019.0000 352 262 0.7443
6019.0000 352 263 0.7472
6021.0000 352 264 0.7500
6028.0000 352 265 0.7528
6035.0000 353 265 0.7507
6053.0000 354 265 0.7486
6054.0000 354 266 0.7514
6068.0000 355 266 0.7493
6083.0000 356 266 0.7472
6099.0000 356 267 0.7500
6100.0000 356 268 0.7528
6102.0000 357 268 0.7507
6117.0000 358 268 0.7486
6134.0000 359 268 0.7465
6139.0000 359 269 0.7493
6147.0000 359 270 0.7521
6151.0000 360 270 0.7500
6166.0000 361 270 0.7479
6184.0000 362 270 0.7459
6188.0000 362 271 0.7486
6203.0000 363 271 0.7466
6218.0000 364 271 0.7445
6237.0000 365 271 0.7425
6256.0000 366 271 0.7404
6258.0000 366 272 0.7432
6271.0000 367 272 0.7411
6288.0000 368 272 0.7391
6307.0000 369 272 0.7371
6309.0000 369 273 0.7398
6311.0000 369 274 0.7425
6311.0000 369 275 0.7453
6325.0000 370 275 0.7432
6327.0000 370 276 0.7459
6341.0000 371 276 0.7439
6345.0000 371 277 0.7466
6346.0000 371 278 0.7493
6357.0000 372 278 0.7473
6358.0000 372 279 0.7500
6359.0000 372 280 0.7527
6359.0000 372 281 0.7554
6360.0000 372 282 0.7581
6362.0000 372 283 0.7608
6376.0000 373 283 0.7587
6391.0000 374 283 0.7567
6406.0000 375 283 0.7547
6424.0000 376 283 0.7527
6424.0000 376 284 0.7553
6440.0000 377 284 0.7533
6456.0000 378 284 0.7513
6459.0000 378 285 0.7540
6474.0000 379 285 0.7520
6490.0000 379 286 0.7546
6491.0000 380 286 0.7526
6506.0000 381 286 0.7507
6521.0000 382 286 0.7487
6539.0000 383 286 0.7467
6556.0000 384 286 0.7448
6568.0000 384 287 0.7474
6572.0000 385 287 0.7455
6583.0000 385 288 0.7481
6589.0000 385 289 0.7506
6590.0000 386 289 0.7487
6590.0000 386 290 0.7513
6596.0000 386 291 0.7539
6607.0000 387 291 0.7519
6612.0000 387 292 0.7545
6626.0000 388 292 0.7526
6644.0000 389 292 0.7506
6653.0000 389 293 0.7532
6663.0000 390 293 0.7513
6669.0000 390 294 0.7538
6676.0000 390 295 0.7564
6678.0000 390 296 0.7590
6679.0000 391 296 0.7570
6680.0000 391 297 0.7596
6694.0000 392 297 0.7577
6695.0000 392 298 0.7602
6711.0000 392 299 0.7628
6713.0000 393 299 0.7608
6713.0000 393 300 0.7634
6714.0000 393 301 0.7659
6730.0000 394 301 0.7640
6736.0000 394 302 0.7665
6737.0000 394 303 0.7690
6740.0000 394 304 0.7716
6746.0000 395 304 0.7696
6746.0000 395 305 0.7722
6763.0000 396 305 0.7702
6779.0000 397 305 0.7683
6796.0000 398 305 0.7663
6804.0000 398 306 0.7688
6812.0000 399 306 0.7669
6827.0000 400 306 0.7650
6842.0000 401 306 0.7631
6847.0000 401 307 0.7656
6854.0000 401 308 0.7681
6860.0000 402 308 0.7662
6877.0000 403 308 0.7643
6893.0000 404 308 0.7624
6911.0000 405 308 0.7605
6927.0000 406 308 0.7586
6930.0000 406 309 0.7611
6943.0000 407 309 0.7592
6959.0000 408 309 0.7574
6970.0000 408 310 0.7598
6974.0000 408 311 0.7623
6976.0000 409 311 0.7604
6978.0000 409 312 0.7628
6991.0000 410 312 0.7610
6995.0000 410 313 0.7634
6996.0000 410 314 0.7659
7007.0000 411 314 0.7640
7013.0000 411 315 0.7664
7023.0000 412 315 0.7646
7029.0000 412 316 0.7670
7033.0000 412 317 0.7694
7038.0000 413 317 0.7676
7040.0000 413 318 0.7700
7053.0000 414 318 0.7681
7058.0000 414 319 0.7705
7061.0000 414 320 0.7729
7061.0000 414 321 0.7754
7063.0000 414 322 0.7778
7068.0000 415 322 0.7759
7073.0000 415 323 0.7783
7075.0000 415 324 0.7807
7076.0000 415 325 0.7831
7076.0000 415 326 0.7855
7077.0000 415 327 0.7880
7079.0000 415 328 0.7904
7080.0000 415 329 0.7928
7083.0000 416 329 0.7909
7092.0000 416 330 0.7933
7097.0000 416 331 0.7957
7099.0000 416 332 0.7981
7101.0000 416 333 0.8005
7102.0000 417 333 0.7986
7107.0000 417 334 0.8010
7121.0000 418 334 0.7990
7129.0000 418 335 0.8014
7134.0000 418 336 0.8038
7139.0000 419 336 0.8019
7147.0000 419 337 0.8043
7155.0000 420 337 0.8024
7172.0000 421 337 0.8005
7172.0000 421 338 0.8029
7182.0000 421 339 0.8052
7187.0000 421 340 0.8076
7190.0000 422 340 0.8057
7206.0000 423 340 0.8038
7219.0000 423 341 0.8061
7221.0000 423 342 0.8085
7222.0000 424 342 0.8066
7224.0000 424 343 0.8090
7226.0000 424 344 0.8113
7233.0000 424 345 0.8137
7235.0000 424 346 0.8160
7240.0000 425 346 0.8141
7241.0000 425 347 0.8165
7246.0000 425 348 0.8188
7257.0000 426 348 0.8169
7273.0000 427 348 0.8150
7274.0000 427 349 0.8173
7277.0000 427 350 0.8197
7283.0000 427 351 0.8220
7284.0000 427 352 0.8244
7292.0000 428 352 0.8224
7307.0000 428 353 0.8248
7308.0000 428 354 0.8271
7309.0000 429 354 0.8252
7310.0000 429 355 0.8275
7313.0000 429 356 0.8298
7321.0000 429 357 0.8322
7327.0000 430 357 0.8302
7345.0000 431 357 0.8283
7355.0000 431 358 0.8306
7364.0000 432 358 0.8287
7372.0000 432 359 0.8310
7380.0000 433 359 0.8291
7399.0000 434 359 0.8272
7414.0000 435 359 0.8253
7429.0000 436 359 0.8234
7431.0000 436 360 0.8257
7446.0000 437 360 0.8238
7456.0000 437 361 0.8261
7462.0000 437 362 0.8284
7465.0000 438 362 0.8265
7472.0000 438 363 0.8288
7482.0000 439 363 0.8269
7484.0000 439 364 0.8292
7500.0000 440 364 0.8273
7518.0000 441 364 0.8254
7532.0000 441 365 0.8277
7537.0000 442 365 0.8258
7542.0000 442 366 0.8281
7543.0000 442 367 0.8303
7556.0000 443 367 0.8284
7557.0000 443 368 0.8307
7566.0000 443 369 0.8330
7571.0000 444 369 0.8311
7571.0000 444 370 0.8333
7571.0000 444 371 0.8356
7582.0000 444 372 0.8378
7582.0000 444 373 0.8401
7583.0000 444 374 0.8423
7587.0000 445 374 0.8404
7602.0000 445 375 0.8427
7604.0000 446 375 0.8408
7613.0000 446 376 0.8430
7614.0000 446 377 0.8453
7619.0000 447 377 0.8434
7635.0000 448 377 0.8415
7641.0000 448 378 0.8438
7654.0000 449 378 0.8419
7663.0000 449 379 0.8441
7672.0000 450 379 0.8422
7682.0000 450 380 0.8444
7691.0000 451 380 0.8426
7706.0000 452 380 0.8407
7715.0000 452 381 0.8429
7725.0000 453 381 0.8411
7742.0000 454 381 0.8392
7757.0000 455 381 0.8374
7774.0000 456 381 0.8355
7790.0000 457 381 0.8337
7798.0000 457 382 0.8359
7803.0000 457 383 0.8381
7806.0000 458 383 0.8362
7824.0000 459 383 0.8344
7839.0000 459 384 0.8366
7842.0000 460 384 0.8348
7851.0000 460 385 0.8370
7859.0000 461 385 0.8351
7878.0000 462 385 0.8333
7890.0000 462 386 0.8355
7895.0000 463 386 0.8337
7897.0000 463 387 0.8359
7910.0000 464 387 0.8341
7928.0000 465 387 0.8323
7943.0000 466 387 0.8305
7961.0000 467 387 0.8287
7977.0000 468 387 0.8269
7979.0000 468 388 0.8291
7994.0000 469 388 0.8273
8013.0000 470 388 0.8255
8028.0000 471 388 0.8238
8046.0000 472 388 0.8220
8049.0000 472 389 0.8242
8065.0000 473 389 0.8224
8073.0000 473 390 0.8245
8082.0000 474 390 0.8228
8097.0000 475 390 0.8211
8099.0000 475 391 0.8232
8111.0000 475 392 0.8253
8113.0000 476 392 0.8235
8126.0000 476 393 0.8256
8132.0000 477 393 0.8239
8147.0000 478 393 0.8222
8153.0000 478 394 0.8243
8163.0000 479 394 0.8225
8182.0000 480 394 0.8208
8196.0000 480 395 0.8229
8198.0000 481 395 0.8212
8214.0000 482 395 0.8195
8230.0000 483 395 0.8178
8247.0000 484 395 0.8161
8250.0000 484 396 0.8182
8266.0000 485 396 0.8165
8275.0000 485 397 0.8186
8281.0000 486 397 0.8169
8296.0000 487 397 0.8152
8313.0000 488 397 0.8135
8331.0000 489 397 0.8119
8341.0000 489 398 0.8139
8347.0000 489 399 0.8160
8349.0000 490 399 0.8143
8367.0000 491 399 0.8126
8386.0000 492 399 0.8110
8387.0000 492 400 0.8130
8403.0000 493 400 0.8114
8422.0000 494 400 0.8097
8436.0000 494 401 0.8117
8437.0000 495 401 0.8101
8454.0000 496 401 0.8085
8461.0000 496 402 0.8105
8470.0000 497 402 0.8089
8488.0000 498 402 0.8072
8489.0000 498 403 0.8092
8504.0000 499 403 0.8076
8505.0000 499 404 0.8096
8507.0000 499 405 0.8116
8508.0000 499 406 0.8136
8511.0000 499 407 0.8156
8522.0000 500 407 0.8140
8540.0000 501 407 0.8124
8554.0000 501 408 0.8144
8558.0000 502 408 0.8127
8574.0000 503 408 0.8111
8591.0000 504 408 0.8095
8598.0000 504 409 0.8115
8599.0000 504 410 0.8135
8607.0000 505 410 0.8119
8624.0000 506 410 0.8103
8643.0000 507 410 0.8087
8659.0000 508 410 0.8071
8661.0000 508 411 0.8091
8675.0000 509 411 0.8075
8678.0000 509 412 0.8094
8681.0000 509 413 0.8114
8690.0000 510 413 0.8098
8704.0000 510 414 0.8118
8706.0000 511 414 0.8102
8707.0000 511 415 0.8121
8715.0000 511 416 0.8141
8724.0000 512 416 0.8125
8732.0000 512 417 0.8145
8742.0000 513 417 0.8129
8761.0000 514 417 0.8113
8774.0000 514 418 0.8132
8778.0000 515 418 0.8117
8784.0000 515 419 0.8136
8793.0000 515 420 0.8155
8794.0000 515 421 0.8175
8795.0000 516 421 0.8159
8801.0000 516 422 0.8178
8807.0000 516 423 0.8198
8807.0000 516 424 0.8217
8809.0000 516 425 0.8236
8810.0000 516 426 0.8256
8812.0000 517 426 0.8240
8827.0000 517 427 0.8259
8831.0000 518 427 0.8243
8835.0000 518 428 0.8263
8836.0000 518 429 0.8282
8841.0000 518 430 0.8301
8848.0000 518 431 0.8320
8849.0000 519 431 0.8304
8850.0000 519 432 0.8324
8865.0000 520 432 0.8308
8875.0000 520 433 0.8327
8880.0000 520 434 0.8346
8881.0000 521 434 0.8330
8896.0000 522 434 0.8314
8908.0000 522 435 0.8333
8915.0000 523 435 0.8317
8915.0000 523 436 0.8337
8930.0000 523 437 0.8356
8932.0000 524 437 0.8340
8949.0000 525 437 0.8324
8966.0000 525 438 0.8343
8968.0000 526 438 0.8327
8976.0000 526 439 0.8346
8985.0000 527 439 0.8330
8986.0000 527 440 0.8349
9002.0000 527 441 0.8368
9004.0000 528 441 0.8352
9015.0000 528 442 0.8371
9018.0000 528 443 0.8390
9022.0000 529 443 0.8374
9026.0000 529 444 0.8393
9040.0000 530 444 0.8377
9040.0000 530 445 0.8396
9041.0000 530 446 0.8415
9047.0000 530 447 0.8434
9055.0000 531 447 0.8418
9056.0000 531 448 0.8437
9071.0000 532 448 0.8421
9090.0000 533 448 0.8405
9091.0000 533 449 0.8424
9108.0000 534 449 0.8408
9108.0000 534 450 0.8427
9125.0000 535 450 0.8411
9139.0000 535 451 0.8430
9144.0000 536 451 0.8414
9148.0000 536 452 0.8433
9155.0000 536 453 0.8451
9162.0000 537 453 0.8436
9178.0000 538 453 0.8420
9194.0000 539 453 0.8404
9195.0000 539 454 0.8423
9211.0000 540 454 0.8407
9220.0000 540 455 0.8426
9226.0000 541 455 0.8410
9228.0000 541 456 0.8429
9243.0000 542 456 0.8413
9244.0000 542 457 0.8432
9261.0000 543 457 0.8416
9270.0000 543 458 0.8435
9278.0000 544 458 0.8419
9294.0000 544 459 0.8438
9296.0000 545 459 0.8422
9298.0000 545 460 0.8440
9312.0000 546 460 0.8425
9331.0000 547 460 0.8410
9344.0000 547 461 0.8428
9350.0000 548 461 0.8412
9369.0000 549 461 0.8397
9373.0000 549 462 0.8415
9375.0000 549 463 0.8434
9376.0000 549 464 0.8452
9387.0000 550 464 0.8436
9406.0000 551 464 0.8421
9424.0000 552 464 0.8406
9429.0000 552 465 0.8424
9435.0000 552 466 0.8442
9436.0000 552 467 0.8460
9439.0000 553 467 0.8445
9444.0000 553 468 0.8463
9450.0000 553 469 0.8481
9455.0000 554 469 0.8466
9457.0000 554 470 0.8484
9458.0000 554 471 0.8502
9471.0000 555 471 0.8486
9487.0000 556 471 0.8471
9499.0000 556 472 0.8489
9503.0000 556 473 0.8507
9505.0000 557 473 0.8492
9519.0000 557 474 0.8510
9522.0000 558 474 0.8495
9528.0000 558 475 0.8513
9541.0000 559 475 0.8497
9559.0000 560 475 0.8482
9577.0000 561 475 0.8467
9592.0000 561 476 0.8485
9594.0000 562 476 0.8470
9602.0000 562 477 0.8488
9610.0000 563 477 0.8472
9625.0000 564 477 0.8457
9639.0000 564 478 0.8475
9643.0000 565 478 0.8460
9660.0000 566 478 0.8445
9661.0000 566 479 0.8463
9674.0000 566 480 0.8481
9677.0000 567 480 0.8466
9696.0000 568 480 0.8451
9709.0000 568 481 0.8468
9711.0000 569 481 0.8453
9730.0000 570 481 0.8439
9745.0000 571 481 0.8424
9763.0000 572 481 0.8409
9767.0000 572 482 0.8427
9778.0000 573 482 0.8412
9797.0000 574 482 0.8397
9800.0000 574 483 0.8415
9801.0000 574 484 0.8432
9815.0000 575 484 0.8417
9830.0000 575 485 0.8435
9834.0000 576 485 0.8420
9853.0000 577 485 0.8406
9854.0000 577 486 0.8423
9865.0000 577 487 0.8440
9871.0000 578 487 0.8426
9886.0000 579 487 0.8411
9902.0000 580 487 0.8397
9920.0000 581 487 0.8382
9938.0000 582 487 0.8368
9955.0000 583 487 0.8353
9973.0000 584 487 0.8339
9989.0000 585 487 0.8325
10002.0000 585 488 0.8342
10005.0000 586 488 0.8328
10008.0000 586 489 0.8345
10020.0000 586 490 0.8362
10021.0000 586 491 0.8379
10024.0000 587 491 0.8365
10040.0000 588 491 0.8350
10059.0000 589 491 0.8336
10076.0000 590 491 0.8322
10094.0000 591 491 0.8308
10111.0000 592 491 0.8294
10130.0000 593 491 0.8280
10135.0000 593 492 0.8297
10147.0000 594 492 0.8283
10148.0000 594 493 0.8300
10163.0000 594 494 0.8316
10165.0000 595 494 0.8303
10181.0000 596 494 0.8289
10197.0000 597 494 0.8275
10214.0000 598 494 0.8261
10217.0000 598 495 0.8278
10219.0000 598 496 0.8294
10230.0000 598 497 0.8311
10233.0000 599 497 0.8297
10248.0000 600 497 0.8283
10261.0000 600 498 0.8300
10262.0000 600 499 0.8317
10263.0000 600 500 0.8333
10267.0000 601 500 0.8319
10269.0000 601 501 0.8336
10269.0000 601 502 0.8353
10284.0000 602 502 0.8339
10291.0000 602 503 0.8355
10297.0000 602 504 0.8372
10300.0000 603 504 0.8358
10319.0000 604 504 0.8344
10319.0000 604 505 0.8361
10338.0000 605 505 0.8347
10338.0000 605 506 0.8364
10348.0000 605 507 0.8380
10351.0000 605 508 0.8397
10356.0000 605 509 0.8413
10357.0000 606 509 0.8399
10357.0000 606 510 0.8416
10369.0000 606 511 0.8432
10372.0000 607 511 0.8418
10391.0000 608 511 0.8405
10410.0000 609 511 0.8391
10415.0000 609 512 0.8407
10429.0000 610 512 0.8393
10440.0000 610 513 0.8410
10444.0000 611 513 0.8396
10455.0000 611 514 0.8412
10461.0000 612 514 0.8399
10467.0000 612 515 0.8415
10471.0000 612 516 0.8431
10476.0000 613 516 0.8418
10494.0000 614 516 0.8404
10510.0000 615 516 0.8390
10512.0000 615 517 0.8407
10526.0000 616 517 0.8393
10537.0000 616 518 0.8409
10542.0000 617 518 0.8395
10560.0000 618 518 0.8382
10575.0000 619 518 0.8368
10575.0000 619 519 0.8384
10577.0000 619 520 0.8401
10578.0000 619 521 0.8417
10579.0000 619 522 0.8433
10590.0000 620 522 0.8419
10609.0000 621 522 0.8406
10625.0000 622 522 0.8392
10630.0000 622 523 0.8408
10642.0000 623 523 0.8395
10658.0000 624 523 0.8381
10662.0000 624 524 0.8397
10675.0000 625 524 0.8384
10680.0000 625 525 0.8400
10694.0000 626 525 0.8387
10701.0000 626 526 0.8403
10711.0000 627 526 0.8389
10719.0000 627 527 0.8405
10727.0000 628 527 0.8392
10734.0000 628 528 0.8408
10742.0000 629 528 0.8394
10755.0000 629 529 0.8410
10760.0000 630 529 0.8397
10779.0000 631 529 0.8384
10783.0000 631 530 0.8399
10785.0000 631 531 0.8415
10795.0000 631 532 0.8431
10796.0000 632 532 0.8418
10806.0000 632 533 0.8434
10812.0000 633 533 0.8420
10816.0000 633 534 0.8436
10817.0000 633 535 0.8452
10830.0000 634 535 0.8438
10847.0000 635 535 0.8425
10865.0000 636 535 0.8412
10884.0000 637 535 0.8399
10903.0000 638 535 0.8386
10922.0000 639 535 0.8372
10939.0000 640 535 0.8359
10941.0000 640 536 0.8375
10947.0000 640 537 0.8391
10951.0000 640 538 0.8406
10955.0000 641 538 0.8393
10962.0000 641 539 0.8409
10972.0000 642 539 0.8396
10991.0000 643 539 0.8383
11006.0000 644 539 0.8370
11012.0000 644 540 0.8385
11013.0000 644 541 0.8401
11014.0000 644 542 0.8416
11016.0000 644 543 0.8432
11024.0000 644 544 0.8447
11025.0000 645 544 0.8434
11025.0000 645 545 0.8450
11026.0000 645 546 0.8465
11031.0000 645 547 0.8481
11037.0000 645 548 0.8496
11041.0000 646 548 0.8483
11059.0000 647 548 0.8470
11078.0000 648 548 0.8457
11093.0000 648 549 0.8472
11094.0000 649 549 0.8459
11098.0000 649 550 0.8475
11111.0000 650 550 0.8462
11128.0000 651 550 0.8449
11135.0000 651 551 0.8464
11144.0000 652 551 0.8451
11160.0000 653 551 0.8438
11176.0000 654 551 0.8425
11195.0000 655 551 0.8412
11211.0000 656 551 0.8399
11225.0000 656 552 0.8415
11229.0000 657 552 0.8402
11245.0000 658 552 0.8389
11251.0000 658 553 0.8404
11260.0000 659 553 0.8392
11275.0000 660 553 0.8379
11283.0000 660 554 0.8394
11288.0000 660 555 0.8409
11290.0000 661 555 0.8396
11293.0000 661 556 0.8411
11305.0000 662 556 0.8399
11320.0000 663 556 0.8386
11328.0000 663 557 0.8401
11336.0000 664 557 0.8389
11350.0000 664 558 0.8404
11353.0000 665 558 0.8391
11372.0000 666 558 0.8378
11380.0000 666 559 0.8393
11383.0000 666 560 0.8408
11387.0000 667 560 0.8396
11406.0000 668 560 0.8383
11419.0000 668 561 0.8398
11425.0000 669 561 0.8386
11438.0000 669 562 0.8401
11444.0000 670 562 0.8388
11460.0000 670 563 0.8403
11461.0000 671 563 0.8390
11463.0000 671 564 0.8405
11467.0000 671 565 0.8420
11472.0000 671 566 0.8435
11480.0000 672 566 0.8423
11485.0000 672 567 0.8438
11496.0000 672 568 0.8452
11499.0000 673 568 0.8440
11518.0000 674 568 0.8427
11535.0000 675 568 0.8415
11550.0000 676 568 0.8402
11567.0000 677 568 0.8390
11586.0000 678 568 0.8378
11587.0000 678 569 0.8392
11604.0000 679 569 0.8380
11606.0000 679 570 0.8395
11622.0000 680 570 0.8382
11623.0000 680 571 0.8397
11629.0000 680 572 0.8412
11640.0000 681 572 0.8399
11657.0000 682 572 0.8387
11673.0000 683 572 0.8375
11691.0000 683 573 0.8389
11692.0000 684 573 0.8377
11711.0000 685 573 0.8365
11729.0000 686 573 0.8353
11747.0000 687 573 0.8341
11759.0000 687 574 0.8355
11762.0000 688 574 0.8343
11771.0000 688 575 0.8358
11777.0000 689 575 0.8345
11795.0000 690 575 0.8333
11805.0000 690 576 0.8348
11814.0000 691 576 0.8336
11819.0000 691 577 0.8350
11821.0000 691 578 0.8365
11829.0000 692 578 0.8353
11830.0000 692 579 0.8367
11844.0000 693 579 0.8355
11847.0000 693 580 0.8369
11849.0000 693 581 0.8384
11851.0000 693 582 0.8398
11857.0000 693 583 0.8413
11860.0000 694 583 0.8401
11876.0000 695 583 0.8388
11891.0000 695 584 0.8403
11893.0000 696 584 0.8391
11910.0000 697 584 0.8379
11915.0000 697 585 0.8393
11926.0000 698 585 0.8381
11943.0000 699 585 0.8369
11950.0000 699 586 0.8383
11959.0000 700 586 0.8371
11970.0000 700 587 0.8386
11976.0000 701 587 0.8374
11979.0000 701 588 0.8388
11982.0000 701 589 0.8402
11983.0000 701 590 0.8417
11993.0000 702 590 0.8405
12012.0000 703 590 0.8393
12013.0000 703 591 0.8407
12013.0000 703 592 0.8421
12015.0000 703 593 0.8435
12017.0000 703 594 0.8450
12027.0000 704 594 0.8438
12044.0000 705 594 0.8426
12045.0000 705 595 0.8440
12060.0000 706 595 0.8428
12075.0000 706 596 0.8442
12076.0000 707 596 0.8430
12080.0000 707 597 0.8444
12095.0000 708 597 0.8432
12104.0000 708 598 0.8446
12113.0000 709 598 0.8434
12114.0000 709 599 0.8449
12124.0000 709 600 0.8463
12126.0000 709 601 0.8477
12131.0000 710 601 0.8465
12131.0000 710 602 0.8479
12141.0000 710 603 0.8493
12143.0000 710 604 0.8507
12149.0000 711 604 0.8495
12153.0000 711 605 0.8509
12158.0000 711 606 0.8523
12167.0000 712 606 0.8511
12182.0000 713 606 0.8499
12199.0000 714 606 0.8487
12210.0000 714 607 0.8501
12215.0000 714 608 0.8515
12217.0000 715 608 0.8503
12230.0000 715 609 0.8517
12235.0000 716 609 0.8506
12236.0000 716 610 0.8520
12251.0000 717 610 0.8508
12270.0000 718 610 0.8496
12286.0000 719 610 0.8484
12298.0000 719 611 0.8498
12299.0000 719 612 0.8512
12304.0000 720 612 0.8500
12323.0000 721 612 0.8488
12330.0000 721 613 0.8502
12340.0000 722 613 0.8490
12355.0000 723 613 0.8479
12355.0000 723 614 0.8492
12359.0000 723 615 0.8506
12361.0000 723 616 0.8520
12373.0000 724 616 0.8508
12375.0000 724 617 0.8522
12377.0000 724 618 0.8536
12385.0000 724 619 0.8550
12386.0000 724 620 0.8564
12388.0000 725 620 0.8552
12388.0000 725 621 0.8566
12406.0000 726 621 0.8554
12414.0000 726 622 0.8567
12422.0000 727 622 0.8556
12438.0000 728 622 0.8544
12456.0000 729 622 0.8532
12473.0000 730 622 0.8521
12480.0000 730 623 0.8534
12488.0000 731 623 0.8523
12504.0000 732 623 0.8511
12520.0000 733 623 0.8499
12528.0000 733 624 0.8513
12529.0000 733 625 0.8527
12539.0000 734 625 0.8515
12548.0000 734 626 0.8529
12554.0000 735 626 0.8517
12573.0000 736 626 0.8505
12574.0000 736 627 0.8519
12574.0000 736 628 0.8533
12592.0000 737 628 0.8521
12607.0000 737 629 0.8535
12610.0000 738 629 0.8523
12625.0000 739 629 0.8512
12641.0000 740 629 0.8500
12658.0000 741 629 0.8489
12677.0000 742 629 0.8477
12695.0000 743 629 0.8466
12695.0000 743 630 0.8479
12704.0000 743 631 0.8493
12714.0000 744 631 0.8481
12732.0000 745 631 0.8470
12739.0000 745 632 0.8483
12748.0000 746 632 0.8472
12763.0000 747 632 0.8461
12763.0000 747 633 0.8474
12765.0000 747 634 0.8487
12769.0000 747 635 0.8501
12779.0000 747 636 0.8514
12780.0000 747 637 0.8527
12781.0000 748 637 0.8516
12781.0000 748 638 0.8529
12783.0000 748 639 0.8543
12788.0000 748 640 0.8556
12789.0000 748 641 0.8570
12800.0000 749 641 0.8558
12818.0000 750 641 0.8547
12820.0000 750 642 0.8560
12833.0000 751 642 0.8549
12848.0000 752 642 0.8537
12849.0000 752 643 0.8551
12853.0000 752 644 0.8564
12865.0000 752 645 0.8577
12866.0000 753 645 0.8566
12878.0000 753 646 0.8579
12885.0000 754 646 0.8568
12892.0000 754 647 0.8581
12894.0000 754 648 0.8594
12902.0000 755 648 0.8583
12920.0000 756 648 0.8571
12934.0000 756 649 0.8585
12935.0000 757 649 0.8573
12937.0000 757 650 0.8587
12946.0000 757 651 0.8600
12951.0000 758 651 0.8588
12967.0000 759 651 0.8577
12973.0000 759 652 0.8590
12983.0000 760 652 0.8579
12998.0000 761 652 0.8568
13015.0000 762 652 0.8556
13031.0000 763 652 0.8545
13049.0000 764 652 0.8534
13061.0000 764 653 0.8547
13068.0000 765 653 0.8536
13086.0000 766 653 0.8525
13086.0000 766 654 0.8538
13103.0000 767 654 0.8527
13118.0000 768 654 0.8516
13119.0000 768 655 0.8529
13136.0000 769 655 0.8518
13152.0000 769 656 0.8531
13153.0000 770 656 0.8519
13168.0000 771 656 0.8508
13173.0000 771 657 0.8521
13185.0000 772 657 0.8510
13197.0000 772 658 0.8523
13201.0000 773 658 0.8512
13213.0000 773 659 0.8525
13217.0000 773 660 0.8538
13220.0000 774 660 0.8527
13236.0000 775 660 0.8516
13236.0000 775 661 0.8529
13237.0000 775 662 0.8542
13239.0000 775 663 0.8555
13246.0000 775 664 0.8568
13251.0000 776 664 0.8557
13260.0000 776 665 0.8570
13269.0000 777 665 0.8559
13270.0000 777 666 0.8571
13285.0000 778 666 0.8560
13296.0000 778 667 0.8573
13301.0000 779 667 0.8562
13317.0000 780 667 0.8551
13317.0000 780 668 0.8564
13336.0000 781 668 0.8553
13338.0000 781 669 0.8566
13354.0000 782 669 0.8555
13369.0000 783 669 0.8544
13384.0000 784 669 0.8533
13394.0000 784 670 0.8546
13399.0000 785 670 0.8535
13402.0000 785 671 0.8548
13414.0000 786 671 0.8537
13423.0000 786 672 0.8550
13424.0000 786 673 0.8562
13424.0000 786 674 0.8575
13426.0000 786 675 0.8588
13429.0000 787 675 0.8577
13430.0000 787 676 0.8590
13444.0000 788 676 0.8579
13461.0000 789 676 0.8568
13471.0000 789 677 0.8580
13473.0000 789 678 0.8593
13476.0000 790 678 0.8582
13484.0000 790 679 0.8595
13485.0000 790 680 0.8608
13491.0000 791 680 0.8597
13503.0000 791 681 0.8609
13506.0000 791 682 0.8622
13507.0000 791 683 0.8635
13508.0000 792 683 0.8624
13521.0000 792 684 0.8636
13523.0000 793 684 0.8625
13526.0000 793 685 0.8638
13531.0000 793 686 0.8651
13542.0000 794 686 0.8640
13545.0000 794 687 0.8652
13552.0000 794 688 0.8665
13559.0000 795 688 0.8654
13574.0000 796 688 0.8643
13591.0000 797 688 0.8632
13597.0000 797 689 0.8645
13609.0000 798 689 0.8634
13611.0000 798 690 0.8647
13628.0000 799 690 0.8636
13634.0000 799 691 0.8648
13635.0000 799 692 0.8661
13643.0000 800 692 0.8650
13661.0000 801 692 0.8639
13661.0000 801 693 0.8652
13676.0000 801 694 0.8664
13677.0000 802 694 0.8653
13685.0000 802 695 0.8666
13686.0000 802 696 0.8678
13693.0000 803 696 0.8667
13694.0000 803 697 0.8680
13705.0000 803 698 0.8692
13710.0000 804 698 0.8682
13721.0000 804 699 0.8694
13729.0000 805 699 0.8683
13737.0000 805 700 0.8696
13746.0000 806 700 0.8685
13765.0000 807 700 0.8674
13781.0000 808 700 0.8663
13791.0000 808 701 0.8676
13796.0000 809 701 0.8665
13798.0000 809 702 0.8677
13800.0000 809 703 0.8690
13810.0000 809 704 0.8702
13813.0000 810 704 0.8691
13829.0000 811 704 0.8681
13834.0000 811 705 0.8693
13848.0000 812 705 0.8682
13867.0000 813 705 0.8672
13882.0000 814 705 0.8661
13897.0000 815 705 0.8650
13897.0000 815 706 0.8663
13913.0000 816 706 0.8652
13913.0000 816 707 0.8664
13930.0000 816 708 0.8676
13932.0000 817 708 0.8666
13937.0000 817 709 0.8678
13937.0000 817 710 0.8690
13948.0000 818 710 0.8680
13963.0000 819 710 0.8669
13979.0000 820 710 0.8659
13994.0000 821 710 0.8648
13998.0000 821 711 0.8660
14012.0000 822 711 0.8650
14023.0000 822 712 0.8662
14027.0000 823 712 0.8651
14038.0000 823 713 0.8663
14044.0000 824 713 0.8653
14055.0000 824 714 0.8665
14059.0000 825 714 0.8655
14075.0000 826 714 0.8644
14094.0000 827 714 0.8634
14094.0000 827 715 0.8646
14099.0000 827 716 0.8658
14102.0000 827 717 0.8670
14109.0000 828 717 0.8659
14110.0000 828 718 0.8671
14110.0000 828 719 0.8684
14117.0000 828 720 0.8696
14118.0000 828 721 0.8708
14124.0000 829 721 0.8697
14125.0000 829 722 0.8709
14140.0000 830 722 0.8699
14158.0000 831 722 0.8688
14174.0000 832 722 0.8678
14184.0000 832 723 0.8690
14193.0000 833 723 0.8679
14194.0000 833 724 0.8691
14210.0000 834 724 0.8681
14223.0000 834 725 0.8693
14225.0000 835 725 0.8683
14226.0000 835 726 0.8695
14228.0000 835 727 0.8707
14240.0000 836 727 0.8696
14240.0000 836 728 0.8708
14241.0000 836 729 0.8720
14252.0000 836 730 0.8732
14259.0000 837 730 0.8722
14263.0000 837 731 0.8734
14271.0000 837 732 0.8746
14278.0000 838 732 0.8735
14280.0000 838 733 0.8747
14294.0000 839 733 0.8737
14305.0000 839 734 0.8749
14311.0000 839 735 0.8760
14313.0000 840 735 0.8750
14314.0000 840 736 0.8762
14317.0000 840 737 0.8774
14330.0000 841 737 0.8763
14333.0000 841 738 0.8775
14337.0000 841 739 0.8787
14345.0000 842 739 0.8777
14360.0000 843 739 0.8766
14377.0000 843 740 0.8778
14379.0000 844 740 0.8768
14396.0000 845 740 0.8757
