# time  created  delivered  delivered/created
19.0000 1 0 0.0000
34.0000 2 0 0.0000
51.0000 3 0 0.0000
53.0000 3 1 0.3333
58.0000 3 2 0.6667
70.0000 4 2 0.5000
87.0000 5 2 0.4000
88.0000 5 3 0.6000
99.0000 5 4 0.8000
103.0000 6 4 0.6667
105.0000 6 5 0.8333
112.0000 6 6 1.0000
120.0000 7 6 0.8571
130.0000 7 7 1.0000
136.0000 8 7 0.8750
152.0000 8 8 1.0000
155.0000 9 8 0.8889
173.0000 10 8 0.8000
192.0000 11 8 0.7273
208.0000 12 8 0.6667
210.0000 12 9 0.7500
227.0000 13 9 0.6923
235.0000 13 10 0.7692
245.0000 14 10 0.7143
261.0000 15 10 0.6667
276.0000 16 10 0.6250
278.0000 16 11 0.6875
289.0000 16 12 0.7500
293.0000 17 12 0.7059
294.0000 17 13 0.7647
309.0000 18 13 0.7222
328.0000 19 13 0.6842
329.0000 19 14 0.7368
346.0000 20 14 0.7000
365.0000 21 14 0.6667
380.0000 22 14 0.6364
395.0000 23 14 0.6087
410.0000 24 14 0.5833
414.0000 24 15 0.6250
429.0000 25 15 0.6000
445.0000 26 15 0.5769
461.0000 27 15 0.5556
469.0000 27 16 0.5926
480.0000 28 16 0.5714
497.0000 29 16 0.5517
515.0000 30 16 0.5333
519.0000 30 17 0.5667
534.0000 31 17 0.5484
553.0000 32 17 0.5313
570.0000 33 17 0.5152
588.0000 34 17 0.5000
603.0000 34 18 0.5294
607.0000 35 18 0.5143
622.0000 36 18 0.5000
638.0000 37 18 0.4865
656.0000 38 18 0.4737
671.0000 39 18 0.4615
688.0000 40 18 0.4500
707.0000 41 18 0.4390
711.0000 41 19 0.4634
726.0000 42 19 0.4524
741.0000 43 19 0.4419
750.0000 43 20 0.4651
760.0000 44 20 0.4545
779.0000 45 20 0.4444
793.0000 45 21 0.4667
798.0000 46 21 0.4565
813.0000 47 21 0.4468
828.0000 48 21 0.4375
846.0000 49 21 0.4286
861.0000 50 21 0.4200
876.0000 51 21 0.4118
881.0000 51 22 0.4314
885.0000 51 23 0.4510
895.0000 52 23 0.4423
910.0000 52 24 0.4615
914.0000 53 24 0.4528
933.0000 54 24 0.4444
952.0000 55 24 0.4364
969.0000 56 24 0.4286
986.0000 57 24 0.4211
987.0000 57 25 0.4386
1004.0000 58 25 0.4310
1022.0000 59 25 0.4237
1038.0000 60 25 0.4167
1040.0000 60 26 0.4333
1057.0000 61 26 0.4262
1076.0000 62 26 0.4194
1095.0000 63 26 0.4127
1097.0000 63 27 0.4286
1111.0000 64 27 0.4219
1126.0000 65 27 0.4154
1128.0000 65 28 0.4308
1143.0000 66 28 0.4242
1160.0000 67 28 0.4179
1179.0000 68 28 0.4118
1182.0000 68 29 0.4265
1194.0000 68 30 0.4412
1196.0000 69 30 0.4348
1198.0000 69 31 0.4493
1203.0000 69 32 0.4638
1214.0000 70 32 0.4571
1223.0000 70 33 0.4714
1224.0000 70 34 0.4857
1232.0000 71 34 0.4789
1234.0000 71 35 0.4930
1245.0000 71 36 0.5070
1248.0000 71 37 0.5211
1251.0000 72 37 0.5139
1270.0000 73 37 0.5068
1270.0000 73 38 0.5205
1287.0000 74 38 0.5135
1288.0000 74 39 0.5270
1305.0000 75 39 0.5200
1321.0000 76 39 0.5132
1336.0000 77 39 0.5065
1339.0000 77 40 0.5195
1352.0000 78 40 0.5128
1368.0000 79 40 0.5063
1369.0000 79 41 0.5190
1386.0000 80 41 0.5125
1401.0000 81 41 0.5062
1420.0000 82 41 0.5000
1438.0000 83 41 0.4940
1453.0000 84 41 0.4881
1468.0000 85 41 0.4824
1471.0000 85 42 0.4941
1484.0000 86 42 0.4884
1485.0000 86 43 0.5000
1495.0000 86 44 0.5116
1502.0000 87 44 0.5057
1510.0000 87 45 0.5172
1517.0000 88 45 0.5114
1536.0000 89 45 0.5056
1537.0000 89 46 0.5169
1547.0000 89 47 0.5281
1552.0000 90 47 0.5222
1570.0000 91 47 0.5165
1571.0000 91 48 0.5275
1586.0000 92 48 0.5217
1590.0000 92 49 0.5326
1601.0000 93 49 0.5269
1617.0000 94 49 0.5213
1629.0000 94 50 0.5319
1634.0000 95 50 0.5263
1649.0000 96 50 0.5208
1668.0000 97 50 0.5155
1684.0000 98 50 0.5102
1688.0000 98 51 0.5204
1690.0000 98 52 0.5306
1698.0000 98 53 0.5408
1703.0000 99 53 0.5354
1718.0000 100 53 0.5300
1731.0000 100 54 0.5400
1735.0000 101 54 0.5347
1739.0000 101 55 0.5446
1750.0000 102 55 0.5392
1765.0000 103 55 0.5340
1783.0000 104 55 0.5288
1802.0000 105 55 0.5238
1809.0000 105 56 0.5333
1818.0000 106 56 0.5283
1833.0000 107 56 0.5234
1848.0000 108 56 0.5185
1863.0000 109 56 0.5138
1863.0000 109 57 0.5229
1878.0000 109 58 0.5321
1881.0000 110 58 0.5273
1900.0000 111 58 0.5225
1918.0000 112 58 0.5179
1934.0000 112 59 0.5268
1937.0000 113 59 0.5221
1954.0000 114 59 0.5175
1970.0000 115 59 0.5130
1989.0000 116 59 0.5086
2008.0000 117 59 0.5043
2024.0000 118 59 0.5000
2038.0000 118 60 0.5085
2043.0000 119 60 0.5042
2052.0000 119 61 0.5126
2059.0000 119 62 0.5210
2061.0000 120 62 0.5167
2073.0000 120 63 0.5250
2076.0000 121 63 0.5207
2079.0000 121 64 0.5289
2090.0000 121 65 0.5372
2095.0000 122 65 0.5328
2107.0000 122 66 0.5410
2112.0000 123 66 0.5366
2131.0000 124 66 0.5323
2148.0000 125 66 0.5280
2163.0000 126 66 0.5238
2179.0000 127 66 0.5197
2195.0000 128 66 0.5156
2213.0000 129 66 0.5116
2232.0000 130 66 0.5077
2243.0000 130 67 0.5154
2247.0000 130 68 0.5231
2248.0000 131 68 0.5191
2264.0000 132 68 0.5152
2269.0000 132 69 0.5227
2270.0000 132 70 0.5303
2272.0000 132 71 0.5379
2283.0000 133 71 0.5338
2293.0000 133 72 0.5414
2297.0000 133 73 0.5489
2302.0000 134 73 0.5448
2309.0000 134 74 0.5522
2321.0000 135 74 0.5481
2336.0000 136 74 0.5441
2341.0000 136 75 0.5515
2352.0000 137 75 0.5474
2367.0000 138 75 0.5435
2385.0000 139 75 0.5396
2398.0000 139 76 0.5468
2404.0000 140 76 0.5429
2423.0000 141 76 0.5390
2430.0000 141 77 0.5461
2437.0000 141 78 0.5532
2438.0000 142 78 0.5493
2440.0000 142 79 0.5563
2443.0000 142 80 0.5634
2456.0000 143 80 0.5594
2463.0000 143 81 0.5664
2468.0000 143 82 0.5734
2469.0000 143 83 0.5804
2472.0000 144 83 0.5764
2480.0000 144 84 0.5833
2483.0000 144 85 0.5903
2489.0000 145 85 0.5862
2507.0000 146 85 0.5822
2508.0000 146 86 0.5890
2523.0000 147 86 0.5850
2525.0000 147 87 0.5918
2531.0000 147 88 0.5986
2538.0000 148 88 0.5946
2540.0000 148 89 0.6014
2557.0000 149 89 0.5973
2569.0000 149 90 0.6040
2575.0000 150 90 0.6000
2583.0000 150 91 0.6067
2587.0000 150 92 0.6133
2591.0000 151 92 0.6093
2606.0000 152 92 0.6053
2622.0000 152 93 0.6118
2623.0000 153 93 0.6078
2624.0000 153 94 0.6144
2640.0000 154 94 0.6104
2655.0000 155 94 0.6065
2661.0000 155 95 0.6129
2671.0000 156 95 0.6090
2689.0000 157 95 0.6051
2706.0000 158 95 0.6013
2708.0000 158 96 0.6076
2725.0000 159 96 0.6038
2730.0000 159 97 0.6101
2741.0000 160 97 0.6063
2757.0000 161 97 0.6025
2772.0000 162 97 0.5988
2774.0000 162 98 0.6049
2787.0000 163 98 0.6012
2802.0000 164 98 0.5976
2817.0000 165 98 0.5939
2835.0000 166 98 0.5904
2850.0000 166 99 0.5964
2853.0000 167 99 0.5928
2868.0000 168 99 0.5893
2886.0000 169 99 0.5858
2902.0000 170 99 0.5824
2917.0000 171 99 0.5789
2933.0000 172 99 0.5756
2935.0000 172 100 0.5814
2952.0000 173 100 0.5780
2968.0000 174 100 0.5747
2973.0000 174 101 0.5805
2984.0000 175 101 0.5771
2998.0000 175 102 0.5829
3000.0000 176 102 0.5795
3015.0000 177 102 0.5763
3031.0000 178 102 0.5730
3032.0000 178 103 0.5787
3043.0000 178 104 0.5843
3046.0000 178 105 0.5899
3047.0000 178 106 0.5955
3050.0000 179 106 0.5922
3052.0000 179 107 0.5978
3053.0000 179 108 0.6034
3056.0000 179 109 0.6089
3065.0000 180 109 0.6056
3069.0000 180 110 0.6111
3080.0000 181 110 0.6077
3080.0000 181 111 0.6133
3081.0000 181 112 0.6188
3084.0000 181 113 0.6243
3089.0000 181 114 0.6298
3094.0000 181 115 0.6354
3097.0000 182 115 0.6319
3116.0000 183 115 0.6284
3135.0000 184 115 0.6250
3153.0000 185 115 0.6216
3170.0000 186 115 0.6183
3171.0000 186 116 0.6237
3182.0000 186 117 0.6290
3184.0000 186 118 0.6344
3185.0000 187 118 0.6310
3202.0000 188 118 0.6277
3219.0000 189 118 0.6243
3235.0000 190 118 0.6211
3251.0000 191 118 0.6178
3261.0000 191 119 0.6230
3270.0000 192 119 0.6198
3289.0000 193 119 0.6166
3308.0000 194 119 0.6134
3318.0000 194 120 0.6186
3323.0000 195 120 0.6154
3324.0000 195 121 0.6205
3324.0000 195 122 0.6256
3338.0000 196 122 0.6224
3357.0000 197 122 0.6193
3360.0000 197 123 0.6244
3373.0000 198 123 0.6212
3382.0000 198 124 0.6263
3388.0000 199 124 0.6231
3397.0000 199 125 0.6281
3400.0000 199 126 0.6332
3405.0000 199 127 0.6382
3407.0000 200 127 0.6350
3407.0000 200 128 0.6400
3425.0000 201 128 0.6368
3442.0000 202 128 0.6337
3456.0000 202 129 0.6386
3458.0000 203 129 0.6355
3460.0000 203 130 0.6404
3465.0000 203 131 0.6453
3475.0000 204 131 0.6422
3476.0000 204 132 0.6471
3485.0000 204 133 0.6520
3492.0000 205 133 0.6488
3492.0000 205 134 0.6537
3511.0000 206 134 0.6505
3529.0000 207 134 0.6473
3544.0000 207 135 0.6522
3546.0000 207 136 0.6570
3547.0000 208 136 0.6538
3566.0000 209 136 0.6507
3577.0000 209 137 0.6555
3578.0000 209 138 0.6603
3581.0000 210 138 0.6571
3590.0000 210 139 0.6619
3593.0000 210 140 0.6667
3600.0000 211 140 0.6635
3601.0000 211 141 0.6682
3608.0000 211 142 0.6730
3612.0000 211 143 0.6777
3614.0000 211 144 0.6825
3615.0000 211 145 0.6872
3617.0000 212 145 0.6840
3631.0000 212 146 0.6887
3632.0000 213 146 0.6854
3635.0000 213 147 0.6901
3641.0000 213 148 0.6948
3642.0000 213 149 0.6995
3648.0000 214 149 0.6963
3653.0000 214 150 0.7009
3654.0000 214 151 0.7056
3665.0000 215 151 0.7023
3665.0000 215 152 0.7070
3665.0000 215 153 0.7116
3680.0000 216 153 0.7083
3691.0000 216 154 0.7130
3695.0000 217 154 0.7097
3710.0000 218 154 0.7064
3729.0000 219 154 0.7032
3739.0000 219 155 0.7078
3748.0000 220 155 0.7045
3766.0000 221 155 0.7014
3784.0000 222 155 0.6982
3786.0000 222 156 0.7027
3802.0000 223 156 0.6996
3815.0000 223 157 0.7040
3821.0000 224 157 0.7009
3835.0000 224 158 0.7054
3838.0000 225 158 0.7022
3856.0000 226 158 0.6991
3863.0000 226 159 0.7035
3874.0000 227 159 0.7004
3875.0000 227 160 0.7048
3881.0000 227 161 0.7093
3892.0000 228 161 0.7061
3909.0000 229 161 0.7031
3911.0000 229 162 0.7074
3926.0000 230 162 0.7043
3930.0000 230 163 0.7087
3945.0000 231 163 0.7056
3946.0000 231 164 0.7100
3960.0000 232 164 0.7069
3978.0000 233 164 0.7039
3982.0000 233 165 0.7082
3995.0000 234 165 0.7051
4010.0000 234 166 0.7094
4014.0000 235 166 0.7064
4033.0000 236 166 0.7034
4034.0000 236 167 0.7076
4052.0000 237 167 0.7046
4069.0000 238 167 0.7017
4087.0000 239 167 0.6987
4105.0000 240 167 0.6958
4124.0000 241 167 0.6929
4140.0000 242 167 0.6901
4145.0000 242 168 0.6942
4158.0000 243 168 0.6914
4177.0000 244 168 0.6885
4195.0000 245 168 0.6857
4214.0000 246 168 0.6829
4232.0000 247 168 0.6802
4235.0000 247 169 0.6842
4238.0000 247 170 0.6883
4243.0000 247 171 0.6923
4251.0000 248 171 0.6895
4267.0000 249 171 0.6867
4282.0000 250 171 0.6840
4283.0000 250 172 0.6880
4298.0000 251 172 0.6853
4311.0000 251 173 0.6892
4315.0000 252 173 0.6865
4330.0000 253 173 0.6838
4345.0000 254 173 0.6811
4362.0000 255 173 0.6784
4363.0000 255 174 0.6824
4378.0000 256 174 0.6797
4396.0000 257 174 0.6770
4397.0000 257 175 0.6809
4404.0000 257 176 0.6848
4412.0000 258 176 0.6822
4424.0000 258 177 0.6860
4429.0000 259 177 0.6834
4436.0000 259 178 0.6873
4448.0000 260 178 0.6846
4465.0000 261 178 0.6820
4472.0000 261 179 0.6858
4481.0000 262 179 0.6832
4482.0000 262 180 0.6870
4496.0000 263 180 0.6844
4496.0000 263 181 0.6882
4501.0000 263 182 0.6920
4508.0000 263 183 0.6958
4511.0000 264 183 0.6932
4513.0000 264 184 0.6970
4526.0000 265 184 0.6943
4543.0000 266 184 0.6917
4558.0000 267 184 0.6891
4562.0000 267 185 0.6929
4576.0000 268 185 0.6903
4582.0000 268 186 0.6940
4583.0000 268 187 0.6978
4593.0000 269 187 0.6952
4611.0000 270 187 0.6926
4611.0000 270 188 0.6963
4629.0000 271 188 0.6937
4640.0000 271 189 0.6974
4645.0000 272 189 0.6949
4662.0000 272 190 0.6985
4664.0000 273 190 0.6960
4664.0000 273 191 0.6996
4678.0000 273 192 0.7033
4682.0000 274 192 0.7007
4686.0000 274 193 0.7044
4691.0000 274 194 0.7080
4697.0000 275 194 0.7055
4702.0000 275 195 0.7091
4704.0000 275 196 0.7127
4712.0000 276 196 0.7101
4724.0000 276 197 0.7138
4730.0000 277 197 0.7112
4746.0000 277 198 0.7148
4748.0000 278 198 0.7122
4748.0000 278 199 0.7158
4749.0000 278 200 0.7194
4759.0000 278 201 0.7230
4765.0000 279 201 0.7204
4782.0000 280 201 0.7179
4797.0000 281 201 0.7153
4816.0000 282 201 0.7128
4823.0000 282 202 0.7163
4833.0000 283 202 0.7138
4850.0000 284 202 0.7113
4865.0000 285 202 0.7088
4881.0000 286 202 0.7063
4897.0000 287 202 0.7038
4915.0000 288 202 0.7014
4932.0000 289 202 0.6990
4948.0000 290 202 0.6966
4951.0000 290 203 0.7000
4958.0000 290 204 0.7034
4965.0000 291 204 0.7010
4984.0000 292 204 0.6986
4987.0000 292 205 0.7021
5001.0000 292 206 0.7055
5002.0000 293 206 0.7031
5012.0000 293 207 0.7065
5020.0000 294 207 0.7041
5039.0000 295 207 0.7017
5046.0000 295 208 0.7051
5048.0000 295 209 0.7085
5049.0000 295 210 0.7119
5050.0000 295 211 0.7153
5051.0000 295 212 0.7186
5057.0000 296 212 0.7162
5073.0000 297 212 0.7138
5086.0000 297 213 0.7172
5092.0000 298 213 0.7148
5109.0000 299 213 0.7124
5125.0000 299 214 0.7157
5128.0000 300 214 0.7133
5143.0000 300 215 0.7167
5146.0000 301 215 0.7143
5161.0000 302 215 0.7119
5169.0000 302 216 0.7152
5177.0000 303 216 0.7129
5185.0000 303 217 0.7162
5193.0000 304 217 0.7138
5211.0000 305 217 0.7115
5227.0000 306 217 0.7092
5237.0000 306 218 0.7124
5237.0000 306 219 0.7157
5244.0000 307 219 0.7134
5260.0000 308 219 0.7110
5278.0000 309 219 0.7087
5281.0000 309 220 0.7120
5283.0000 309 221 0.7152
5294.0000 310 221 0.7129
5313.0000 311 221 0.7106
5326.00