# time  created  delivered  delivered/created
19.0000 1 0 0.0000
34.0000 2 0 0.0000
50.0000 2 1 0.5000
51.0000 3 1 0.3333
57.0000 3 2 0.6667
70.0000 4 2 0.5000
87.0000 5 2 0.4000
99.0000 5 3 0.6000
103.0000 6 3 0.5000
108.0000 6 4 0.6667
120.0000 7 4 0.5714
136.0000 8 4 0.5000
136.0000 8 5 0.6250
147.0000 8 6 0.7500
155.0000 9 6 0.6667
173.0000 10 6 0.6000
192.0000 11 6 0.5455
202.0000 11 7 0.6364
208.0000 12 7 0.5833
210.0000 12 8 0.6667
227.0000 13 8 0.6154
231.0000 13 9 0.6923
245.0000 14 9 0.6429
250.0000 14 10 0.7143
261.0000 15 10 0.6667
269.0000 15 11 0.7333
276.0000 16 11 0.6875
286.0000 16 12 0.7500
293.0000 17 12 0.7059
294.0000 17 13 0.7647
309.0000 18 13 0.7222
328.0000 19 13 0.6842
329.0000 19 14 0.7368
340.0000 19 15 0.7895
346.0000 20 15 0.7500
365.0000 21 15 0.7143
376.0000 21 16 0.7619
380.0000 22 16 0.7273
395.0000 23 16 0.6957
402.0000 23 17 0.7391
410.0000 24 17 0.7083
419.0000 24 18 0.7500
420.0000 24 19 0.7917
429.0000 25 19 0.7600
445.0000 26 19 0.7308
461.0000 27 19 0.7037
467.0000 27 20 0.7407
480.0000 28 20 0.7143
497.0000 29 20 0.6897
515.0000 30 20 0.6667
534.0000 31 20 0.6452
536.0000 31 21 0.6774
553.0000 32 21 0.6563
570.0000 33 21 0.6364
588.0000 34 21 0.6176
599.0000 34 22 0.6471
607.0000 35 22 0.6286
622.0000 36 22 0.6111
637.0000 36 23 0.6389
638.0000 37 23 0.6216
656.0000 38 23 0.6053
671.0000 39 23 0.5897
688.0000 40 23 0.5750
707.0000 41 23 0.5610
708.0000 41 24 0.5854
726.0000 42 24 0.5714
741.0000 43 24 0.5581
760.0000 44 24 0.5455
779.0000 45 24 0.5333
798.0000 46 24 0.5217
813.0000 47 24 0.5106
828.0000 48 24 0.5000
846.0000 49 24 0.4898
850.0000 49 25 0.5102
861.0000 50 25 0.5000
876.0000 51 25 0.4902
882.0000 51 26 0.5098
895.0000 52 26 0.5000
914.0000 53 26 0.4906
923.0000 53 27 0.5094
933.0000 54 27 0.5000
936.0000 54 28 0.5185
952.0000 55 28 0.5091
969.0000 56 28 0.5000
977.0000 56 29 0.5179
986.0000 57 29 0.5088
987.0000 57 30 0.5263
989.0000 57 31 0.5439
998.0000 57 32 0.5614
1004.0000 58 32 0.5517
1005.0000 58 33 0.5690
1022.0000 59 33 0.5593
1038.0000 60 33 0.5500
1057.0000 61 33 0.5410
1076.0000 62 33 0.5323
1095.0000 63 33 0.5238
1097.0000 63 34 0.5397
1098.0000 63 35 0.5556
1098.0000 63 36 0.5714
1100.0000 63 37 0.5873
1106.0000 63 38 0.6032
1110.0000 63 39 0.6190
1111.0000 64 39 0.6094
1115.0000 64 40 0.6250
1126.0000 65 40 0.6154
1143.0000 66 40 0.6061
1160.0000 67 40 0.5970
1179.0000 68 40 0.5882
1181.0000 68 41 0.6029
1196.0000 69 41 0.5942
1198.0000 69 42 0.6087
1202.0000 69 43 0.6232
1214.0000 70 43 0.6143
1232.0000 71 43 0.6056
1234.0000 71 44 0.6197
1242.0000 71 45 0.6338
1251.0000 72 45 0.6250
1262.0000 72 46 0.6389
1270.0000 73 46 0.6301
1287.0000 74 46 0.6216
1294.0000 74 47 0.6351
1305.0000 75 47 0.6267
1307.0000 75 48 0.6400
1309.0000 75 49 0.6533
1321.0000 76 49 0.6447
1336.0000 77 49 0.6364
1340.0000 77 50 0.6494
1352.0000 78 50 0.6410
1368.0000 79 50 0.6329
1381.0000 79 51 0.6456
1386.0000 80 51 0.6375
1401.0000 81 51 0.6296
1413.0000 81 52 0.6420
1415.0000 81 53 0.6543
1417.0000 81 54 0.6667
1420.0000 82 54 0.6585
1434.0000 82 55 0.6707
1438.0000 83 55 0.6627
1442.0000 83 56 0.6747
1453.0000 84 56 0.6667
1468.0000 85 56 0.6588
1473.0000 85 57 0.6706
1484.0000 86 57 0.6628
1487.0000 86 58 0.6744
1502.0000 87 58 0.6667
1517.0000 88 58 0.6591
1536.0000 89 58 0.6517
1552.0000 90 58 0.6444
1570.0000 91 58 0.6374
1571.0000 91 59 0.6484
1586.0000 92 59 0.6413
1587.0000 92 60 0.6522
1601.0000 93 60 0.6452
1617.0000 94 60 0.6383
1634.0000 95 60 0.6316
1649.0000 96 60 0.6250
1668.0000 97 60 0.6186
1684.0000 98 60 0.6122
1703.0000 99 60 0.6061
1718.0000 100 60 0.6000
1735.0000 101 60 0.5941
1738.0000 101 61 0.6040
1740.0000 101 62 0.6139
1750.0000 102 62 0.6078
1765.0000 103 62 0.6019
1774.0000 103 63 0.6117
1783.0000 104 63 0.6058
1783.0000 104 64 0.6154
1783.0000 104 65 0.6250
1788.0000 104 66 0.6346
1797.0000 104 67 0.6442
1802.0000 105 67 0.6381
1818.0000 106 67 0.6321
1825.0000 106 68 0.6415
1833.0000 107 68 0.6355
1848.0000 108 68 0.6296
1855.0000 108 69 0.6389
1863.0000 109 69 0.6330
1881.0000 110 69 0.6273
1900.0000 111 69 0.6216
1901.0000 111 70 0.6306
1918.0000 112 70 0.6250
1926.0000 112 71 0.6339
1933.0000 112 72 0.6429
1935.0000 112 73 0.6518
1937.0000 113 73 0.6460
1939.0000 113 74 0.6549
1944.0000 113 75 0.6637
1954.0000 114 75 0.6579
1970.0000 115 75 0.6522
1974.0000 115 76 0.6609
1989.0000 116 76 0.6552
2008.0000 117 76 0.6496
2024.0000 118 76 0.6441
2025.0000 118 77 0.6525
2027.0000 118 78 0.6610
2043.0000 119 78 0.6555
2061.0000 120 78 0.6500
2076.0000 121 78 0.6446
2078.0000 121 79 0.6529
2095.0000 122 79 0.6475
2097.0000 122 80 0.6557
2111.0000 122 81 0.6639
2112.0000 123 81 0.6585
2122.0000 123 82 0.6667
2131.0000 124 82 0.6613
2148.0000 125 82 0.6560
2163.0000 126 82 0.6508
2179.0000 127 82 0.6457
2195.0000 128 82 0.6406
2196.0000 128 83 0.6484
2198.0000 128 84 0.6563
2204.0000 128 85 0.6641
2206.0000 128 86 0.6719
2207.0000 128 87 0.6797
2213.0000 129 87 0.6744
2223.0000 129 88 0.6822
2225.0000 129 89 0.6899
2232.0000 130 89 0.6846
2248.0000 131 89 0.6794
2251.0000 131 90 0.6870
2264.0000 132 90 0.6818
2283.0000 133 90 0.6767
2302.0000 134 90 0.6716
2321.0000 135 90 0.6667
2336.0000 136 90 0.6618
2341.0000 136 91 0.6691
2351.0000 136 92 0.6765
2352.0000 137 92 0.6715
2356.0000 137 93 0.6788
2367.0000 138 93 0.6739
2380.0000 138 94 0.6812
2385.0000 139 94 0.6763
2404.0000 140 94 0.6714
2418.0000 140 95 0.6786
2423.0000 141 95 0.6738
2438.0000 142 95 0.6690
2456.0000 143 95 0.6643
2462.0000 143 96 0.6713
2472.0000 144 96 0.6667
2489.0000 145 96 0.6621
2491.0000 145 97 0.6690
2507.0000 146 97 0.6644
2510.0000 146 98 0.6712
2523.0000 147 98 0.6667
2524.0000 147 99 0.6735
2525.0000 147 100 0.6803
2538.0000 148 100 0.6757
2541.0000 148 101 0.6824
2551.0000 148 102 0.6892
2557.0000 149 102 0.6846
2557.0000 149 103 0.6913
2566.0000 149 104 0.6980
2575.0000 150 104 0.6933
2586.0000 150 105 0.7000
2591.0000 151 105 0.6954
2606.0000 152 105 0.6908
2609.0000 152 106 0.6974
2610.0000 152 107 0.7039
2623.0000 153 107 0.6993
2640.0000 154 107 0.6948
2655.0000 155 107 0.6903
2666.0000 155 108 0.6968
2671.0000 156 108 0.6923
2672.0000 156 109 0.6987
2689.0000 157 109 0.6943
2700.0000 157 110 0.7006
2703.0000 157 111 0.7070
2705.0000 157 112 0.7134
2706.0000 158 112 0.7089
2707.0000 158 113 0.7152
2714.0000 158 114 0.7215
2725.0000 159 114 0.7170
2734.0000 159 115 0.7233
2741.0000 160 115 0.7188
2745.0000 160 116 0.7250
2757.0000 161 116 0.7205
2758.0000 161 117 0.7267
2763.0000 161 118 0.7329
2772.0000 162 118 0.7284
2786.0000 162 119 0.7346
2787.0000 163 119 0.7301
2794.0000 163 120 0.7362
2798.0000 163 121 0.7423
2802.0000 164 121 0.7378
2810.0000 164 122 0.7439
2817.0000 165 122 0.7394
2820.0000 165 123 0.7455
2835.0000 166 123 0.7410
2837.0000 166 124 0.7470
2853.0000 167 124 0.7425
2868.0000 168 124 0.7381
2877.0000 168 125 0.7440
2886.0000 169 125 0.7396
2897.0000 169 126 0.7456
2902.0000 170 126 0.7412
2912.0000 170 127 0.7471
2912.0000 170 128 0.7529
2917.0000 171 128 0.7485
2928.0000 171 129 0.7544
2933.0000 172 129 0.7500
2941.0000 172 130 0.7558
2948.0000 172 131 0.7616
2952.0000 173 131 0.7572
2955.0000 173 132 0.7630
2963.0000 173 133 0.7688
2968.0000 174 133 0.7644
2976.0000 174 134 0.7701
2984.0000 175 134 0.7657
2986.0000 175 135 0.7714
2992.0000 175 136 0.7771
2996.0000 175 137 0.7829
3000.0000 176 137 0.7784
3011.0000 176 138 0.7841
3015.0000 177 138 0.7797
3029.0000 177 139 0.7853
3031.0000 178 139 0.7809
3032.0000 178 140 0.7865
3035.0000 178 141 0.7921
3036.0000 178 142 0.7978
3041.0000 178 143 0.8034
3050.0000 179 143 0.7989
3059.0000 179 144 0.8045
3065.0000 180 144 0.8000
3080.0000 181 144 0.7956
3081.0000 181 145 0.8011
3097.0000 182 145 0.7967
3116.0000 183 145 0.7923
3116.0000 183 146 0.7978
3123.0000 183 147 0.8033
3124.0000 183 148 0.8087
3135.0000 184 148 0.8043
3150.0000 184 149 0.8098
3153.0000 185 149 0.8054
3170.0000 186 149 0.8011
3185.0000 187 149 0.7968
3202.0000 188 149 0.7926
3212.0000 188 150 0.7979
3215.0000 188 151 0.8032
3219.0000 189 151 0.7989
3235.0000 190 151 0.7947
3250.0000 190 152 0.8000
3251.0000 191 152 0.7958
3270.0000 192 152 0.7917
3275.0000 192 153 0.7969
3289.0000 193 153 0.7927
3294.0000 193 154 0.7979
3308.0000 194 154 0.7938
3316.0000 194 155 0.7990
3323.0000 195 155 0.7949
3324.0000 195 156 0.8000
3338.0000 196 156 0.7959
3357.0000 197 156 0.7919
3373.0000 198 156 0.7879
3388.0000 199 156 0.7839
3397.0000 199 157 0.7889
3407.0000 200 157 0.7850
3411.0000 200 158 0.7900
3412.0000 200 159 0.7950
3413.0000 200 160 0.8000
3425.0000 201 160 0.7960
3425.0000 201 161 0.8010
3428.0000 201 162 0.8060
3429.0000 201 163 0.8109
3434.0000 201 164 0.8159
3442.0000 202 164 0.8119
3454.0000 202 165 0.8168
3455.0000 202 166 0.8218
3458.0000 203 166 0.8177
3461.0000 203 167 0.8227
3475.0000 204 167 0.8186
3492.0000 205 167 0.8146
3511.0000 206 167 0.8107
3529.0000 207 167 0.8068
3529.0000 207 168 0.8116
3547.0000 208 168 0.8077
3566.0000 209 168 0.8038
3567.0000 209 169 0.8086
3581.0000 210 169 0.8048
3600.0000 211 169 0.8009
3609.0000 211 170 0.8057
3617.0000 212 170 0.8019
3632.0000 213 170 0.7981
3634.0000 213 171 0.8028
3647.0000 213 172 0.8075
3648.0000 214 172 0.8037
3648.0000 214 173 0.8084
3665.0000 215 173 0.8047
3680.0000 216 173 0.8009
3688.0000 216 174 0.8056
3689.0000 216 175 0.8102
3695.0000 217 175 0.8065
3710.0000 218 175 0.8028
3729.0000 219 175 0.7991
3748.0000 220 175 0.7955
3766.0000 221 175 0.7919
3784.0000 222 175 0.7883
3792.0000 222 176 0.7928
3802.0000 223 176 0.7892
3807.0000 223 177 0.7937
3809.0000 223 178 0.7982
3812.0000 223 179 0.8027
3816.0000 223 180 0.8072
3821.0000 224 180 0.8036
3838.0000 225 180 0.8000
3839.0000 225 181 0.8044
3841.0000 225 182 0.8089
3856.0000 226 182 0.8053
3874.0000 227 182 0.8018
3888.0000 227 183 0.8062
3892.0000 228 183 0.8026
3894.0000 228 184 0.8070
3909.0000 229 184 0.8035
3912.0000 229 185 0.8079
3926.0000 230 185 0.8043
3933.0000 230 186 0.8087
3939.0000 230 187 0.8130
3943.0000 230 188 0.8174
3943.0000 230 189 0.8217
3945.0000 231 189 0.8182
3960.0000 232 189 0.8147
3963.0000 232 190 0.8190
3968.0000 232 191 0.8233
3978.0000 233 191 0.8197
3980.0000 233 192 0.8240
3989.0000 233 193 0.8283
3995.0000 234 193 0.8248
4014.0000 235 193 0.8213
4023.0000 235 194 0.8255
4033.0000 236 194 0.8220
4041.0000 236 195 0.8263
4043.0000 236 196 0.8305
4047.0000 236 197 0.8347
4048.0000 236 198 0.8390
4052.0000 237 198 0.8354
4069.0000 238 198 0.8319
4076.0000 238 199 0.8361
4087.0000 239 199 0.8326
4092.0000 239 200 0.8368
4105.0000 240 200 0.8333
4124.0000 241 200 0.8299
4140.0000 242 200 0.8264
4158.0000 243 200 0.8230
4175.0000 243 201 0.8272
4177.0000 244 201 0.8238
4189.0000 244 202 0.8279
4195.0000 245 202 0.8245
4198.0000 245 203 0.8286
4206.0000 245 204 0.8327
4214.0000 246 204 0.8293
4225.0000 246 205 0.8333
4232.0000 247 205 0.8300
4244.0000 247 206 0.8340
4251.0000 248 206 0.8306
4267.0000 249 206 0.8273
4282.0000 250 206 0.8240
4283.0000 250 207 0.8280
4284.0000 250 208 0.8320
4298.0000 251 208 0.8287
4312.0000 251 209 0.8327
4315.0000 252 209 0.8294
4330.0000 253 209 0.8261
4334.0000 253 210 0.8300
4342.0000 253 211 0.8340
4344.0000 253 212 0.8379
4345.0000 254 212 0.8346
4362.0000 255 212 0.8314
4378.0000 256 212 0.8281
4396.0000 257 212 0.8249
4397.0000 257 213 0.8288
4405.0000 257 214 0.8327
4412.0000 258 214 0.8295
4429.0000 259 214 0.8263
4448.0000 260 214 0.8231
4460.0000 260 215 0.8269
4462.0000 260 216 0.8308
4465.0000 261 216 0.8276
4481.0000 262 216 0.8244
4496.0000 263 216 0.8213
4511.0000 264 216 0.8182
4513.0000 264 217 0.8220
4526.0000 265 217 0.8189
4543.0000 266 217 0.8158
4549.0000 266 218 0.8195
4550.0000 266 219 0.8233
4558.0000 267 219 0.8202
4576.0000 268 219 0.8172
4580.0000 268 220 0.8209
4581.0000 268 221 0.8246
4593.0000 269 221 0.8216
4604.0000 269 222 0.8253
4611.0000 270 222 0.8222
4621.0000 270 223 0.8259
4629.0000 271 223 0.8229
4645.0000 272 223 0.8199
4659.0000 272 224 0.8235
4664.0000 273 224 0.8205
4666.0000 273 225 0.8242
4668.0000 273 226 0.8278
4682.0000 274 226 0.8248
4685.0000 274 227 0.8285
4696.0000 274 228 0.8321
4697.0000 275 228 0.8291
4702.0000 275 229 0.8327
4711.0000 275 230 0.8364
4712.0000 276 230 0.8333
4730.0000 277 230 0.8303
4735.0000 277 231 0.8339
4743.0000 277 232 0.8375
4748.0000 278 232 0.8345
4752.0000 278 233 0.8381
4753.0000 278 234 0.8417
4759.0000 278 235 0.8453
4760.0000 278 236 0.8489
4765.0000 279 236 0.8459
4782.0000 280 236 0.8429
4797.0000 281 236 0.8399
4814.0000 281 237 0.8434
4816.0000 282 237 0.8404
4818.0000 282 238 0.8440
4833.0000 283 238 0.8410
4844.0000 283 239 0.8445
4850.0000 284 239 0.8415
4852.0000 284 240 0.8451
4853.0000 284 241 0.8486
4865.0000 285 241 0.8456
4872.0000 285 242 0.8491
4881.0000 286 242 0.8462
4883.0000 286 243 0.8497
4897.0000 287 243 0.8467
4903.0000 287 244 0.8502
4915.0000 288 244 0.8472
4926.0000 288 245 0.8507
4932.0000 289 245 0.8478
4948.0000 290 245 0.8448
4965.0000 291 245 0.8419
4982.0000 291 246 0.8454
4984.0000 292 246 0.8425
5002.0000 293 246 0.8396
5019.0000 293 247 0.8430
5020.0000 294 247 0.8401
5032.0000 294 248 0.8435
5037.0000 294 249 0.8469
5039.0000 295 249 0.8441
5045.0000 295 250 0.8475
5057.0000 296 250 0.8446
5064.0000 296 251 0.8480
5070.0000 296 252 0.8514
5073.0000 297 252 0.8485
5092.0000 298 252 0.8456
5102.0000 298 253 0.8490
5109.0000 299 253 0.8462
5111.0000 299 254 0.8495
5128.0000 300 254 0.8467
5128.0000 300 255 0.8500
5146.0000 301 255 0.8472
5161.0000 302 255 0.8444
5162.0000 302 256 0.8477
5177.0000 303 256 0.8449
5177.0000 303 257 0.8482
5193.0000 304 257 0.8454
5209.0000 304 258 0.8487
5211.0000 305 258 0.8459
5227.0000 306 258 0.8431
5244.0000 307 258 0.8404
5260.0000 308 258 0.8377
5263.0000 308 259 0.8409
5278.0000 309 259 0.8382
5284.0000 309 260 0.8414
5294.0000 310 260 0.8387
5300.0000 310 261 0.8419
5313.0000 311 261 0.8392
5329.0000 312 261 0.8365
5348.0000 313 261 0.8339
5361.0000 313 262 0.8371
5364.0000 314 262 0.8344
5381.0000 315 262 0.8317
5390.0000 315 263 0.8349
5391.0000 315 264 0.8381
5397.0000 316 264 0.8354
5412.0000 317 264 0.8328
5413.0000 317 265 0.8360
5427.0000 317 266 0.8391
5431.0000 318 266 0.8365
5449.0000 319 266 0.8339
5458.0000 319 267 0.8370
5465.0000 320 267 0.8344
5483.0000 320 268 0.8375
5484.0000 321 268 0.8349
5496.0000 321 269 0.8380
5502.0000 322 269 0.8354
5503.0000 322 270 0.8385
5512.0000 322 271 0.8416
5519.0000 323 271 0.8390
5530.0000 323 272 0.8421
5535.0000 324 272 0.8395
5551.0000 325 272 0.8369
5553.0000 325 273 0.8400
5566.0000 326 273 0.8374
5585.0000 327 273 0.8349
5587.0000 327 274 0.8379
5601.0000 328 274 0.8354
5618.0000 329 274 0.8328
5618.0000 329 275 0.8359
5620.0000 329 276 0.8389
5625.0000 329 277 0.8419
5627.0000 329 278 0.8450
5637.0000 330 278 0.8424
5639.0000 330 279 0.8455
5644.0000 330 280 0.8485
5650.0000 330 281 0.8515
5654.0000 331 281 0.8489
5654.0000 331 282 0.8520
5672.0000 332 282 0.8494
5686.0000 332 283 0.8524
5690.0000 333 283 0.8498
5691.0000 333 284 0.8529
5695.0000 333 285 0.8559
5705.0000 334 285 0.8533
5705.0000 334 286 0.8563
5721.0000 335 286 0.8537
5722.0000 335 287 0.8567
5738.0000 336 287 0.8542
5740.0000 336 288 0.8571
5742.0000 336 289 0.8601
5745.0000 336 290 0.8631
5755.0000 337 290 0.8605
5771.0000 338 290 0.8580
5772.0000 338 291 0.8609
5787.0000 339 291 0.8584
5805.0000 340 291 0.8559
5823.0000 341 291 0.8534
5833.0000 341 292 0.8563
5840.0000 341 293 0.8592
5842.0000 342 293 0.8567
5856.0000 342 294 0.8596
5861.0000 343 294 0.8571
5863.0000 343 295 0.8601
5865.0000 343 296 0.8630
5866.0000 343 297 0.8659
5875.0000 343 298 0.8688
5879.0000 344 298 0.8663
5894.0000 345 298 0.8638
5894.0000 345 299 0.8667
5911.0000 346 299 0.8642
5914.0000 346 300 0.8671
5921.0000 346 301 0.8699
5930.0000 347 301 0.8674
5934.0000 347 302 0.8703
5945.0000 348 302 0.8678
5963.0000 349 302 0.8653
5966.0000 349 303 0.8682
5982.0000 350 303 0.8657
5983.0000 350 304 0.8686
5990.0000 350 305 0.8714
5992.0000 350 306 0.8743
5999.0000 351 306 0.8718
5999.0000 351 307 0.8746
6017.0000 351 308 0.8775
6018.0000 352 308 0.8750
6035.0000 353 308 0.8725
6053.0000 354 308 0.8701
6068.0000 355 308 0.8676
6083.0000 356 308 0.8652
6092.0000 356 309 0.8680
6102.0000 357 309 0.8655
6117.0000 358 309 0.8631
6134.0000 359 309 0.8607
6151.0000 360 309 0.8583
6164.0000 360 310 0.8611
6166.0000 361 310 0.8587
6178.0000 361 311 0.8615
6184.0000 362 311 0.8591
6196.0000 362 312 0.8619
6199.0000 362 313 0.8646
6203.0000 363 313 0.8623
6218.0000 364 313 0.8599
6222.0000 364 314 0.8626
6225.0000 364 315 0.8654
6237.0000 365 315 0.8630
6256.0000 366 315 0.8607
6257.0000 366 316 0.8634
6262.0000 366 317 0.8661
6271.0000 367 317 0.8638
6288.0000 368 317 0.8614
6307.0000 369 317 0.8591
6325.0000 370 317 0.8568
6331.0000 370 318 0.8595
6337.0000 370 319 0.8622
6341.0000 371 319 0.8598
6342.0000 371 320 0.8625
6356.0000 371 321 0.8652
6357.0000 372 321 0.8629
6357.0000 372 322 0.8656
6362.0000 372 323 0.8683
6373.0000 372 324 0.8710
6376.0000 373 324 0.8686
6379.0000 373 325 0.8713
6381.0000 373 326 0.8740
6391.0000 374 326 0.8717
6400.0000 374 327 0.8743
6401.0000 374 328 0.8770
6402.0000 374 329 0.8797
6406.0000 375 329 0.8773
6417.0000 375 330 0.8800
6424.0000 376 330 0.8777
6426.0000 376 331 0.8803
6436.0000 376 332 0.8830
6440.0000 377 332 0.8806
6445.0000 377 333 0.8833
6456.0000 378 333 0.8810
6474.0000 379 333 0.8786
6491.0000 380 333 0.8763
6506.0000 381 333 0.8740
6510.0000 381 334 0.8766
6521.0000 382 334 0.8743
6539.0000 383 334 0.8721
6556.0000 384 334 0.8698
6560.0000 384 335 0.8724
6563.0000 384 336 0.8750
6569.0000 384 337 0.8776
6572.0000 385 337 0.8753
6572.0000 385 338 0.8779
6574.0000 385 339 0.8805
6590.0000 386 339 0.8782
6592.0000 386 340 0.8808
6607.0000 387 340 0.8786
6616.0000 387 341 0.8811
6626.0000 388 341 0.8789
6631.0000 388 342 0.8814
6644.0000 389 342 0.8792
6663.0000 390 342 0.8769
6665.0000 390 343 0.8795
6674.0000 390 344 0.8821
6679.0000 391 344 0.8798
6685.0000 391 345 0.8824
6694.0000 392 345 0.8801
6713.0000 393 345 0.8779
6730.0000 394 345 0.8756
6746.0000 395 345 0.8734
6763.0000 396 345 0.8712
6774.0000 396 346 0.8737
6779.0000 397 346 0.8715
6783.0000 397 347 0.8741
6789.0000 397 348 0.8766
6796.0000 398 348 0.8744
6812.0000 399 348 0.8722
6827.0000 400 348 0.8700
6842.0000 401 348 0.8678
6860.0000 402 348 0.8657
6861.0000 402 349 0.8682
6877.0000 403 349 0.8660
6893.0000 404 349 0.8639
6902.0000 404 350 0.8663
6911.0000 405 350 0.8642
6917.0000 405 351 0.8667
6927.0000 406 351 0.8645
6929.0000 406 352 0.8670
6935.0000 406 353 0.8695
6941.0000 406 354 0.8719
6943.0000 407 354 0.8698
6959.0000 408 354 0.8676
6970.0000 408 355 0.8701
6976.0000 409 355 0.8680
6991.0000 410 355 0.8659
6996.0000 410 356 0.8683
6999.0000 410 357 0.8707
7002.0000 410 358 0.8732
7007.0000 411 358 0.8710
7008.0000 411 359 0.8735
7023.0000 412 359 0.8714
7024.0000 412 360 0.8738
7029.0000 412 361 0.8762
7032.0000 412 362 0.8786
7038.0000 413 362 0.8765
7041.0000 413 363 0.8789
7053.0000 414 363 0.8768
7054.0000 414 364 0.8792
7068.0000 415 364 0.8771
7068.0000 415 365 0.8795
7069.0000 415 366 0.8819
7083.0000 416 366 0.8798
7102.0000 417 366 0.8777
7104.0000 417 367 0.8801
7107.0000 417 368 0.8825
7121.0000 418 368 0.8804
7139.0000 419 368 0.8783
7141.0000 419 369 0.8807
7155.0000 420 369 0.8786
7167.0000 420 370 0.8810
7169.0000 420 371 0.8833
7172.0000 421 371 0.8812
7189.0000 421 372 0.8836
7190.0000 422 372 0.8815
7191.0000 422 373 0.8839
7191.0000 422 374 0.8863
7194.0000 422 375 0.8886
7201.0000 422 376 0.8910
7203.0000 422 377 0.8934
7206.0000 423 377 0.8913
7222.0000 424 377 0.8892
7234.0000 424 378 0.8915
7236.0000 424 379 0.8939
7239.0000 424 380 0.8962
7240.0000 425 380 0.8941
7241.0000 425 381 0.8965
7257.0000 426 381 0.8944
7262.0000 426 382 0.8967
7273.0000 427 382 0.8946
7275.0000 427 383 0.8970
7292.0000 428 383 0.8949
7309.0000 429 383 0.8928
7323.0000 429 384 0.8951
7324.0000 429 385 0.8974
7327.0000 430 385 0.8953
7345.0000 431 385 0.8933
7355.0000 431 386 0.8956
7358.0000 431 387 0.8979
7364.0000 432 387 0.8958
7380.0000 433 387 0.8938
7391.0000 433 388 0.8961
7399.0000 434 388 0.8940
7414.0000 435 388 0.8920
7429.0000 436 388 0.8899
7433.0000 436 389 0.8922
7434.0000 436 390 0.8945
7441.0000 436 391 0.8968
7446.0000 437 391 0.8947
7448.0000 437 392 0.8970
7465.0000 438 392 0.8950
7476.0000 438 393 0.8973
7482.0000 439 393 0.8952
7500.0000 440 393 0.8932
7508.0000 440 394 0.8955
7518.0000 441 394 0.8934
7537.0000 442 394 0.8914
7556.0000 443 394 0.8894
7564.0000 443 395 0.8916
7571.0000 444 395 0.8896
7575.0000 444 396 0.8919
7587.0000 445 396 0.8899
7604.0000 446 396 0.8879
7605.0000 446 397 0.8901
7619.0000 447 397 0.8881
7619.0000 447 398 0.8904
7635.0000 448 398 0.8884
7644.0000 448 399 0.8906
7654.0000 449 399 0.8886
7672.0000 450 399 0.8867
7691.0000 451 399 0.8847
7706.0000 452 399 0.8827
7706.0000 452 400 0.8850
7725.0000 453 400 0.8830
7742.0000 454 400 0.8811
7745.0000 454 401 0.8833
7757.0000 455 401 0.8813
7774.0000 456 401 0.8794
7781.0000 456 402 0.8816
7790.0000 457 402 0.8796
7795.0000 457 403 0.8818
7801.0000 457 404 0.8840
7806.0000 458 404 0.8821
7809.0000 458 405 0.8843
7811.0000 458 406 0.8865
7812.0000 458 407 0.8886
7824.0000 459 407 0.8867
7842.0000 460 407 0.8848
7859.0000 461 407 0.8829
7878.0000 462 407 0.8810
7880.0000 462 408 0.8831
7880.0000 462 409 0.8853
7882.0000 462 410 0.8874
7895.0000 463 410 0.8855
7897.0000 463 411 0.8877
7908.0000 463 412 0.8898
7910.0000 464 412 0.8879
7928.0000 465 412 0.8860
7938.0000 465 413 0.8882
7938.0000 465 414 0.8903
7939.0000 465 415 0.8925
7940.0000 465 416 0.8946
7942.0000 465 417 0.8968
7943.0000 466 417 0.8948
7943.0000 466 418 0.8970
7961.0000 467 418 0.8951
7977.0000 468 418 0.8932
7978.0000 468 419 0.8953
7983.0000 468 420 0.8974
7994.0000 469 420 0.8955
8003.0000 469 421 0.8977
8008.0000 469 422 0.8998
8013.0000 470 422 0.8979
8019.0000 470 423 0.9000
8021.0000 470 424 0.9021
8028.0000 471 424 0.9002
8046.0000 472 424 0.8983
8053.0000 472 425 0.9004
8056.0000 472 426 0.9025
8065.0000 473 426 0.9006
8067.0000 473 427 0.9027
8082.0000 474 427 0.9008
8092.0000 474 428 0.9030
8097.0000 475 428 0.9011
8113.0000 476 428 0.8992
8132.0000 477 428 0.8973
8147.0000 478 428 0.8954
8163.0000 479 428 0.8935
8175.0000 479 429 0.8956
8182.0000 480 429 0.8938
8192.0000 480 430 0.8958
8198.0000 481 430 0.8940
8214.0000 482 430 0.8921
8230.0000 483 430 0.8903
8247.0000 484 430 0.8884
8254.0000 484 431 0.8905
8266.0000 485 431 0.8887
8269.0000 485 432 0.8907
8280.0000 485 433 0.8928
8281.0000 486 433 0.8909
8292.0000 486 434 0.8930
8296.0000 487 434 0.8912
8299.0000 487 435 0.8932
8313.0000 488 435 0.8914
8315.0000 488 436 0.8934
8318.0000 488 437 0.8955
8328.0000 488 438 0.8975
8331.0000 489 438 0.8957
8331.0000 489 439 0.8978
8332.0000 489 440 0.8998
8334.0000 489 441 0.9018
8349.0000 490 441 0.9000
8350.0000 490 442 0.9020
8355.0000 490 443 0.9041
8367.0000 491 443 0.9022
8367.0000 491 444 0.9043
8386.0000 492 444 0.9024
8392.0000 492 445 0.9045
8394.0000 492 446 0.9065
8397.0000 492 447 0.9085
8403.0000 493 447 0.9067
8416.0000 493 448 0.9087
8422.0000 494 448 0.9069
8437.0000 495 448 0.9051
8448.0000 495 449 0.9071
8454.0000 496 449 0.9052
8469.0000 496 450 0.9073
8470.0000 497 450 0.9054
8488.0000 498 450 0.9036
8499.0000 498 451 0.9056
8504.0000 499 451 0.9038
8509.0000 499 452 0.9058
8515.0000 499 453 0.9078
8522.0000 500 453 0.9060
8540.0000 501 453 0.9042
8545.0000 501 454 0.9062
8546.0000 501 455 0.9082
8558.0000 502 455 0.9064
8574.0000 503 455 0.9046
8581.0000 503 456 0.9066
8591.0000 504 456 0.9048
8600.0000 504 457 0.9067
8602.0000 504 458 0.9087
8606.0000 504 459 0.9107
8607.0000 505 459 0.9089
8610.0000 505 460 0.9109
8624.0000 506 460 0.9091
8638.0000 506 461 0.9111
8642.0000 506 462 0.9130
8643.0000 507 462 0.9112
8658.0000 507 463 0.9132
8659.0000 508 463 0.9114
8660.0000 508 464 0.9134
8675.0000 509 464 0.9116
8681.0000 509 465 0.9136
8690.0000 510 465 0.9118
8705.0000 510 466 0.9137
8706.0000 511 466 0.9119
8724.0000 512 466 0.9102
8742.0000 513 466 0.9084
8759.0000 513 467 0.9103
8761.0000 514 467 0.9086
8763.0000 514 468 0.9105
8778.0000 515 468 0.9087
8787.0000 515 469 0.9107
8794.0000 515 470 0.9126
8795.0000 516 470 0.9109
8800.0000 516 471 0.9128
8812.0000 517 471 0.9110
8831.0000 518 471 0.9093
8831.0000 518 472 0.9112
8849.0000 519 472 0.9094
8865.0000 520 472 0.9077
8881.0000 521 472 0.9060
8896.0000 522 472 0.9042
8903.0000 522 473 0.9061
8910.0000 522 474 0.9080
8915.0000 523 474 0.9063
8924.0000 523 475 0.9082
8932.0000 524 475 0.9065
8949.0000 525 475 0.9048
8968.0000 526 475 0.9030
8974.0000 526 476 0.9049
8979.0000 526 477 0.9068
8985.0000 527 477 0.9051
8986.0000 527 478 0.9070
8992.0000 527 479 0.9089
9004.0000 528 479 0.9072
9006.0000 528 480 0.9091
9011.0000 528 481 0.9110
9012.0000 528 482 0.9129
9013.0000 528 483 0.9148
9019.0000 528 484 0.9167
9022.0000 529 484 0.9149
9040.0000 530 484 0.9132
9053.0000 530 485 0.9151
9055.0000 531 485 0.9134
9071.0000 532 485 0.9117
9084.0000 532 486 0.9135
9087.0000 532 487 0.9154
9090.0000 533 487 0.9137
9096.0000 533 488 0.9156
9101.0000 533 489 0.9174
9108.0000 534 489 0.9157
9111.0000 534 490 0.9176
9114.0000 534 491 0.9195
9125.0000 535 491 0.9178
9127.0000 535 492 0.9196
9133.0000 535 493 0.9215
9134.0000 535 494 0.9234
9135.0000 535 495 0.9252
9144.0000 536 495 0.9235
9162.0000 537 495 0.9218
9178.0000 538 495 0.9201
9189.0000 538 496 0.9219
9194.0000 539 496 0.9202
9195.0000 539 497 0.9221
9203.0000 539 498 0.9239
9207.0000 539 499 0.9258
9211.0000 540 499 0.9241
9214.0000 540 500 0.9259
9226.0000 541 500 0.9242
9227.0000 541 501 0.9261
9228.0000 541 502 0.9279
9243.0000 542 502 0.9262
9246.0000 542 503 0.9280
9261.0000 543 503 0.9263
9267.0000 543 504 0.9282
9278.0000 544 504 0.9265
9296.0000 545 504 0.9248
9304.0000 545 505 0.9266
9312.0000 546 505 0.9249
9320.0000 546 506 0.9267
9330.0000 546 507 0.9286
9331.0000 547 507 0.9269
9338.0000 547 508 0.9287
9341.0000 547 509 0.9305
9350.0000 548 509 0.9288
9354.0000 548 510 0.9307
9369.0000 549 510 0.9290
9374.0000 549 511 0.9308
9381.0000 549 512 0.9326
9383.0000 549 513 0.9344
9387.0000 550 513 0.9327
9393.0000 550 514 0.9345
9393.0000 550 515 0.9364
9399.0000 550 516 0.9382
9399.0000 550 517 0.9400
9406.0000 551 517 0.9383
9420.0000 551 518 0.9401
9424.0000 552 518 0.9384
9439.0000 553 518 0.9367
9455.0000 554 518 0.9350
9468.0000 554 519 0.9368
9471.0000 555 519 0.9351
9487.0000 556 519 0.9335
9500.0000 556 520 0.9353
9505.0000 557 520 0.9336
9522.0000 558 520 0.9319
9522.0000 558 521 0.9337
9541.0000 559 521 0.9320
9559.0000 560 521 0.9304
9577.0000 561 521 0.9287
9594.0000 562 521 0.9270
9599.0000 562 522 0.9288
9600.0000 562 523 0.9306
9607.0000 562 524 0.9324
9610.0000 563 524 0.9307
9620.0000 563 525 0.9325
9622.0000 563 526 0.9343
9625.0000 564 526 0.9326
9627.0000 564 527 0.9344
9643.0000 565 527 0.9327
9658.0000 565 528 0.9345
9660.0000 566 528 0.9329
9665.0000 566 529 0.9346
9667.0000 566 530 0.9364
9674.0000 566 531 0.9382
9677.0000 567 531 0.9365
9696.0000 568 531 0.9349
9711.0000 569 531 0.9332
9726.0000 569 532 0.9350
9729.0000 569 533 0.9367
9730.0000 570 533 0.9351
9745.0000 571 533 0.9335
9763.0000 572 533 0.9318
9776.0000 572 534 0.9336
9778.0000 573 534 0.9319
9785.0000 573 535 0.9337
9788.0000 573 536 0.9354
9797.0000 574 536 0.9338
9801.0000 574 537 0.9355
9815.0000 575 537 0.9339
9834.0000 576 537 0.9323
9853.0000 577 537 0.9307
9868.0000 577 538 0.9324
9870.0000 577 539 0.9341
9871.0000 578 539 0.9325
9886.0000 579 539 0.9309
9902.0000 580 539 0.9293
9920.0000 581 539 0.9277
9938.0000 582 539 0.9261
9938.0000 582 540 0.9278
9955.0000 583 540 0.9262
9973.0000 584 540 0.9247
9989.0000 585 540 0.9231
9997.0000 585 541 0.9248
10005.0000 586 541 0.9232
10013.0000 586 542 0.9249
10024.0000 587 542 0.9233
10032.0000 587 543 0.9250
10040.0000 588 543 0.9235
10046.0000 588 544 0.9252
10047.0000 588 545 0.9269
10059.0000 589 545 0.9253
10073.0000 589 546 0.9270
10073.0000 589 547 0.9287
10076.0000 590 547 0.9271
10085.0000 590 548 0.9288
10089.0000 590 549 0.9305
10094.0000 591 549 0.9289
10094.0000 591 550 0.9306
10106.0000 591 551 0.9323
10111.0000 592 551 0.9307
10125.0000 592 552 0.9324
10130.0000 593 552 0.9309
10147.0000 594 552 0.9293
10165.0000 595 552 0.9277
10172.0000 595 553 0.9294
10181.0000 596 553 0.9279
10197.0000 597 553 0.9263
10214.0000 598 553 0.9247
10214.0000 598 554 0.9264
10215.0000 598 555 0.9281
10231.0000 598 556 0.9298
10233.0000 599 556 0.9282
10248.0000 600 556 0.9267
10249.0000 600 557 0.9283
10257.0000 600 558 0.9300
10262.0000 600 559 0.9317
10262.0000 600 560 0.9333
10267.0000 601 560 0.9318
10275.0000 601 561 0.9334
10284.0000 602 561 0.9319
10294.0000 602 562 0.9336
10300.0000 603 562 0.9320
10306.0000 603 563 0.9337
10319.0000 604 563 0.9321
10338.0000 605 563 0.9306
10357.0000 606 563 0.9290
10372.0000 607 563 0.9275
10375.0000 607 564 0.9292
10379.0000 607 565 0.9308
10389.0000 607 566 0.9325
10389.0000 607 567 0.9341
10391.0000 608 567 0.9326
10396.0000 608 568 0.9342
10410.0000 609 568 0.9327
10429.0000 610 568 0.9311
10443.0000 610 569 0.9328
10444.0000 611 569 0.9313
10456.0000 611 570 0.9329
10461.0000 612 570 0.9314
10476.0000 613 570 0.9299
10494.0000 614 570 0.9283
10500.0000 614 571 0.9300
10510.0000 615 571 0.9285
10526.0000 616 571 0.9269
10542.0000 617 571 0.9254
10543.0000 617 572 0.9271
10548.0000 617 573 0.9287
10554.0000 617 574 0.9303
10560.0000 618 574 0.9288
10572.0000 618 575 0.9304
10573.0000 618 576 0.9320
10575.0000 619 576 0.9305
10590.0000 620 576 0.9290
10597.0000 620 577 0.9306
10609.0000 621 577 0.9291
10621.0000 621 578 0.9308
10623.0000 621 579 0.9324
10625.0000 622 579 0.9309
10633.0000 622 580 0.9325
10642.0000 623 580 0.9310
10658.0000 624 580 0.9295
10659.0000 624 581 0.9311
10668.0000 624 582 0.9327
10673.0000 624 583 0.9343
10675.0000 625 583 0.9328
10677.0000 625 584 0.9344
10694.0000 626 584 0.9329
10695.0000 626 585 0.9345
10709.0000 626 586 0.9361
10709.0000 626 587 0.9377
10710.0000 626 588 0.9393
10711.0000 627 588 0.9378
10727.0000 628 588 0.9363
10738.0000 628 589 0.9379
10742.0000 629 589 0.9364
10760.0000 630 589 0.9349
10779.0000 631 589 0.9334
10787.0000 631 590 0.9350
10796.0000 632 590 0.9335
10808.0000 632 591 0.9351
10811.0000 632 592 0.9367
10812.0000 633 592 0.9352
10821.0000 633 593 0.9368
10830.0000 634 593 0.9353
10835.0000 634 594 0.9369
10838.0000 634 595 0.9385
10840.0000 634 596 0.9401
10847.0000 635 596 0.9386
10848.0000 635 597 0.9402
10849.0000 635 598 0.9417
10861.0000 635 599 0.9433
10865.0000 636 599 0.9418
10884.0000 637 599 0.9403
10903.0000 638 599 0.9389
10922.0000 639 599 0.9374
10939.0000 640 599 0.9359
10955.0000 641 599 0.9345
10972.0000 642 599 0.9330
10980.0000 642 600 0.9346
10991.0000 643 600 0.9331
11006.0000 644 600 0.9317
11025.0000 645 600 0.9302
11035.0000 645 601 0.9318
11036.0000 645 602 0.9333
11037.0000 645 603 0.9349
11038.0000 645 604 0.9364
11041.0000 646 604 0.9350
11059.0000 647 604 0.9335
11068.0000 647 605 0.9351
11078.0000 648 605 0.9336
11094.0000 649 605 0.9322
11102.0000 649 606 0.9337
11111.0000 650 606 0.9323
11128.0000 651 606 0.9309
11144.0000 652 606 0.9294
11155.0000 652 607 0.9310
11155.0000 652 608 0.9325
11160.0000 653 608 0.9311
11163.0000 653 609 0.9326
11169.0000 653 610 0.9342
11170.0000 653 611 0.9357
11176.0000 654 611 0.9343
11194.0000 654 612 0.9358
11195.0000 655 612 0.9344
11211.0000 656 612 0.9329
11229.0000 657 612 0.9315
11237.0000 657 613 0.9330
11238.0000 657 614 0.9346
11238.0000 657 615 0.9361
11245.0000 658 615 0.9347
11260.0000 659 615 0.9332
11265.0000 659 616 0.9347
11267.0000 659 617 0.9363
11275.0000 660 617 0.9348
11290.0000 661 617 0.9334
11305.0000 662 617 0.9320
11310.0000 662 618 0.9335
11313.0000 662 619 0.9350
11318.0000 662 620 0.9366
11320.0000 663 620 0.9351
11331.0000 663 621 0.9367
11336.0000 664 621 0.9352
11353.0000 665 621 0.9338
11355.0000 665 622 0.9353
11369.0000 665 623 0.9368
11372.0000 666 623 0.9354
11387.0000 667 623 0.9340
11406.0000 668 623 0.9326
11425.0000 669 623 0.9312
11444.0000 670 623 0.9299
11461.0000 671 623 0.9285
11480.0000 672 623 0.9271
11499.0000 673 623 0.9257
11504.0000 673 624 0.9272
11513.0000 673 625 0.9287
11518.0000 674 625 0.9273
11521.0000 674 626 0.9288
11530.0000 674 627 0.9303
11535.0000 675 627 0.9289
11537.0000 675 628 0.9304
11538.0000 675 629 0.9319
11545.0000 675 630 0.9333
11550.0000 676 630 0.9320
11563.0000 676 631 0.9334
11567.0000 677 631 0.9321
11586.0000 678 631 0.9307
11604.0000 679 631 0.9293
11606.0000 679 632 0.9308
11615.0000 679 633 0.9323
11622.0000 680 633 0.9309
11622.0000 680 634 0.9324
11633.0000 680 635 0.9338
11639.0000 680 636 0.9353
11640.0000 681 636 0.9339
11651.0000 681 637 0.9354
11657.0000 682 637 0.9340
11673.0000 683 637 0.9327
11683.0000 683 638 0.9341
11692.0000 684 638 0.9327
11692.0000 684 639 0.9342
11696.0000 684 640 0.9357
11699.0000 684 641 0.9371
11701.0000 684 642 0.9386
11711.0000 685 642 0.9372
11712.0000 685 643 0.9387
11715.0000 685 644 0.9401
11718.0000 685 645 0.9416
11729.0000 686 645 0.9402
11741.0000 686 646 0.9417
11745.0000 686 647 0.9431
11747.0000 687 647 0.9418
11753.0000 687 648 0.9432
11761.0000 687 649 0.9447
11762.0000 688 649 0.9433
11777.0000 689 649 0.9419
11781.0000 689 650 0.9434
11783.0000 689 651 0.9448
11795.0000 690 651 0.9435
11801.0000 690 652 0.9449
11814.0000 691 652 0.9436
11823.0000 691 653 0.9450
11829.0000 692 653 0.9436
11830.0000 692 654 0.9451
11843.0000 692 655 0.9465
11844.0000 693 655 0.9452
11860.0000 694 655 0.9438
11876.0000 695 655 0.9424
11893.0000 696 655 0.9411
11910.0000 697 655 0.9397
11926.0000 698 655 0.9384
11943.0000 699 655 0.9371
11954.0000 699 656 0.9385
11959.0000 700 656 0.9371
11963.0000 700 657 0.9386
11976.0000 701 657 0.9372
11993.0000 702 657 0.9359
11994.0000 702 658 0.9373
12010.0000 702 659 0.9387
12012.0000 703 659 0.9374
12022.0000 703 660 0.9388
12027.0000 704 660 0.9375
12032.0000 704 661 0.9389
12044.0000 705 661 0.9376
12046.0000 705 662 0.9390
12048.0000 705 663 0.9404
12050.0000 705 664 0.9418
12060.0000 706 664 0.9405
12076.0000 707 664 0.9392
12095.0000 708 664 0.9379
12113.0000 709 664 0.9365
12131.0000 710 664 0.9352
12133.0000 710 665 0.9366
12134.0000 710 666 0.9380
12149.0000 711 666 0.9367
12167.0000 712 666 0.9354
12182.0000 713 666 0.9341
12184.0000 713 667 0.9355
12190.0000 713 668 0.9369
12199.0000 714 668 0.9356
12203.0000 714 669 0.9370
12217.0000 715 669 0.9357
12235.0000 716 669 0.9344
12242.0000 716 670 0.9358
12248.0000 716 671 0.9372
12251.0000 717 671 0.9358
12251.0000 717 672 0.9372
12253.0000 717 673 0.9386
12270.0000 718 673 0.9373
12271.0000 718 674 0.9387
12286.0000 719 674 0.9374
12304.0000 720 674 0.9361
12321.0000 720 675 0.9375
12323.0000 721 675 0.9362
12326.0000 721 676 0.9376
12330.0000 721 677 0.9390
12337.0000 721 678 0.9404
12340.0000 722 678 0.9391
12340.0000 722 679 0.9404
12342.0000 722 680 0.9418
12355.0000 723 680 0.9405
12373.0000 724 680 0.9392
12375.0000 724 681 0.9406
12388.0000 725 681 0.9393
12389.0000 725 682 0.9407
12406.0000 726 682 0.9394
12414.0000 726 683 0.9408
12422.0000 727 683 0.9395
12438.0000 728 683 0.9382
12456.0000 729 683 0.9369
12473.0000 730 683 0.9356
12482.0000 730 684 0.9370
12485.0000 730 685 0.9384
12487.0000 730 686 0.9397
12488.0000 731 686 0.9384
12504.0000 732 686 0.9372
12520.0000 733 686 0.9359
12521.0000 733 687 0.9372
12523.0000 733 688 0.9386
12539.0000 734 688 0.9373
12542.0000 734 689 0.9387
12544.0000 734 690 0.9401
12554.0000 735 690 0.9388
12573.0000 736 690 0.9375
12578.0000 736 691 0.9389
12592.0000 737 691 0.9376
12608.0000 737 692 0.9389
12610.0000 738 692 0.9377
12620.0000 738 693 0.9390
12625.0000 739 693 0.9378
12636.0000 739 694 0.9391
12641.0000 740 694 0.9378
12658.0000 741 694 0.9366
12664.0000 741 695 0.9379
12664.0000 741 696 0.9393
12670.0000 741 697 0.9406
12677.0000 742 697 0.9394
12680.0000 742 698 0.9407
12695.0000 743 698 0.9394
12709.0000 743 699 0.9408
12709.0000 743 700 0.9421
12713.0000 743 701 0.9435
12714.0000 744 701 0.9422
12714.0000 744 702 0.9435
12723.0000 744 703 0.9449
12730.0000 744 704 0.9462
12732.0000 745 704 0.9450
12743.0000 745 705 0.9463
12748.0000 746 705 0.9450
12763.0000 747 705 0.9438
12781.0000 748 705 0.9425
12788.0000 748 706 0.9439
12790.0000 748 707 0.9452
12800.0000 749 707 0.9439
12818.0000 750 707 0.9427
12818.0000 750 708 0.9440
12833.0000 751 708 0.9427
12848.0000 752 708 0.9415
12848.0000 752 709 0.9428
12866.0000 753 709 0.9416
12869.0000 753 710 0.9429
12885.0000 754 710 0.9416
12899.0000 754 711 0.9430
12902.0000 755 711 0.9417
12910.0000 755 712 0.9430
12911.0000 755 713 0.9444
12920.0000 756 713 0.9431
12921.0000 756 714 0.9444
12935.0000 757 714 0.9432
12951.0000 758 714 0.9420
12967.0000 759 714 0.9407
12974.0000 759 715 0.9420
12976.0000 759 716 0.9433
12977.0000 759 717 0.9447
12983.0000 760 717 0.9434
12998.0000 761 717 0.9422
13015.0000 762 717 0.9409
13027.0000 762 718 0.9423
13031.0000 763 718 0.9410
13033.0000 763 719 0.9423
13038.0000 763 720 0.9436
13041.0000 763 721 0.9450
13047.0000 763 722 0.9463
13049.0000 764 722 0.9450
13052.0000 764 723 0.9463
13068.0000 765 723 0.9451
13075.0000 765 724 0.9464
13080.0000 765 725 0.9477
13086.0000 766 725 0.9465
13088.0000 766 726 0.9478
13103.0000 767 726 0.9465
13113.0000 767 727 0.9478
13116.0000 767 728 0.9492
13118.0000 768 728 0.9479
13118.0000 768 729 0.9492
13123.0000 768 730 0.9505
13136.0000 769 730 0.9493
13139.0000 769 731 0.9506
13153.0000 770 731 0.9494
13168.0000 771 731 0.9481
13185.0000 772 731 0.9469
13201.0000 773 731 0.9457
13220.0000 774 731 0.9444
13236.0000 775 731 0.9432
13239.0000 775 732 0.9445
13251.0000 776 732 0.9433
13269.0000 777 732 0.9421
13285.0000 778 732 0.9409
13290.0000 778 733 0.9422
13299.0000 778 734 0.9434
13301.0000 779 734 0.9422
13306.0000 779 735 0.9435
13311.0000 779 736 0.9448
13315.0000 779 737 0.9461
13317.0000 780 737 0.9449
13326.0000 780 738 0.9462
13327.0000 780 739 0.9474
13331.0000 780 740 0.9487
13336.0000 781 740 0.9475
13338.0000 781 741 0.9488
13339.0000 781 742 0.9501
13354.0000 782 742 0.9488
13367.0000 782 743 0.9501
13369.0000 783 743 0.9489
13384.0000 784 743 0.9477
13399.0000 785 743 0.9465
13414.0000 786 743 0.9453
13429.0000 787 743 0.9441
13444.0000 788 743 0.9429
13461.0000 789 743 0.9417
13476.0000 790 743 0.9405
13491.0000 791 743 0.9393
13495.0000 791 744 0.9406
13503.0000 791 745 0.9418
13504.0000 791 746 0.9431
13508.0000 792 746 0.9419
13523.0000 793 746 0.9407
13542.0000 794 746 0.9395
13542.0000 794 747 0.9408
13557.0000 794 748 0.9421
13559.0000 795 748 0.9409
13574.0000 796 748 0.9397
13577.0000 796 749 0.9410
13579.0000 796 750 0.9422
13582.0000 796 751 0.9435
13591.0000 797 751 0.9423
13609.0000 798 751 0.9411
13612.0000 798 752 0.9424
13628.0000 799 752 0.9412
13643.0000 800 752 0.9400
13661.0000 801 752 0.9388
13677.0000 802 752 0.9377
13693.0000 803 752 0.9365
13694.0000 803 753 0.9377
13710.0000 804 753 0.9366
13721.0000 804 754 0.9378
13729.0000 805 754 0.9366
13746.0000 806 754 0.9355
13763.0000 806 755 0.9367
13765.0000 807 755 0.9356
13769.0000 807 756 0.9368
13770.0000 807 757 0.9380
13778.0000 807 758 0.9393
13781.0000 808 758 0.9381
13796.0000 809 758 0.9370
13801.0000 809 759 0.9382
13810.0000 809 760 0.9394
13813.0000 810 760 0.9383
13829.0000 811 760 0.9371
13830.0000 811 761 0.9383
13848.0000 812 761 0.9372
13858.0000 812 762 0.9384
13867.0000 813 762 0.9373
13872.0000 813 763 0.9385
13882.0000 814 763 0.9373
13883.0000 814 764 0.9386
13892.0000 814 765 0.9398
13897.0000 815 765 0.9387
13912.0000 815 766 0.9399
13913.0000 816 766 0.9387
13923.0000 816 767 0.9400
13926.0000 816 768 0.9412
13932.0000 817 768 0.9400
13938.0000 817 769 0.9412
13945.0000 817 770 0.9425
13948.0000 818 770 0.9413
13956.0000 818 771 0.9425
13958.0000 818 772 0.9438
13963.0000 819 772 0.9426
13979.0000 820 772 0.9415
13979.0000 820 773 0.9427
13982.0000 820 774 0.9439
13994.0000 821 774 0.9428
13996.0000 821 775 0.9440
14012.0000 822 775 0.9428
14019.0000 822 776 0.9440
14027.0000 823 776 0.9429
14041.0000 823 777 0.9441
14044.0000 824 777 0.9430
14052.0000 824 778 0.9442
14053.0000 824 779 0.9454
14059.0000 825 779 0.9442
14075.0000 826 779 0.9431
14079.0000 826 780 0.9443
14082.0000 826 781 0.9455
14090.0000 826 782 0.9467
14093.0000 826 783 0.9479
14094.0000 827 783 0.9468
14109.0000 828 783 0.9457
14110.0000 828 784 0.9469
14124.0000 829 784 0.9457
14126.0000 829 785 0.9469
14129.0000 829 786 0.9481
14140.0000 830 786 0.9470
14158.0000 831 786 0.9458
14174.0000 832 786 0.9447
14182.0000 832 787 0.9459
14184.0000 832 788 0.9471
14189.0000 832 789 0.9483
14193.0000 833 789 0.9472
14196.0000 833 790 0.9484
14210.0000 834 790 0.9472
14225.0000 835 790 0.9461
14228.0000 835 791 0.9473
14235.0000 835 792 0.9485
14240.0000 836 792 0.9474
14250.0000 836 793 0.9486
14259.0000 837 793 0.9474
14278.0000 838 793 0.9463
14281.0000 838 794 0.9475
14291.0000 838 795 0.9487
14294.0000 839 795 0.9476
14295.0000 839 796 0.9487
14313.0000 840 796 0.9476
14330.0000 841 796 0.9465
14336.0000 841 797 0.9477
14345.0000 842 797 0.9466
14357.0000 842 798 0.9477
14360.0000 843 798 0.9466
14379.0000 844 798 0.9455
14384.0000 844 799 0.9467
14387.0000 844 800 0.9479
14396.0000 845 800 0.9467
