# time  created  delivered  delivered/created
19.0000 1 0 0.0000
34.0000 2 0 0.0000
51.0000 3 0 0.0000
52.0000 3 1 0.3333
54.0000 3 2 0.6667
70.0000 4 2 0.5000
87.0000 5 2 0.4000
99.0000 5 3 0.6000
103.0000 6 3 0.5000
111.0000 6 4 0.6667
120.0000 7 4 0.5714
134.0000 7 5 0.7143
136.0000 8 5 0.6250
142.0000 8 6 0.7500
142.0000 8 7 0.8750
150.0000 8 8 1.0000
155.0000 9 8 0.8889
173.0000 10 8 0.8000
192.0000 11 8 0.7273
208.0000 12 8 0.6667
210.0000 12 9 0.7500
227.0000 13 9 0.6923
237.0000 13 10 0.7692
245.0000 14 10 0.7143
261.0000 15 10 0.6667
276.0000 16 10 0.6250
287.0000 16 11 0.6875
293.0000 17 11 0.6471
294.0000 17 12 0.7059
309.0000 18 12 0.6667
328.0000 19 12 0.6316
329.0000 19 13 0.6842
346.0000 20 13 0.6500
357.0000 20 14 0.7000
364.0000 20 15 0.7500
365.0000 21 15 0.7143
380.0000 22 15 0.6818
395.0000 23 15 0.6522
410.0000 24 15 0.6250
416.0000 24 16 0.6667
429.0000 25 16 0.6400
445.0000 26 16 0.6154
461.0000 27 16 0.5926
463.0000 27 17 0.6296
480.0000 28 17 0.6071
497.0000 29 17 0.5862
515.0000 30 17 0.5667
534.0000 31 17 0.5484
553.0000 32 17 0.5313
570.0000 33 17 0.5152
588.0000 34 17 0.5000
601.0000 34 18 0.5294
607.0000 35 18 0.5143
622.0000 36 18 0.5000
638.0000 37 18 0.4865
645.0000 37 19 0.5135
656.0000 38 19 0.5000
671.0000 39 19 0.4872
688.0000 40 19 0.4750
690.0000 40 20 0.5000
707.0000 41 20 0.4878
711.0000 41 21 0.5122
726.0000 42 21 0.5000
741.0000 43 21 0.4884
743.0000 43 22 0.5116
760.0000 44 22 0.5000
779.0000 45 22 0.4889
798.0000 46 22 0.4783
813.0000 47 22 0.4681
828.0000 48 22 0.4583
846.0000 49 22 0.4490
861.0000 50 22 0.4400
876.0000 51 22 0.4314
895.0000 52 22 0.4231
914.0000 53 22 0.4151
921.0000 53 23 0.4340
931.0000 53 24 0.4528
933.0000 54 24 0.4444
952.0000 55 24 0.4364
955.0000 55 25 0.4545
969.0000 56 25 0.4464
986.0000 57 25 0.4386
987.0000 57 26 0.4561
1004.0000 58 26 0.4483
1022.0000 59 26 0.4407
1038.0000 60 26 0.4333
1057.0000 61 26 0.4262
1076.0000 62 26 0.4194
1095.0000 63 26 0.4127
1111.0000 64 26 0.4063
1126.0000 65 26 0.4000
1127.0000 65 27 0.4154
1136.0000 65 28 0.4308
1142.0000 65 29 0.4462
1143.0000 66 29 0.4394
1160.0000 67 29 0.4328
1162.0000 67 30 0.4478
1163.0000 67 31 0.4627
1167.0000 67 32 0.4776
1171.0000 67 33 0.4925
1179.0000 68 33 0.4853
1181.0000 68 34 0.5000
1185.0000 68 35 0.5147
1196.0000 69 35 0.5072
1198.0000 69 36 0.5217
1214.0000 70 36 0.5143
1226.0000 70 37 0.5286
1232.0000 71 37 0.5211
1234.0000 71 38 0.5352
1251.0000 72 38 0.5278
1261.0000 72 39 0.5417
1270.0000 73 39 0.5342
1287.0000 74 39 0.5270
1305.0000 75 39 0.5200
1321.0000 76 39 0.5132
1336.0000 77 39 0.5065
1337.0000 77 40 0.5195
1351.0000 77 41 0.5325
1352.0000 78 41 0.5256
1368.0000 79 41 0.5190
1386.0000 80 41 0.5125
1401.0000 81 41 0.5062
1420.0000 82 41 0.5000
1438.0000 83 41 0.4940
1453.0000 84 41 0.4881
1468.0000 85 41 0.4824
1484.0000 86 41 0.4767
1502.0000 87 41 0.4713
1517.0000 88 41 0.4659
1536.0000 89 41 0.4607
1552.0000 90 41 0.4556
1570.0000 91 41 0.4505
1571.0000 91 42 0.4615
1581.0000 91 43 0.4725
1586.0000 92 43 0.4674
1586.0000 92 44 0.4783
1587.0000 92 45 0.4891
1592.0000 92 46 0.5000
1601.0000 93 46 0.4946
1601.0000 93 47 0.5054
1617.0000 94 47 0.5000
1621.0000 94 48 0.5106
1634.0000 95 48 0.5053
1649.0000 96 48 0.5000
1668.0000 97 48 0.4948
1684.0000 98 48 0.4898
1685.0000 98 49 0.5000
1692.0000 98 50 0.5102
1703.0000 99 50 0.5051
1705.0000 99 51 0.5152
1711.0000 99 52 0.5253
1718.0000 100 52 0.5200
1727.0000 100 53 0.5300
1735.0000 101 53 0.5248
1736.0000 101 54 0.5347
1750.0000 102 54 0.5294
1765.0000 103 54 0.5243
1783.0000 104 54 0.5192
1793.0000 104 55 0.5288
1802.0000 105 55 0.5238
1802.0000 105 56 0.5333
1816.0000 105 57 0.5429
1818.0000 106 57 0.5377
1833.0000 107 57 0.5327
1848.0000 108 57 0.5278
1858.0000 108 58 0.5370
1863.0000 109 58 0.5321
1881.0000 110 58 0.5273
1900.0000 111 58 0.5225
1918.0000 112 58 0.5179
1925.0000 112 59 0.5268
1937.0000 113 59 0.5221
1940.0000 113 60 0.5310
1944.0000 113 61 0.5398
1948.0000 113 62 0.5487
1954.0000 114 62 0.5439
1970.0000 115 62 0.5391
1989.0000 116 62 0.5345
2000.0000 116 63 0.5431
2008.0000 117 63 0.5385
2024.0000 118 63 0.5339
2025.0000 118 64 0.5424
2043.0000 119 64 0.5378
2055.0000 119 65 0.5462
2061.0000 120 65 0.5417
2076.0000 121 65 0.5372
2077.0000 121 66 0.5455
2078.0000 121 67 0.5537
2095.0000 122 67 0.5492
2104.0000 122 68 0.5574
2112.0000 123 68 0.5528
2115.0000 123 69 0.5610
2131.0000 124 69 0.5565
2148.0000 125 69 0.5520
2163.0000 126 69 0.5476
2179.0000 127 69 0.5433
2188.0000 127 70 0.5512
2190.0000 127 71 0.5591
2195.0000 128 71 0.5547
2213.0000 129 71 0.5504
2219.0000 129 72 0.5581
2232.0000 130 72 0.5538
2248.0000 131 72 0.5496
2249.0000 131 73 0.5573
2251.0000 131 74 0.5649
2255.0000 131 75 0.5725
2264.0000 132 75 0.5682
2264.0000 132 76 0.5758
2273.0000 132 77 0.5833
2283.0000 133 77 0.5789
2302.0000 134 77 0.5746
2314.0000 134 78 0.5821
2321.0000 135 78 0.5778
2336.0000 136 78 0.5735
2352.0000 137 78 0.5693
2363.0000 137 79 0.5766
2367.0000 138 79 0.5725
2385.0000 139 79 0.5683
2386.0000 139 80 0.5755
2400.0000 139 81 0.5827
2404.0000 140 81 0.5786
2417.0000 140 82 0.5857
2423.0000 141 82 0.5816
2438.0000 142 82 0.5775
2447.0000 142 83 0.5845
2456.0000 143 83 0.5804
2472.0000 144 83 0.5764
2473.0000 144 84 0.5833
2478.0000 144 85 0.5903
2478.0000 144 86 0.5972
2478.0000 144 87 0.6042
2489.0000 145 87 0.6000
2507.0000 146 87 0.5959
2508.0000 146 88 0.6027
2510.0000 146 89 0.6096
2523.0000 147 89 0.6054
2538.0000 148 89 0.6014
2539.0000 148 90 0.6081
2543.0000 148 91 0.6149
2557.0000 149 91 0.6107
2570.0000 149 92 0.6174
2575.0000 150 92 0.6133
2591.0000 151 92 0.6093
2606.0000 152 92 0.6053
2617.0000 152 93 0.6118
2623.0000 153 93 0.6078
2640.0000 154 93 0.6039
2643.0000 154 94 0.6104
2646.0000 154 95 0.6169
2655.0000 155 95 0.6129
2667.0000 155 96 0.6194
2671.0000 156 96 0.6154
2684.0000 156 97 0.6218
2689.0000 157 97 0.6178
2701.0000 157 98 0.6242
2706.0000 158 98 0.6203
2725.0000 159 98 0.6164
2741.0000 160 98 0.6125
2757.0000 161 98 0.6087
2772.0000 162 98 0.6049
2787.0000 163 98 0.6012
2802.0000 164 98 0.5976
2811.0000 164 99 0.6037
2817.0000 165 99 0.6000
2828.0000 165 100 0.6061
2829.0000 165 101 0.6121
2835.0000 166 101 0.6084
2836.0000 166 102 0.6145
2840.0000 166 103 0.6205
2853.0000 167 103 0.6168
2868.0000 168 103 0.6131
2886.0000 169 103 0.6095
2902.0000 170 103 0.6059
2902.0000 170 104 0.6118
2904.0000 170 105 0.6176
2914.0000 170 106 0.6235
2915.0000 170 107 0.6294
2916.0000 170 108 0.6353
2917.0000 171 108 0.6316
2917.0000 171 109 0.6374
2933.0000 172 109 0.6337
2952.0000 173 109 0.6301
2968.0000 174 109 0.6264
2970.0000 174 110 0.6322
2984.0000 175 110 0.6286
3000.0000 176 110 0.6250
3002.0000 176 111 0.6307
3014.0000 176 112 0.6364
3015.0000 177 112 0.6328
3031.0000 178 112 0.6292
3050.0000 179 112 0.6257
3065.0000 180 112 0.6222
3067.0000 180 113 0.6278
3080.0000 181 113 0.6243
3084.0000 181 114 0.6298
3097.0000 182 114 0.6264
3116.0000 183 114 0.6230
3135.0000 184 114 0.6196
3138.0000 184 115 0.6250
3153.0000 185 115 0.6216
3169.0000 185 116 0.6270
3170.0000 186 116 0.6237
3170.0000 186 117 0.6290
3177.0000 186 118 0.6344
3181.0000 186 119 0.6398
3185.0000 187 119 0.6364
3202.0000 188 119 0.6330
3203.0000 188 120 0.6383
3219.0000 189 120 0.6349
3235.0000 190 120 0.6316
3251.0000 191 120 0.6283
3270.0000 192 120 0.6250
3274.0000 192 121 0.6302
3289.0000 193 121 0.6269
3292.0000 193 122 0.6321
3308.0000 194 122 0.6289
3310.0000 194 123 0.6340
3310.0000 194 124 0.6392
3323.0000 195 124 0.6359
3324.0000 195 125 0.6410
3338.0000 196 125 0.6378
3349.0000 196 126 0.6429
3357.0000 197 126 0.6396
3373.0000 198 126 0.6364
3388.0000 199 126 0.6332
3407.0000 200 126 0.6300
3425.0000 201 126 0.6269
3431.0000 201 127 0.6318
3442.0000 202 127 0.6287
3443.0000 202 128 0.6337
3458.0000 203 128 0.6305
3463.0000 203 129 0.6355
3463.0000 203 130 0.6404
3475.0000 204 130 0.6373
3480.0000 204 131 0.6422
3486.0000 204 132 0.6471
3492.0000 205 132 0.6439
3511.0000 206 132 0.6408
3529.0000 207 132 0.6377
3531.0000 207 133 0.6425
3547.0000 208 133 0.6394
3566.0000 209 133 0.6364
3581.0000 210 133 0.6333
3592.0000 210 134 0.6381
3600.0000 211 134 0.6351
3606.0000 211 135 0.6398
3607.0000 211 136 0.6445
3614.0000 211 137 0.6493
3617.0000 212 137 0.6462
3632.0000 213 137 0.6432
3634.0000 213 138 0.6479
3634.0000 213 139 0.6526
3641.0000 213 140 0.6573
3648.0000 214 140 0.6542
3649.0000 214 141 0.6589
3665.0000 215 141 0.6558
3672.0000 215 142 0.6605
3675.0000 215 143 0.6651
3680.0000 216 143 0.6620
3691.0000 216 144 0.6667
3695.0000 217 144 0.6636
3708.0000 217 145 0.6682
3710.0000 218 145 0.6651
3722.0000 218 146 0.6697
3729.0000 219 146 0.6667
3736.0000 219 147 0.6712
3748.0000 220 147 0.6682
3766.0000 221 147 0.6652
3784.0000 222 147 0.6622
3788.0000 222 148 0.6667
3802.0000 223 148 0.6637
3821.0000 224 148 0.6607
3821.0000 224 149 0.6652
3829.0000 224 150 0.6696
3830.0000 224 151 0.6741
3838.0000 225 151 0.6711
3856.0000 226 151 0.6681
3874.0000 227 151 0.6652
3892.0000 228 151 0.6623
3909.0000 229 151 0.6594
3910.0000 229 152 0.6638
3911.0000 229 153 0.6681
3926.0000 230 153 0.6652
3945.0000 231 153 0.6623
3960.0000 232 153 0.6595
3969.0000 232 154 0.6638
3978.0000 233 154 0.6609
3979.0000 233 155 0.6652
3982.0000 233 156 0.6695
3986.0000 233 157 0.6738
3995.0000 234 157 0.6709
4010.0000 234 158 0.6752
4014.0000 235 158 0.6723
4015.0000 235 159 0.6766
4033.0000 236 159 0.6737
4034.0000 236 160 0.6780
4052.0000 237 160 0.6751
4060.0000 237 161 0.6793
4069.0000 238 161 0.6765
4087.0000 239 161 0.6736
4105.0000 240 161 0.6708
4124.0000 241 161 0.6680
4140.0000 242 161 0.6653
4158.0000 243 161 0.6626
4160.0000 243 162 0.6667
4160.0000 243 163 0.6708
4174.0000 243 164 0.6749
4177.0000 244 164 0.6721
4177.0000 244 165 0.6762
4194.0000 244 166 0.6803
4195.0000 245 166 0.6776
4201.0000 245 167 0.6816
4202.0000 245 168 0.6857
4203.0000 245 169 0.6898
4208.0000 245 170 0.6939
4211.0000 245 171 0.6980
4214.0000 246 171 0.6951
4215.0000 246 172 0.6992
4220.0000 246 173 0.7033
4223.0000 246 174 0.7073
4232.0000 247 174 0.7045
4240.0000 247 175 0.7085
4251.0000 248 175 0.7056
4261.0000 248 176 0.7097
4263.0000 248 177 0.7137
4267.0000 249 177 0.7108
4271.0000 249 178 0.7149
4282.0000 250 178 0.7120
4283.0000 250 179 0.7160
4287.0000 250 180 0.7200
4298.0000 251 180 0.7171
4315.0000 252 180 0.7143
4327.0000 252 181 0.7183
4328.0000 252 182 0.7222
4330.0000 253 182 0.7194
4331.0000 253 183 0.7233
4345.0000 254 183 0.7205
4350.0000 254 184 0.7244
4361.0000 254 185 0.7283
4362.0000 255 185 0.7255
4376.0000 255 186 0.7294
4378.0000 256 186 0.7266
4387.0000 256 187 0.7305
4396.0000 257 187 0.7276
4397.0000 257 188 0.7315
4403.0000 257 189 0.7354
4412.0000 258 189 0.7326
4429.0000 259 189 0.7297
4438.0000 259 190 0.7336
4448.0000 260 190 0.7308
4457.0000 260 191 0.7346
4465.0000 261 191 0.7318
4466.0000 261 192 0.7356
4481.0000 262 192 0.7328
4496.0000 263 192 0.7300
4511.0000 264 192 0.7273
4511.0000 264 193 0.7311
4513.0000 264 194 0.7348
4526.0000 265 194 0.7321
4543.0000 266 194 0.7293
4558.0000 267 194 0.7266
4576.0000 268 194 0.7239
4577.0000 268 195 0.7276
4582.0000 268 196 0.7313
4593.0000 269 196 0.7286
4611.0000 270 196 0.7259
4629.0000 271 196 0.7232
4632.0000 271 197 0.7269
4643.0000 271 198 0.7306
4645.0000 272 198 0.7279
4647.0000 272 199 0.7316
4663.0000 272 200 0.7353
4664.0000 273 200 0.7326
4682.0000 274 200 0.7299
4686.0000 274 201 0.7336
4697.0000 275 201 0.7309
4712.0000 276 201 0.7283
4715.0000 276 202 0.7319
4716.0000 276 203 0.7355
4730.0000 277 203 0.7329
4748.0000 278 203 0.7302
4752.0000 278 204 0.7338
4765.0000 279 204 0.7312
4775.0000 279 205 0.7348
4782.0000 280 205 0.7321
4797.0000 281 205 0.7295
4815.0000 281 206 0.7331
4816.0000 282 206 0.7305
4817.0000 282 207 0.7340
4819.0000 282 208 0.7376
4833.0000 283 208 0.7350
4835.0000 283 209 0.7385
4841.0000 283 210 0.7420
4850.0000 284 210 0.7394
4865.0000 285 210 0.7368
4881.0000 286 210 0.7343
4897.0000 287 210 0.7317
4915.0000 288 210 0.7292
4932.0000 289 210 0.7266
4947.0000 289 211 0.7301
4948.0000 290 211 0.7276
4948.0000 290 212 0.7310
4950.0000 290 213 0.7345
4965.0000 291 213 0.7320
4984.0000 292 213 0.7295
5002.0000 293 213 0.7270
5020.0000 294 213 0.7245
5039.0000 295 213 0.7220
5057.0000 296 213 0.7196
5073.0000 297 213 0.7172
5092.0000 298 213 0.7148
5109.0000 299 213 0.7124
5118.0000 299 214 0.7157
5128.0000 300 214 0.7133
5138.0000 300 215 0.7167
5146.0000 301 215 0.7143
5154.0000 301 216 0.7176
5159.0000 301 217 0.7209
5160.0000 301 218 0.7243
5161.0000 302 218 0.7219
5162.0000 302 219 0.7252
5177.0000 303 219 0.7228
5189.0000 303 220 0.7261
5193.0000 304 220 0.7237
5202.0000 304 221 0.7270
5211.0000 305 221 0.7246
5227.0000 306 221 0.7222
5238.0000 306 222 0.7255
5244.0000 307 222 0.7231
5260.0000 308 222 0.7208
5274.0000 308 223 0.7240
5278.0000 309 223 0.7217
5291.0000 309 224 0.7249
5294.0000 310 224 0.7226
5313.0000 311 224 0.7203
5316.0000 311 225 0.7235
5319.0000 311 226 0.7267
5329.0000 312 226 0.7244
5348.0000 313 226 0.7220
5364.0000 314 226 0.7197
5367.0000 314 227 0.7229
5381.0000 315 227 0.7206
5397.0000 316 227 0.7184
5399.0000 316 228 0.7215
5412.0000 317 228 0.7192
5424.0000 317 229 0.7224
5429.0000 317 230 0.7256
5431.0000 318 230 0.7233
5446.0000 318 231 0.7264
5449.0000 319 231 0.7241
5465.0000 320 231 0.7219
5472.0000 320 232 0.7250
5484.0000 321 232 0.7227
5502.0000 322 232 0.7205
5519.0000 323 232 0.7183
5535.0000 324 232 0.7160
5551.0000 325 232 0.7138
5566.0000 326 232 0.7117
5581.0000 326 233 0.7147
5585.0000 327 233 0.7125
5601.0000 328 233 0.7104
5609.0000 328 234 0.7134
5618.0000 329 234 0.7112
5637.0000 330 234 0.7091
5637.0000 330 235 0.7121
5654.0000 331 235 0.7100
5655.0000 331 236 0.7130
5672.0000 332 236 0.7108
5686.0000 332 237 0.7139
5690.0000 333 237 0.7117
5704.0000 333 238 0.7147
5705.0000 334 238 0.7126
5721.0000 335 238 0.7104
5738.0000 336 238 0.7083
5755.0000 337 238 0.7062
5756.0000 337 239 0.7092
5771.0000 338 239 0.7071
5772.0000 338 240 0.7101
5772.0000 338 241 0.7130
5777.0000 338 242 0.7160
5787.0000 339 242 0.7139
5805.0000 340 242 0.7118
5823.0000 341 242 0.7097
5842.0000 342 242 0.7076
5861.0000 343 242 0.7055
5879.0000 344 242 0.7035
5880.0000 344 243 0.7064
5885.0000 344 244 0.7093
5890.0000 344 245 0.7122
5894.0000 345 245 0.7101
5895.0000 345 246 0.7130
5911.0000 346 246 0.7110
5919.0000 346 247 0.7139
5930.0000 347 247 0.7118
5945.0000 348 247 0.7098
5950.0000 348 248 0.7126
5952.0000 348 249 0.7155
5954.0000 348 250 0.7184
5961.0000 348 251 0.7213
5963.0000 349 251 0.7192
5982.0000 350 251 0.7171
5982.0000 350 252 0.7200
5983.0000 350 253 0.7229
5998.0000 350 254 0.7257
5999.0000 351 254 0.7236
6018.0000 352 254 0.7216
6019.0000 352 255 0.7244
6027.0000 352 256 0.7273
6035.0000 353 256 0.7252
6045.0000 353 257 0.7280
6053.0000 354 257 0.7260
6059.0000 354 258 0.7288
6066.0000 354 259 0.7316
6068.0000 355 259 0.7296
6083.0000 356 259 0.7275
6089.0000 356 260 0.7303
6092.0000 356 261 0.7331
6092.0000 356 262 0.7360
6094.0000 356 263 0.7388
6102.0000 357 263 0.7367
6117.0000 358 263 0.7346
6120.0000 358 264 0.7374
6134.0000 359 264 0.7354
6135.0000 359 265 0.7382
6139.0000 359 266 0.7409
6151.0000 360 266 0.7389
6153.0000 360 267 0.7417
6155.0000 360 268 0.7444
6159.0000 360 269 0.7472
6160.0000 360 270 0.7500
6166.0000 361 270 0.7479
6184.0000 362 270 0.7459
6203.0000 363 270 0.7438
6218.0000 364 270 0.7418
6229.0000 364 271 0.7445
6230.0000 364 272 0.7473
6237.0000 365 272 0.7452
6256.0000 366 272 0.7432
6256.0000 366 273 0.7459
6257.0000 366 274 0.7486
6259.0000 366 275 0.7514
6263.0000 366 276 0.7541
6271.0000 367 276 0.7520
6288.0000 368 276 0.7500
6288.0000 368 277 0.7527
6297.0000 368 278 0.7554
6307.0000 369 278 0.7534
6311.0000 369 279 0.7561
6325.0000 370 279 0.7541
6341.0000 371 279 0.7520
6357.0000 372 279 0.7500
6371.0000 372 280 0.7527
6372.0000 372 281 0.7554
6376.0000 373 281 0.7534
6391.0000 374 281 0.7513
6391.0000 374 282 0.7540
6392.0000 374 283 0.7567
6406.0000 375 283 0.7547
6408.0000 375 284 0.7573
6424.0000 376 284 0.7553
6425.0000 376 285 0.7580
6440.0000 377 285 0.7560
6443.0000 377 286 0.7586
6455.0000 377 287 0.7613
6456.0000 378 287 0.7593
6473.0000 378 288 0.7619
6474.0000 379 288 0.7599
6491.0000 380 288 0.7579
6506.0000 381 288 0.7559
6518.0000 381 289 0.7585
6521.0000 382 289 0.7565
6539.0000 383 289 0.7546
6543.0000 383 290 0.7572
6547.0000 383 291 0.7598
6549.0000 383 292 0.7624
6551.0000 383 293 0.7650
6556.0000 384 293 0.7630
6557.0000 384 294 0.7656
6570.0000 384 295 0.7682
6572.0000 385 295 0.7662
6575.0000 385 296 0.7688
6590.0000 386 296 0.7668
6607.0000 387 296 0.7649
6609.0000 387 297 0.7674
6626.0000 388 297 0.7655
6644.0000 389 297 0.7635
6660.0000 389 298 0.7661
6663.0000 390 298 0.7641
6679.0000 391 298 0.7621
6694.0000 392 298 0.7602
6713.0000 393 298 0.7583
6730.0000 394 298 0.7563
6746.0000 395 298 0.7544
6763.0000 396 298 0.7525
6779.0000 397 298 0.7506
6796.0000 398 298 0.7487
6805.0000 398 299 0.7513
6812.0000 399 299 0.7494
6818.0000 399 300 0.7519
6827.0000 400 300 0.7500
6830.0000 400 301 0.7525
6842.0000 401 301 0.7506
6860.0000 402 301 0.7488
6877.0000 403 301 0.7469
6884.0000 403 302 0.7494
6886.0000 403 303 0.7519
6893.0000 404 303 0.7500
6908.0000 404 304 0.7525
6911.0000 405 304 0.7506
6925.0000 405 305 0.7531
6927.0000 406 305 0.7512
6929.0000 406 306 0.7537
6939.0000 406 307 0.7562
6943.0000 407 307 0.7543
6959.0000 408 307 0.7525
6969.0000 408 308 0.7549
6976.0000 409 308 0.7531
6991.0000 410 308 0.7512
6992.0000 410 309 0.7537
6995.0000 410 310 0.7561
7002.0000 410 311 0.7585
7007.0000 411 311 0.7567
7020.0000 411 312 0.7591
7023.0000 412 312 0.7573
7029.0000 412 313 0.7597
7038.0000 413 313 0.7579
7053.0000 414 313 0.7560
7064.0000 414 314 0.7585
7068.0000 415 314 0.7566
7070.0000 415 315 0.7590
7074.0000 415 316 0.7614
7083.0000 416 316 0.7596
7102.0000 417 316 0.7578
7104.0000 417 317 0.7602
7107.0000 417 318 0.7626
7117.0000 417 319 0.7650
7121.0000 418 319 0.7632
7137.0000 418 320 0.7656
7139.0000 419 320 0.7637
7141.0000 419 321 0.7661
7143.0000 419 322 0.7685
7154.0000 419 323 0.7709
7155.0000 420 323 0.7690
7158.0000 420 324 0.7714
7172.0000 421 324 0.7696
7178.0000 421 325 0.7720
7185.0000 421 326 0.7743
7190.0000 422 326 0.7725
7191.0000 422 327 0.7749
7193.0000 422 328 0.7773
7198.0000 422 329 0.7796
7206.0000 423 329 0.7778
7216.0000 423 330 0.7801
7217.0000 423 331 0.7825
7222.0000 424 331 0.7807
7223.0000 424 332 0.7830
7238.0000 424 333 0.7854
7240.0000 425 333 0.7835
7257.0000 426 333 0.7817
7273.0000 427 333 0.7799
7280.0000 427 334 0.7822
7292.0000 428 334 0.7804
7305.0000 428 335 0.7827
7309.0000 429 335 0.7809
7319.0000 429 336 0.7832
7327.0000 430 336 0.7814
7339.0000 430 337 0.7837
7345.0000 431 337 0.7819
7350.0000 431 338 0.7842
7364.0000 432 338 0.7824
7367.0000 432 339 0.7847
7380.0000 433 339 0.7829
7399.0000 434 339 0.7811
7414.0000 435 339 0.7793
7429.0000 436 339 0.7775
7433.0000 436 340 0.7798
7434.0000 436 341 0.7821
7435.0000 436 342 0.7844
7436.0000 436 343 0.7867
7446.0000 437 343 0.7849
7447.0000 437 344 0.7872
7464.0000 437 345 0.7895
7465.0000 438 345 0.7877
7472.0000 438 346 0.7900
7482.0000 439 346 0.7882
7486.0000 439 347 0.7904
7488.0000 439 348 0.7927
7493.0000 439 349 0.7950
7500.0000 440 349 0.7932
7518.0000 441 349 0.7914
7537.0000 442 349 0.7896
7556.0000 443 349 0.7878
7559.0000 443 350 0.7901
7571.0000 444 350 0.7883
7576.0000 444 351 0.7905
7587.0000 445 351 0.7888
7597.0000 445 352 0.7910
7604.0000 446 352 0.7892
7615.0000 446 353 0.7915
7619.0000 447 353 0.7897
7635.0000 448 353 0.7879
7654.0000 449 353 0.7862
7672.0000 450 353 0.7844
7672.0000 450 354 0.7867
7691.0000 451 354 0.7849
7706.0000 452 354 0.7832
7725.0000 453 354 0.7815
7739.0000 453 355 0.7837
7740.0000 453 356 0.7859
7742.0000 454 356 0.7841
7757.0000 455 356 0.7824
7774.0000 456 356 0.7807
7785.0000 456 357 0.7829
7790.0000 457 357 0.7812
7796.0000 457 358 0.7834
7797.0000 457 359 0.7856
7806.0000 458 359 0.7838
7824.0000 459 359 0.7821
7836.0000 459 360 0.7843
7842.0000 460 360 0.7826
7859.0000 461 360 0.7809
7860.0000 461 361 0.7831
7878.0000 462 361 0.7814
7895.0000 463 361 0.7797
7910.0000 464 361 0.7780
7928.0000 465 361 0.7763
7943.0000 466 361 0.7747
7961.0000 467 361 0.7730
7977.0000 468 361 0.7714
7994.0000 469 361 0.7697
8013.0000 470 361 0.7681
8028.0000 471 361 0.7665
8046.0000 472 361 0.7648
8065.0000 473 361 0.7632
8070.0000 473 362 0.7653
8080.0000 473 363 0.7674
8082.0000 474 363 0.7658
8097.0000 475 363 0.7642
8113.0000 476 363 0.7626
8132.0000 477 363 0.7610
8132.0000 477 364 0.7631
8147.0000 478 364 0.7615
8163.0000 479 364 0.7599
8182.0000 480 364 0.7583
8198.0000 481 364 0.7568
8214.0000 482 364 0.7552
8230.0000 483 364 0.7536
8247.0000 484 364 0.7521
8262.0000 484 365 0.7541
8263.0000 484 366 0.7562
8266.0000 485 366 0.7546
8267.0000 485 367 0.7567
8268.0000 485 368 0.7588
8281.0000 486 368 0.7572
8284.0000 486 369 0.7593
8285.0000 486 370 0.7613
8296.0000 487 370 0.7598
8313.0000 488 370 0.7582
8315.0000 488 371 0.7602
8317.0000 488 372 0.7623
8319.0000 488 373 0.7643
8320.0000 488 374 0.7664
8322.0000 488 375 0.7684
8331.0000 489 375 0.7669
8349.0000 490 375 0.7653
8357.0000 490 376 0.7673
8367.0000 491 376 0.7658
8368.0000 491 377 0.7678
8369.0000 491 378 0.7699
8370.0000 491 379 0.7719
8380.0000 491 380 0.7739
8386.0000 492 380 0.7724
8403.0000 493 380 0.7708
8409.0000 493 381 0.7728
8413.0000 493 382 0.7748
8422.0000 494 382 0.7733
8423.0000 494 383 0.7753
8425.0000 494 384 0.7773
8432.0000 494 385 0.7794
8437.0000 495 385 0.7778
8441.0000 495 386 0.7798
8442.0000 495 387 0.7818
8442.0000 495 388 0.7838
8449.0000 495 389 0.7859
8454.0000 496 389 0.7843
8470.0000 497 389 0.7827
8485.0000 497 390 0.7847
8488.0000 498 390 0.7831
8504.0000 499 390 0.7816
8522.0000 500 390 0.7800
8540.0000 501 390 0.7784
8544.0000 501 391 0.7804
8558.0000 502 391 0.7789
8574.0000 503 391 0.7773
8591.0000 504 391 0.7758
8592.0000 504 392 0.7778
8593.0000 504 393 0.7798
8601.0000 504 394 0.7817
8603.0000 504 395 0.7837
8604.0000 504 396 0.7857
8607.0000 505 396 0.7842
8618.0000 505 397 0.7861
8624.0000 506 397 0.7846
8643.0000 507 397 0.7830
8659.0000 508 397 0.7815
8660.0000 508 398 0.7835
8675.0000 509 398 0.7819
8687.0000 509 399 0.7839
8690.0000 510 399 0.7824
8705.0000 510 400 0.7843
8706.0000 511 400 0.7828
8713.0000 511 401 0.7847
8724.0000 512 401 0.7832
8742.0000 513 401 0.7817
8761.0000 514 401 0.7802
8762.0000 514 402 0.7821
8769.0000 514 403 0.7840
8771.0000 514 404 0.7860
8778.0000 515 404 0.7845
8794.0000 515 405 0.7864
8795.0000 516 405 0.7849
8809.0000 516 406 0.7868
8812.0000 517 406 0.7853
8831.0000 518 406 0.7838
8836.0000 518 407 0.7857
8841.0000 518 408 0.7876
8842.0000 518 409 0.7896
8844.0000 518 410 0.7915
8845.0000 518 411 0.7934
8845.0000 518 412 0.7954
8849.0000 519 412 0.7938
8852.0000 519 413 0.7958
8859.0000 519 414 0.7977
8865.0000 520 414 0.7962
8881.0000 521 414 0.7946
8896.0000 522 414 0.7931
8915.0000 523 414 0.7916
8932.0000 524 414 0.7901
8949.0000 525 414 0.7886
8952.0000 525 415 0.7905
8968.0000 526 415 0.7890
8978.0000 526 416 0.7909
8985.0000 527 416 0.7894
8991.0000 527 417 0.7913
9004.0000 528 417 0.7898
9022.0000 529 417 0.7883
9040.0000 530 417 0.7868
9045.0000 530 418 0.7887
9055.0000 531 418 0.7872
9071.0000 532 418 0.7857
9090.0000 533 418 0.7842
9092.0000 533 419 0.7861
9108.0000 534 419 0.7846
9117.0000 534 420 0.7865
9125.0000 535 420 0.7850
9144.0000 536 420 0.7836
9162.0000 537 420 0.7821
9178.0000 538 420 0.7807
9193.0000 538 421 0.7825
9194.0000 539 421 0.7811
9205.0000 539 422 0.7829
9211.0000 540 422 0.7815
9226.0000 541 422 0.7800
9239.0000 541 423 0.7819
9239.0000 541 424 0.7837
9243.0000 542 424 0.7823
9243.0000 542 425 0.7841
9261.0000 543 425 0.7827
9270.0000 543 426 0.7845
9276.0000 543 427 0.7864
9277.0000 543 428 0.7882
9278.0000 544 428 0.7868
9279.0000 544 429 0.7886
9290.0000 544 430 0.7904
9294.0000 544 431 0.7923
9296.0000 545 431 0.7908
9297.0000 545 432 0.7927
9300.0000 545 433 0.7945
9301.0000 545 434 0.7963
9312.0000 546 434 0.7949
9329.0000 546 435 0.7967
9331.0000 547 435 0.7952
9350.0000 548 435 0.7938
9362.0000 548 436 0.7956
9369.0000 549 436 0.7942
9371.0000 549 437 0.7960
9387.0000 550 437 0.7945
9406.0000 551 437 0.7931
9424.0000 552 437 0.7917
9425.0000 552 438 0.7935
9429.0000 552 439 0.7953
9439.0000 553 439 0.7939
9442.0000 553 440 0.7957
9455.0000 554 440 0.7942
9471.0000 555 440 0.7928
9478.0000 555 441 0.7946
9487.0000 556 441 0.7932
9505.0000 557 441 0.7917
9508.0000 557 442 0.7935
9511.0000 557 443 0.7953
9522.0000 558 443 0.7939
9525.0000 558 444 0.7957
9541.0000 559 444 0.7943
9558.0000 559 445 0.7961
9559.0000 560 445 0.7946
9577.0000 561 445 0.7932
9594.0000 562 445 0.7918
9610.0000 563 445 0.7904
9625.0000 564 445 0.7890
9643.0000 565 445 0.7876
9660.0000 566 445 0.7862
9668.0000 566 446 0.7880
9677.0000 567 446 0.7866
9696.0000 568 446 0.7852
9697.0000 568 447 0.7870
9711.0000 569 447 0.7856
9730.0000 570 447 0.7842
9745.0000 571 447 0.7828
9752.0000 571 448 0.7846
9753.0000 571 449 0.7863
9758.0000 571 450 0.7881
9763.0000 572 450 0.7867
9763.0000 572 451 0.7885
9777.0000 572 452 0.7902
9778.0000 573 452 0.7888
9797.0000 574 452 0.7875
9808.0000 574 453 0.7892
9815.0000 575 453 0.7878
9834.0000 576 453 0.7865
9853.0000 577 453 0.7851
9856.0000 577 454 0.7868
9866.0000 577 455 0.7886
9871.0000 578 455 0.7872
9885.0000 578 456 0.7889
9886.0000 579 456 0.7876
9902.0000 580 456 0.7862
9920.0000 581 456 0.7849
9926.0000 581 457 0.7866
9928.0000 581 458 0.7883
9931.0000 581 459 0.7900
9938.0000 582 459 0.7887
9955.0000 583 459 0.7873
9971.0000 583 460 0.7890
9973.0000 584 460 0.7877
9989.0000 585 460 0.7863
10005.0000 586 460 0.7850
10019.0000 586 461 0.7867
10020.0000 586 462 0.7884
10024.0000 587 462 0.7871
10026.0000 587 463 0.7888
10040.0000 588 463 0.7874
10059.0000 589 463 0.7861
10073.0000 589 464 0.7878
10076.0000 590 464 0.7864
10077.0000 590 465 0.7881
10094.0000 591 465 0.7868
10097.0000 591 466 0.7885
10104.0000 591 467 0.7902
10111.0000 592 467 0.7889
10122.0000 592 468 0.7905
10125.0000 592 469 0.7922
10129.0000 592 470 0.7939
10130.0000 593 470 0.7926
10147.0000 594 470 0.7912
10153.0000 594 471 0.7929
10165.0000 595 471 0.7916
10181.0000 596 471 0.7903
10197.0000 597 471 0.7889
10214.0000 598 471 0.7876
10233.0000 599 471 0.7863
10242.0000 599 472 0.7880
10248.0000 600 472 0.7867
10254.0000 600 473 0.7883
10267.0000 601 473 0.7870
10272.0000 601 474 0.7887
10284.0000 602 474 0.7874
10287.0000 602 475 0.7890
10292.0000 602 476 0.7907
10300.0000 603 476 0.7894
10310.0000 603 477 0.7910
10319.0000 604 477 0.7897
10338.0000 605 477 0.7884
10342.0000 605 478 0.7901
10346.0000 605 479 0.7917
10348.0000 605 480 0.7934
10357.0000 606 480 0.7921
10372.0000 607 480 0.7908
10375.0000 607 481 0.7924
10377.0000 607 482 0.7941
10379.0000 607 483 0.7957
10391.0000 608 483 0.7944
10407.0000 608 484 0.7961
10410.0000 609 484 0.7947
10425.0000 609 485 0.7964
10429.0000 610 485 0.7951
10434.0000 610 486 0.7967
10435.0000 610 487 0.7984
10444.0000 611 487 0.7971
10452.0000 611 488 0.7987
10461.0000 612 488 0.7974
10476.0000 613 488 0.7961
10482.0000 613 489 0.7977
10482.0000 613 490 0.7993
10494.0000 614 490 0.7980
10502.0000 614 491 0.7997
10510.0000 615 491 0.7984
10526.0000 616 491 0.7971
10542.0000 617 491 0.7958
10560.0000 618 491 0.7945
10571.0000 618 492 0.7961
10575.0000 619 492 0.7948
10580.0000 619 493 0.7964
10590.0000 620 493 0.7952
10607.0000 620 494 0.7968
10609.0000 621 494 0.7955
10612.0000 621 495 0.7971
10625.0000 622 495 0.7958
10642.0000 623 495 0.7945
10658.0000 624 495 0.7933
10675.0000 625 495 0.7920
10681.0000 625 496 0.7936
10694.0000 626 496 0.7923
10697.0000 626 497 0.7939
10711.0000 627 497 0.7927
10719.0000 627 498 0.7943
10719.0000 627 499 0.7959
10727.0000 628 499 0.7946
10737.0000 628 500 0.7962
10739.0000 628 501 0.7978
10742.0000 629 501 0.7965
10760.0000 630 501 0.7952
10769.0000 630 502 0.7968
10779.0000 631 502 0.7956
10795.0000 631 503 0.7971
10796.0000 632 503 0.7959
10809.0000 632 504 0.7975
10812.0000 633 504 0.7962
10821.0000 633 505 0.7978
10823.0000 633 506 0.7994
10830.0000 634 506 0.7981
10837.0000 634 507 0.7997
10840.0000 634 508 0.8013
10847.0000 635 508 0.8000
10865.0000 636 508 0.7987
10884.0000 637 508 0.7975
10903.0000 638 508 0.7962
10922.0000 639 508 0.7950
10922.0000 639 509 0.7966
10924.0000 639 510 0.7981
10934.0000 639 511 0.7997
10939.0000 640 511 0.7984
10955.0000 641 511 0.7972
10972.0000 642 511 0.7960
10975.0000 642 512 0.7975
10981.0000 642 513 0.7991
10991.0000 643 513 0.7978
11006.0000 644 513 0.7966
11012.0000 644 514 0.7981
11014.0000 644 515 0.7997
11015.0000 644 516 0.8012
11023.0000 644 517 0.8028
11025.0000 645 517 0.8016
11041.0000 646 517 0.8003
11059.0000 647 517 0.7991
11066.0000 647 518 0.8006
11068.0000 647 519 0.8022
11071.0000 647 520 0.8037
11076.0000 647 521 0.8053
11077.0000 647 522 0.8068
11078.0000 648 522 0.8056
11094.0000 649 522 0.8043
11094.0000 649 523 0.8059
11097.0000 649 524 0.8074
11104.0000 649 525 0.8089
11109.0000 649 526 0.8105
11111.0000 650 526 0.8092
11111.0000 650 527 0.8108
11117.0000 650 528 0.8123
11118.0000 650 529 0.8138
11128.0000 651 529 0.8126
11132.0000 651 530 0.8141
11144.0000 652 530 0.8129
11152.0000 652 531 0.8144
11153.0000 652 532 0.8160
11160.0000 653 532 0.8147
11160.0000 653 533 0.8162
11176.0000 654 533 0.8150
11177.0000 654 534 0.8165
11195.0000 655 534 0.8153
11207.0000 655 535 0.8168
11211.0000 656 535 0.8155
11216.0000 656 536 0.8171
11229.0000 657 536 0.8158
11245.0000 658 536 0.8146
11252.0000 658 537 0.8161
11259.0000 658 538 0.8176
11260.0000 659 538 0.8164
11275.0000 660 538 0.8152
11283.0000 660 539 0.8167
11290.0000 661 539 0.8154
11304.0000 661 540 0.8169
11305.0000 662 540 0.8157
11307.0000 662 541 0.8172
11318.0000 662 542 0.8187
11320.0000 663 542 0.8175
11322.0000 663 543 0.8190
11331.0000 663 544 0.8205
11333.0000 663 545 0.8220
11334.0000 663 546 0.8235
11335.0000 663 547 0.8250
11336.0000 664 547 0.8238
11353.0000 665 547 0.8226
11357.0000 665 548 0.8241
11369.0000 665 549 0.8256
11372.0000 666 549 0.8243
11373.0000 666 550 0.8258
11387.0000 667 550 0.8246
11406.0000 668 550 0.8234
11409.0000 668 551 0.8249
11410.0000 668 552 0.8263
11411.0000 668 553 0.8278
11412.0000 668 554 0.8293
11413.0000 668 555 0.8308
11414.0000 668 556 0.8323
11416.0000 668 557 0.8338
11417.0000 668 558 0.8353
11425.0000 669 558 0.8341
11444.0000 670 558 0.8328
11453.0000 670 559 0.8343
11461.0000 671 559 0.8331
11464.0000 671 560 0.8346
11480.0000 672 560 0.8333
11489.0000 672 561 0.8348
11499.0000 673 561 0.8336
11513.0000 673 562 0.8351
11515.0000 673 563 0.8366
11518.0000 674 563 0.8353
11535.0000 675 563 0.8341
11546.0000 675 564 0.8356
11546.0000 675 565 0.8370
11550.0000 676 565 0.8358
11567.0000 677 565 0.8346
11582.0000 677 566 0.8360
11586.0000 678 566 0.8348
11587.0000 678 567 0.8363
11599.0000 678 568 0.8378
11604.0000 679 568 0.8365
11606.0000 679 569 0.8380
11607.0000 679 570 0.8395
11622.0000 680 570 0.8382
11640.0000 681 570 0.8370
11640.0000 681 571 0.8385
11654.0000 681 572 0.8399
11657.0000 682 572 0.8387
11673.0000 683 572 0.8375
11691.0000 683 573 0.8389
11692.0000 684 573 0.8377
11711.0000 685 573 0.8365
11729.0000 686 573 0.8353
11731.0000 686 574 0.8367
11747.0000 687 574 0.8355
11760.0000 687 575 0.8370
11762.0000 688 575 0.8358
11777.0000 689 575 0.8345
11779.0000 689 576 0.8360
11795.0000 690 576 0.8348
11814.0000 691 576 0.8336
11829.0000 692 576 0.8324
11830.0000 692 577 0.8338
11844.0000 693 577 0.8326
11857.0000 693 578 0.8341
11860.0000 694 578 0.8329
11872.0000 694 579 0.8343
11873.0000 694 580 0.8357
11874.0000 694 581 0.8372
11876.0000 695 581 0.8360
11890.0000 695 582 0.8374
11893.0000 696 582 0.8362
11910.0000 697 582 0.8350
11926.0000 698 582 0.8338
11943.0000 699 582 0.8326
11957.0000 699 583 0.8340
11959.0000 700 583 0.8329
11976.0000 701 583 0.8317
11993.0000 702 583 0.8305
12003.0000 702 584 0.8319
12004.0000 702 585 0.8333
12005.0000 702 586 0.8348
12012.0000 703 586 0.8336
12024.0000 703 587 0.8350
12026.0000 703 588 0.8364
12027.0000 704 588 0.8352
12029.0000 704 589 0.8366
12037.0000 704 590 0.8381
12044.0000 705 590 0.8369
12044.0000 705 591 0.8383
12045.0000 705 592 0.8397
12057.0000 705 593 0.8411
12060.0000 706 593 0.8399
12076.0000 707 593 0.8388
12077.0000 707 594 0.8402
12095.0000 708 594 0.8390
12105.0000 708 595 0.8404
12113.0000 709 595 0.8392
12131.0000 710 595 0.8380
12133.0000 710 596 0.8394
12149.0000 711 596 0.8383
12167.0000 712 596 0.8371
12169.0000 712 597 0.8385
12178.0000 712 598 0.8399
12182.0000 713 598 0.8387
12184.0000 713 599 0.8401
12192.0000 713 600 0.8415
12199.0000 714 600 0.8403
12213.0000 714 601 0.8417
12217.0000 715 601 0.8406
12221.0000 715 602 0.8420
12230.0000 715 603 0.8434
12232.0000 715 604 0.8448
12235.0000 716 604 0.8436
12251.0000 717 604 0.8424
12270.0000 718 604 0.8412
12274.0000 718 605 0.8426
12286.0000 719 605 0.8414
12299.0000 719 606 0.8428
12304.0000 720 606 0.8417
12316.0000 720 607 0.8431
12319.0000 720 608 0.8444
12323.0000 721 608 0.8433
12338.0000 721 609 0.8447
12340.0000 722 609 0.8435
12350.0000 722 610 0.8449
12355.0000 723 610 0.8437
12363.0000 723 611 0.8451
12366.0000 723 612 0.8465
12369.0000 723 613 0.8479
12373.0000 724 613 0.8467
12375.0000 724 614 0.8481
12377.0000 724 615 0.8494
12377.0000 724 616 0.8508
12388.0000 725 616 0.8497
12406.0000 726 616 0.8485
12421.0000 726 617 0.8499
12422.0000 727 617 0.8487
12438.0000 728 617 0.8475
12456.0000 729 617 0.8464
12470.0000 729 618 0.8477
12473.0000 730 618 0.8466
12488.0000 731 618 0.8454
12491.0000 731 619 0.8468
12497.0000 731 620 0.8482
12502.0000 731 621 0.8495
12504.0000 732 621 0.8484
12520.0000 733 621 0.8472
12522.0000 733 622 0.8486
12539.0000 734 622 0.8474
12540.0000 734 623 0.8488
12554.0000 735 623 0.8476
12573.0000 736 623 0.8465
12589.0000 736 624 0.8478
12592.0000 737 624 0.8467
12610.0000 738 624 0.8455
12617.0000 738 625 0.8469
12620.0000 738 626 0.8482
12621.0000 738 627 0.8496
12623.0000 738 628 0.8509
12625.0000 739 628 0.8498
12636.0000 739 629 0.8512
12641.0000 740 629 0.8500
12658.0000 741 629 0.8489
12667.0000 741 630 0.8502
12677.0000 742 630 0.8491
12678.0000 742 631 0.8504
12680.0000 742 632 0.8518
12695.0000 743 632 0.8506
12714.0000 744 632 0.8495
12717.0000 744 633 0.8508
12718.0000 744 634 0.8522
12732.0000 745 634 0.8510
12748.0000 746 634 0.8499
12763.0000 747 634 0.8487
12766.0000 747 635 0.8501
12769.0000 747 636 0.8514
12781.0000 748 636 0.8503
12781.0000 748 637 0.8516
12800.0000 749 637 0.8505
12813.0000 749 638 0.8518
12818.0000 750 638 0.8507
12821.0000 750 639 0.8520
12828.0000 750 640 0.8533
12830.0000 750 641 0.8547
12833.0000 751 641 0.8535
12833.0000 751 642 0.8549
12835.0000 751 643 0.8562
12838.0000 751 644 0.8575
12848.0000 752 644 0.8564
12857.0000 752 645 0.8577
12866.0000 753 645 0.8566
12885.0000 754 645 0.8554
12885.0000 754 646 0.8568
12892.0000 754 647 0.8581
12902.0000 755 647 0.8570
12908.0000 755 648 0.8583
12915.0000 755 649 0.8596
12920.0000 756 649 0.8585
12932.0000 756 650 0.8598
12935.0000 757 650 0.8587
12951.0000 758 650 0.8575
12954.0000 758 651 0.8588
12967.0000 759 651 0.8577
12983.0000 760 651 0.8566
12998.0000 761 651 0.8555
13015.0000 762 651 0.8543
13031.0000 763 651 0.8532
13049.0000 764 651 0.8521
13068.0000 765 651 0.8510
13078.0000 765 652 0.8523
13086.0000 766 652 0.8512
13094.0000 766 653 0.8525
13100.0000 766 654 0.8538
13103.0000 767 654 0.8527
13114.0000 767 655 0.8540
13116.0000 767 656 0.8553
13118.0000 768 656 0.8542
13136.0000 769 656 0.8531
13148.0000 769 657 0.8544
13153.0000 770 657 0.8532
13168.0000 771 657 0.8521
13184.0000 771 658 0.8534
13185.0000 772 658 0.8523
13192.0000 772 659 0.8536
13201.0000 773 659 0.8525
13220.0000 774 659 0.8514
13234.0000 774 660 0.8527
13236.0000 775 660 0.8516
13251.0000 776 660 0.8505
13269.0000 777 660 0.8494
13277.0000 777 661 0.8507
13285.0000 778 661 0.8496
13301.0000 779 661 0.8485
13308.0000 779 662 0.8498
13315.0000 779 663 0.8511
13317.0000 780 663 0.8500
13336.0000 781 663 0.8489
13339.0000 781 664 0.8502
13352.0000 781 665 0.8515
13354.0000 782 665 0.8504
13354.0000 782 666 0.8517
13358.0000 782 667 0.8529
13359.0000 782 668 0.8542
13360.0000 782 669 0.8555
13362.0000 782 670 0.8568
13368.0000 782 671 0.8581
13369.0000 783 671 0.8570
13384.0000 784 671 0.8559
13399.0000 785 671 0.8548
13414.0000 786 671 0.8537
13415.0000 786