# time  created  delivered  delivered/created
19.0000 1 0 0.0000
34.0000 2 0 0.0000
51.0000 3 0 0.0000
54.0000 3 1 0.3333
64.0000 3 2 0.6667
70.0000 4 2 0.5000
87.0000 5 2 0.4000
93.0000 5 3 0.6000
100.0000 5 4 0.8000
103.0000 6 4 0.6667
111.0000 6 5 0.8333
120.0000 7 5 0.7143
136.0000 8 5 0.6250
147.0000 8 6 0.7500
155.0000 9 6 0.6667
159.0000 9 7 0.7778
173.0000 10 7 0.7000
192.0000 11 7 0.6364
208.0000 12 7 0.5833
210.0000 12 8 0.6667
227.0000 13 8 0.6154
237.0000 13 9 0.6923
245.0000 14 9 0.6429
252.0000 14 10 0.7143
261.0000 15 10 0.6667
272.0000 15 11 0.7333
276.0000 16 11 0.6875
289.0000 16 12 0.7500
293.0000 17 12 0.7059
294.0000 17 13 0.7647
309.0000 18 13 0.7222
328.0000 19 13 0.6842
329.0000 19 14 0.7368
346.0000 20 14 0.7000
365.0000 21 14 0.6667
380.0000 22 14 0.6364
395.0000 23 14 0.6087
410.0000 24 14 0.5833
414.0000 24 15 0.6250
429.0000 25 15 0.6000
445.0000 26 15 0.5769
461.0000 27 15 0.5556
461.0000 27 16 0.5926
480.0000 28 16 0.5714
481.0000 28 17 0.6071
497.0000 29 17 0.5862
509.0000 29 18 0.6207
515.0000 30 18 0.6000
534.0000 31 18 0.5806
553.0000 32 18 0.5625
570.0000 33 18 0.5455
588.0000 34 18 0.5294
600.0000 34 19 0.5588
600.0000 34 20 0.5882
606.0000 34 21 0.6176
607.0000 35 21 0.6000
622.0000 36 21 0.5833
638.0000 37 21 0.5676
647.0000 37 22 0.5946
656.0000 38 22 0.5789
661.0000 38 23 0.6053
662.0000 38 24 0.6316
671.0000 39 24 0.6154
688.0000 40 24 0.6000
698.0000 40 25 0.6250
707.0000 41 25 0.6098
709.0000 41 26 0.6341
726.0000 42 26 0.6190
741.0000 43 26 0.6047
760.0000 44 26 0.5909
779.0000 45 26 0.5778
795.0000 45 27 0.6000
798.0000 46 27 0.5870
813.0000 47 27 0.5745
828.0000 48 27 0.5625
846.0000 49 27 0.5510
861.0000 50 27 0.5400
876.0000 51 27 0.5294
895.0000 52 27 0.5192
914.0000 53 27 0.5094
933.0000 54 27 0.5000
952.0000 55 27 0.4909
957.0000 55 28 0.5091
969.0000 56 28 0.5000
973.0000 56 29 0.5179
986.0000 57 29 0.5088
987.0000 57 30 0.5263
995.0000 57 31 0.5439
1004.0000 58 31 0.5345
1022.0000 59 31 0.5254
1038.0000 60 31 0.5167
1057.0000 61 31 0.5082
1076.0000 62 31 0.5000
1095.0000 63 31 0.4921
1111.0000 64 31 0.4844
1126.0000 65 31 0.4769
1143.0000 66 31 0.4697
1145.0000 66 32 0.4848
1160.0000 67 32 0.4776
1172.0000 67 33 0.4925
1173.0000 67 34 0.5075
1179.0000 68 34 0.5000
1186.0000 68 35 0.5147
1196.0000 69 35 0.5072
1198.0000 69 36 0.5217
1214.0000 70 36 0.5143
1224.0000 70 37 0.5286
1225.0000 70 38 0.5429
1228.0000 70 39 0.5571
1232.0000 71 39 0.5493
1234.0000 71 40 0.5634
1251.0000 72 40 0.5556
1270.0000 73 40 0.5479
1287.0000 74 40 0.5405
1290.0000 74 41 0.5541
1294.0000 74 42 0.5676
1305.0000 75 42 0.5600
1321.0000 76 42 0.5526
1336.0000 77 42 0.5455
1337.0000 77 43 0.5584
1352.0000 78 43 0.5513
1365.0000 78 44 0.5641
1368.0000 79 44 0.5570
1382.0000 79 45 0.5696
1383.0000 79 46 0.5823
1386.0000 80 46 0.5750
1401.0000 81 46 0.5679
1420.0000 82 46 0.5610
1438.0000 83 46 0.5542
1453.0000 84 46 0.5476
1468.0000 85 46 0.5412
1484.0000 86 46 0.5349
1485.0000 86 47 0.5465
1502.0000 87 47 0.5402
1517.0000 88 47 0.5341
1536.0000 89 47 0.5281
1552.0000 90 47 0.5222
1570.0000 91 47 0.5165
1571.0000 91 48 0.5275
1586.0000 92 48 0.5217
1588.0000 92 49 0.5326
1601.0000 93 49 0.5269
1617.0000 94 49 0.5213
1619.0000 94 50 0.5319
1634.0000 95 50 0.5263
1649.0000 96 50 0.5208
1668.0000 97 50 0.5155
1670.0000 97 51 0.5258
1678.0000 97 52 0.5361
1680.0000 97 53 0.5464
1684.0000 98 53 0.5408
1688.0000 98 54 0.5510
1703.0000 99 54 0.5455
1718.0000 100 54 0.5400
1735.0000 101 54 0.5347
1742.0000 101 55 0.5446
1750.0000 102 55 0.5392
1751.0000 102 56 0.5490
1763.0000 102 57 0.5588
1765.0000 103 57 0.5534
1772.0000 103 58 0.5631
1777.0000 103 59 0.5728
1783.0000 104 59 0.5673
1802.0000 105 59 0.5619
1818.0000 106 59 0.5566
1833.0000 107 59 0.5514
1848.0000 108 59 0.5463
1863.0000 109 59 0.5413
1881.0000 110 59 0.5364
1884.0000 110 60 0.5455
1900.0000 111 60 0.5405
1918.0000 112 60 0.5357
1937.0000 113 60 0.5310
1954.0000 114 60 0.5263
1970.0000 115 60 0.5217
1989.0000 116 60 0.5172
2008.0000 117 60 0.5128
2024.0000 118 60 0.5085
2043.0000 119 60 0.5042
2061.0000 120 60 0.5000
2076.0000 121 60 0.4959
2078.0000 121 61 0.5041
2095.0000 122 61 0.5000
2103.0000 122 62 0.5082
2112.0000 123 62 0.5041
2131.0000 124 62 0.5000
2131.0000 124 63 0.5081
2148.0000 125 63 0.5040
2163.0000 126 63 0.5000
2179.0000 127 63 0.4961
2180.0000 127 64 0.5039
2195.0000 128 64 0.5000
2200.0000 128 65 0.5078
2213.0000 129 65 0.5039
2232.0000 130 65 0.5000
2233.0000 130 66 0.5077
2236.0000 130 67 0.5154
2239.0000 130 68 0.5231
2248.0000 131 68 0.5191
2257.0000 131 69 0.5267
2264.0000 132 69 0.5227
2283.0000 133 69 0.5188
2302.0000 134 69 0.5149
2304.0000 134 70 0.5224
2321.0000 135 70 0.5185
2336.0000 136 70 0.5147
2352.0000 137 70 0.5109
2367.0000 138 70 0.5072
2385.0000 139 70 0.5036
2404.0000 140 70 0.5000
2423.0000 141 70 0.4965
2438.0000 142 70 0.4930
2442.0000 142 71 0.5000
2456.0000 143 71 0.4965
2472.0000 144 71 0.4931
2489.0000 145 71 0.4897
2507.0000 146 71 0.4863
2508.0000 146 72 0.4932
2523.0000 147 72 0.4898
2538.0000 148 72 0.4865
2557.0000 149 72 0.4832
2558.0000 149 73 0.4899
2575.0000 150 73 0.4867
2583.0000 150 74 0.4933
2591.0000 151 74 0.4901
2606.0000 152 74 0.4868
2623.0000 153 74 0.4837
2626.0000 153 75 0.4902
2637.0000 153 76 0.4967
2640.0000 154 76 0.4935
2655.0000 155 76 0.4903
2669.0000 155 77 0.4968
2671.0000 156 77 0.4936
2680.0000 156 78 0.5000
2689.0000 157 78 0.4968
2695.0000 157 79 0.5032
2700.0000 157 80 0.5096
2703.0000 157 81 0.5159
2704.0000 157 82 0.5223
2706.0000 158 82 0.5190
2710.0000 158 83 0.5253
2712.0000 158 84 0.5316
2712.0000 158 85 0.5380
2719.0000 158 86 0.5443
2725.0000 159 86 0.5409
2730.0000 159 87 0.5472
2733.0000 159 88 0.5535
2741.0000 160 88 0.5500
2757.0000 161 88 0.5466
2759.0000 161 89 0.5528
2772.0000 162 89 0.5494
2787.0000 163 89 0.5460
2802.0000 164 89 0.5427
2817.0000 165 89 0.5394
2834.0000 165 90 0.5455
2835.0000 166 90 0.5422
2853.0000 167 90 0.5389
2856.0000 167 91 0.5449
2868.0000 168 91 0.5417
2884.0000 168 92 0.5476
2886.0000 169 92 0.5444
2902.0000 170 92 0.5412
2905.0000 170 93 0.5471
2915.0000 170 94 0.5529
2917.0000 171 94 0.5497
2928.0000 171 95 0.5556
2931.0000 171 96 0.5614
2933.0000 172 96 0.5581
2940.0000 172 97 0.5640
2947.0000 172 98 0.5698
2952.0000 173 98 0.5665
2952.0000 173 99 0.5723
2953.0000 173 100 0.5780
2968.0000 174 100 0.5747
2970.0000 174 101 0.5805
2984.0000 175 101 0.5771
3000.0000 176 101 0.5739
3000.0000 176 102 0.5795
3015.0000 177 102 0.5763
3031.0000 178 102 0.5730
3050.0000 179 102 0.5698
3065.0000 180 102 0.5667
3080.0000 181 102 0.5635
3097.0000 182 102 0.5604
3107.0000 182 103 0.5659
3116.0000 183 103 0.5628
3135.0000 184 103 0.5598
3144.0000 184 104 0.5652
3153.0000 185 104 0.5622
3170.0000 186 104 0.5591
3185.0000 187 104 0.5561
3202.0000 188 104 0.5532
3210.0000 188 105 0.5585
3213.0000 188 106 0.5638
3219.0000 189 106 0.5608
3235.0000 190 106 0.5579
3251.0000 191 106 0.5550
3261.0000 191 107 0.5602
3270.0000 192 107 0.5573
3277.0000 192 108 0.5625
3286.0000 192 109 0.5677
3289.0000 193 109 0.5648
3294.0000 193 110 0.5699
3294.0000 193 111 0.5751
3296.0000 193 112 0.5803
3308.0000 194 112 0.5773
3313.0000 194 113 0.5825
3323.0000 195 113 0.5795
3324.0000 195 114 0.5846
3338.0000 196 114 0.5816
3345.0000 196 115 0.5867
3346.0000 196 116 0.5918
3353.0000 196 117 0.5969
3355.0000 196 118 0.6020
3357.0000 197 118 0.5990
3365.0000 197 119 0.6041
3366.0000 197 120 0.6091
3373.0000 198 120 0.6061
3377.0000 198 121 0.6111
3381.0000 198 122 0.6162
3382.0000 198 123 0.6212
3388.0000 199 123 0.6181
3407.0000 200 123 0.6150
3425.0000 201 123 0.6119
3431.0000 201 124 0.6169
3434.0000 201 125 0.6219
3435.0000 201 126 0.6269
3436.0000 201 127 0.6318
3442.0000 202 127 0.6287
3458.0000 203 127 0.6256
3475.0000 204 127 0.6225
3476.0000 204 128 0.6275
3492.0000 205 128 0.6244
3507.0000 205 129 0.6293
3509.0000 205 130 0.6341
3511.0000 206 130 0.6311
3511.0000 206 131 0.6359
3516.0000 206 132 0.6408
3518.0000 206 133 0.6456
3529.0000 207 133 0.6425
3543.0000 207 134 0.6473
3547.0000 208 134 0.6442
3551.0000 208 135 0.6490
3552.0000 208 136 0.6538
3558.0000 208 137 0.6587
3566.0000 209 137 0.6555
3581.0000 210 137 0.6524
3600.0000 211 137 0.6493
3617.0000 212 137 0.6462
3620.0000 212 138 0.6509
3630.0000 212 139 0.6557
3632.0000 213 139 0.6526
3634.0000 213 140 0.6573
3640.0000 213 141 0.6620
3648.0000 214 141 0.6589
3648.0000 214 142 0.6636
3665.0000 215 142 0.6605
3668.0000 215 143 0.6651
3680.0000 216 143 0.6620
3684.0000 216 144 0.6667
3690.0000 216 145 0.6713
3695.0000 217 145 0.6682
3710.0000 218 145 0.6651
3710.0000 218 146 0.6697
3724.0000 218 147 0.6743
3729.0000 219 147 0.6712
3733.0000 219 148 0.6758
3743.0000 219 149 0.6804
3748.0000 220 149 0.6773
3755.0000 220 150 0.6818
3766.0000 221 150 0.6787
3772.0000 221 151 0.6833
3784.0000 222 151 0.6802
3796.0000 222 152 0.6847
3802.0000 223 152 0.6816
3813.0000 223 153 0.6861
3817.0000 223 154 0.6906
3821.0000 224 154 0.6875
3824.0000 224 155 0.6920
3828.0000 224 156 0.6964
3838.0000 225 156 0.6933
3842.0000 225 157 0.6978
3856.0000 226 157 0.6947
3863.0000 226 158 0.6991
3864.0000 226 159 0.7035
3869.0000 226 160 0.7080
3874.0000 227 160 0.7048
3883.0000 227 161 0.7093
3892.0000 228 161 0.7061
3898.0000 228 162 0.7105
3909.0000 229 162 0.7074
3920.0000 229 163 0.7118
3925.0000 229 164 0.7162
3926.0000 230 164 0.7130
3930.0000 230 165 0.7174
3945.0000 231 165 0.7143
3955.0000 231 166 0.7186
3960.0000 232 166 0.7155
3978.0000 233 166 0.7124
3980.0000 233 167 0.7167
3995.0000 234 167 0.7137
4010.0000 234 168 0.7179
4012.0000 234 169 0.7222
4014.0000 235 169 0.7191
4014.0000 235 170 0.7234
4033.0000 236 170 0.7203
4034.0000 236 171 0.7246
4047.0000 236 172 0.7288
4052.0000 237 172 0.7257
4056.0000 237 173 0.7300
4069.0000 238 173 0.7269
4087.0000 239 173 0.7238
4087.0000 239 174 0.7280
4088.0000 239 175 0.7322
4105.0000 240 175 0.7292
4107.0000 240 176 0.7333
4124.0000 241 176 0.7303
4140.0000 242 176 0.7273
4144.0000 242 177 0.7314
4152.0000 242 178 0.7355
4158.0000 243 178 0.7325
4177.0000 244 178 0.7295
4184.0000 244 179 0.7336
4195.0000 245 179 0.7306
4214.0000 246 179 0.7276
4223.0000 246 180 0.7317
4232.0000 247 180 0.7287
4251.0000 248 180 0.7258
4267.0000 249 180 0.7229
4282.0000 250 180 0.7200
4284.0000 250 181 0.7240
4296.0000 250 182 0.7280
4298.0000 251 182 0.7251
4302.0000 251 183 0.7291
4306.0000 251 184 0.7331
4308.0000 251 185 0.7371
4315.0000 252 185 0.7341
4326.0000 252 186 0.7381
4330.0000 253 186 0.7352
4334.0000 253 187 0.7391
4342.0000 253 188 0.7431
4345.0000 254 188 0.7402
4362.0000 255 188 0.7373
4378.0000 256 188 0.7344
4396.0000 257 188 0.7315
4397.0000 257 189 0.7354
4412.0000 258 189 0.7326
4413.0000 258 190 0.7364
4429.0000 259 190 0.7336
4448.0000 260 190 0.7308
4465.0000 261 190 0.7280
4481.0000 262 190 0.7252
4496.0000 263 190 0.7224
4511.0000 264 190 0.7197
4513.0000 264 191 0.7235
4526.0000 265 191 0.7208
4532.0000 265 192 0.7245
4534.0000 265 193 0.7283
4540.0000 265 194 0.7321
4543.0000 266 194 0.7293
4558.0000 267 194 0.7266
4567.0000 267 195 0.7303
4576.0000 268 195 0.7276
4593.0000 269 195 0.7249
4611.0000 270 195 0.7222
4618.0000 270 196 0.7259
4619.0000 270 197 0.7296
4629.0000 271 197 0.7269
4631.0000 271 198 0.7306
4645.0000 272 198 0.7279
4664.0000 273 198 0.7253
4673.0000 273 199 0.7289
4674.0000 273 200 0.7326
4682.0000 274 200 0.7299
4682.0000 274 201 0.7336
4697.0000 275 201 0.7309
4700.0000 275 202 0.7345
4702.0000 275 203 0.7382
4712.0000 276 203 0.7355
4727.0000 276 204 0.7391
4730.0000 277 204 0.7365
4748.0000 278 204 0.7338
4761.0000 278 205 0.7374
4765.0000 279 205 0.7348
4782.0000 280 205 0.7321
4796.0000 280 206 0.7357
4797.0000 281 206 0.7331
4815.0000 281 207 0.7367
4816.0000 282 207 0.7340
4822.0000 282 208 0.7376
4833.0000 283 208 0.7350
4840.0000 283 209 0.7385
4841.0000 283 210 0.7420
4843.0000 283 211 0.7456
4844.0000 283 212 0.7491
4850.0000 284 212 0.7465
4850.0000 284 213 0.7500
4865.0000 285 213 0.7474
4881.0000 286 213 0.7448
4897.0000 287 213 0.7422
4910.0000 287 214 0.7456
4915.0000 288 214 0.7431
4932.0000 289 214 0.7405
4948.0000 290 214 0.7379
4965.0000 291 214 0.7354
4973.0000 291 215 0.7388
4976.0000 291 216 0.7423
4984.0000 292 216 0.7397
4995.0000 292 217 0.7432
5002.0000 293 217 0.7406
5008.0000 293 218 0.7440
5020.0000 294 218 0.7415
5050.0000 284 229 0.8063
4865.0000 285 229 0.8035
4881.0000 286 229 0.8007
4897.0000 287 229 0.7979
4915.0000 288 229 0.7951
4932.0000 289 229 0.7924
4948.0000 290 229 0.7897
4965.0000 291 229 0.7869
4984.0000 292 229 0.7842
4986.0000 292 230 0.7877
4995.0000 292 231 0.7911
5002.0000 293 231 0.7884
5020.0000 294 231 0.7857
5039.0000 295 231 0.7831
5052.0000 295 232 0.7864
5057.0000 296 232 0.7838
5073.0000 297 232 0.7811
5092.0000 298 232 0.7785
5109.0000 299 232 0.7759
5128.0000 300 232 0.7733
5146.0000 301 229 0.7533
5200.0000 304 230 0.7566
5208.0000 304 231 0.7599
5210.0000 304 232 0.7632
5211.0000 305 232 0.7607
5220.0000 305 233 0.7639
5227.0000 306 233 0.7614
5244.0000 307 233 0.7590
5260.0000 308 233 0.7565
5267.0000 308 234 0.7597
5278.0000 309 234 0.7573
5294.0000 310 234 0.7548
5313.0000 311 234 0.7524
5326.0000 311 235 0.7556
5329.0000 312 235 0.7532
5334.0000 312 236 0.7564
5344.0000 312 237 0.7596
5348.0000 313 237 0.7572
5364.0000 314 237 0.7548
5381.0000 315 237 0.7524
5397.0000 316 237 0.7500
5294.0000 310 244 0.7871
5313.0000 311 244 0.7846
5319.0000 311 245 0.7878
5329.0000 312 245 0.7853
5334.0000 312 246 0.7885
5348.0000 313 246 0.7859
5364.0000 314 246 0.7834
5381.0000 315 246 0.7810
5397.0000 316 246 0.7785
5399.0000 316 247 0.7816
5412.0000 317 247 0.7792
5431.0000 318 247 0.7767
5449.0000 319 247 0.7743
5465.0000 320 247 0.7719
5481.0000 320 248 0.7750
5484.0000 321 248 0.7726
5501.0000 321 249 0.7757
5502.0000 322 249 0.7733
5503.0000 322 250 0.7764
5508.0000 322 251 0.7795
5511.0000 322 252 0.7826
5516.0000 322 253 0.7857
5519.0000 323 253 0.7833
5535.0000 324 253 0.7809
5549.0000 324 254 0.7840
5551.0000 325 254 0.7815
5566.0000 326 254 0.7791
5585.0000 327 254 0.7768
5601.0000 328 254 0.7744
5602.0000 328 255 0.7774
5617.0000 328 256 0.7805
5618.0000 329 256 0.7781
5637.0000 330 256 0.7758
5654.0000 331 256 0.7734
5655.0000 331 257 0.7764
5672.0000 332 257 0.7741
5690.0000 333 257 0.7718
5690.0000 333 258 0.7748
5695.0000 333 259 0.7778
5705.0000 334 259 0.7754
5721.0000 335 259 0.7731
5801.0000 339 256 0.7552
5805.0000 340 256 0.7529
5817.0000 340 257 0.7559
5823.0000 341 257 0.7537
5842.0000 342 257 0.7515
5861.0000 343 257 0.7493
5876.0000 343 258 0.7522
5879.0000 344 258 0.7500
5882.0000 344 259 0.7529
5894.0000 345 259 0.7507
5911.0000 346 259 0.7486
5920.0000 346 260 0.7514
5930.0000 347 260 0.7493
5945.0000 348 260 0.7471
5963.0000 349 260 0.7450
5982.0000 350 260 0.7429
5999.0000 351 260 0.7407
6005.0000 351 261 0.7436
6018.0000 352 261 0.7415
6035.0000 353 261 0.7394
6044.0000 353 262 0.7422
6046.0000 353 263 0.7450
6053.0000 354 263 0.7429
6054.0000 354 264 0.7458
6060.0000 354 265 0.7486
6068.0000 355 265 0.7465
6071.0000 355 266 0.7493
6083.0000 356 266 0.7472
6087.0000 356 267 0.7500
6088.0000 356 268 0.7528
6090.0000 356 269 0.7556
6096.0000 356 270 0.7584
6102.0000 357 270 0.7563
6104.0000 357 271 0.7591
6115.0000 357 272 0.7619
6117.0000 358 272 0.7598
6134.0000 359 272 0.7577
6137.0000 359 273 0.7604
6145.0000 359 274 0.7632
6145.0000 359 275 0.7660
6151.0000 360 275 0.7639
6166.0000 361 275 0.7618
6184.0000 362 275 0.7597
6191.0000 362 276 0.7624
6203.0000 363 276 0.7603
6218.0000 364 276 0.7582
6224.0000 364 277 0.7610
6237.0000 365 277 0.7589
6254.0000 365 278 0.7616
6256.0000 366 278 0.7596
6257.0000 366 279 0.7623
6271.0000 367 279 0.7602
6281.0000 367 280 0.7629
6288.0000 368 280 0.7609
6307.0000 369 280 0.7588
6308.0000 369 281 0.7615
6309.0000 369 282 0.7642
6313.0000 369 283 0.7669
6324.0000 369 284 0.7696
6325.0000 370 284 0.7676
6341.0000 371 284 0.7655
6342.0000 371 285 0.7682
6357.0000 372 285 0.7661
6362.0000 372 286 0.7688
6365.0000 372 287 0.7715
6376.0000 373 287 0.7694
6383.0000 373 288 0.7721
6390.0000 373 289 0.7748
6391.0000 374 289 0.7727
6394.0000 374 290 0.7754
6396.0000 374 291 0.7781
6406.0000 375 291 0.7760
6410.0000 375 292 0.7787
6416.0000 375 293 0.7813
6424.0000 376 293 0.7793
6431.0000 376 294 0.7819
6440.0000 377 294 0.7798
6444.0000 377 295 0.7825
6456.0000 378 295 0.7804
6474.0000 379 295 0.7784
6491.0000 380 295 0.7763
6506.0000 381 295 0.7743
6515.0000 381 296 0.7769
6521.0000 382 296 0.7749
6539.0000 383 296 0.7728
6556.0000 384 296 0.7708
6572.0000 385 296 0.7688
6573.0000 385 297 0.7714
6575.0000 385 298 0.7740
6590.0000 386 298 0.7720
6607.0000 387 298 0.7700
6626.0000 388 298 0.7680
6640.0000 388 299 0.7706
6644.0000 389 299 0.7686
6645.0000 389 300 0.7712
6663.0000 390 300 0.7692
6672.0000 390 301 0.7718
6679.0000 391 301 0.7698
6683.0000 391 302 0.7724
6694.0000 392 302 0.7704
6706.0000 392 303 0.7730
6708.0000 392 304 0.7755
6710.0000 392 305 0.7781
6713.0000 393 305 0.7761
6713.0000 393 306 0.7786
6714.0000 393 307 0.7812
6721.0000 393 308 0.7837
6730.0000 394 308 0.7817
6746.0000 395 308 0.7797
6763.0000 396 308 0.7778
6779.0000 397 308 0.7758
6785.0000 397 309 0.7783
6796.0000 398 309 0.7764
6812.0000 399 309 0.7744
6819.0000 399 310 0.7769
6827.0000 400 310 0.7750
6842.0000 401 310 0.7731
6860.0000 402 310 0.7711
6874.0000 402 311 0.7736
6877.0000 403 311 0.7717
6893.0000 404 311 0.7698
6903.0000 404 312 0.7723
6911.0000 405 312 0.7704
6915.0000 405 313 0.7728
6918.0000 405 314 0.7753
6924.0000 405 315 0.7778
6927.0000 406 315 0.7759
6927.0000 406 316 0.7783
6929.0000 406 317 0.7808
6943.0000 407 317 0.7789
6959.0000 408 317 0.7770
6968.0000 408 318 0.7794
6976.0000 409 318 0.7775
6991.0000 410 318 0.7756
7007.0000 411 318 0.7737
7019.0000 411 319 0.7762
7023.0000 412 319 0.7743
7024.0000 412 320 0.7767
7038.0000 413 320 0.7748
7053.0000 414 320 0.7729
7068.0000 415 320 0.7711
7070.0000 415 321 0.7735
7083.0000 416 321 0.7716
7102.0000 417 321 0.7698
7104.0000 417 322 0.7722
7111.0000 417 323 0.7746
7121.0000 418 323 0.7727
7132.0000 418 324 0.7751
7139.0000 419 324 0.7733
7155.0000 420 324 0.7714
7158.0000 420 325 0.7738
7172.0000 421 325 0.7720
7190.0000 422 325 0.7701
7206.0000 423 325 0.7683
7213.0000 423 326 0.7707
7222.0000 424 326 0.7689
7224.0000 424 327 0.7712
7239.0000 424 328 0.7736
7240.0000 425 328 0.7718
7257.0000 426 328 0.7700
7273.0000 427 328 0.7681
7277.0000 427 329 0.7705
7279.0000 427 330 0.7728
7292.0000 428 330 0.7710
7294.0000 428 331 0.7734
7309.0000 429 331 0.7716
7327.0000 430 331 0.7698
7334.0000 430 332 0.7721
7341.0000 430 333 0.7744
7345.0000 431 333 0.7726
7350.0000 431 334 0.7749
7362.0000 431 335 0.7773
7364.0000 432 335 0.7755
7366.0000 432 336 0.7778
7380.0000 433 336 0.7760
7390.0000 433 337 0.7783
7399.0000 434 337 0.7765
7414.0000 435 337 0.7747
7429.0000 436 337 0.7729
7432.0000 436 338 0.7752
7446.0000 437 338 0.7735
7447.0000 437 339 0.7757
7465.0000 438 339 0.7740
7482.0000 439 339 0.7722
7495.0000 439 340 0.7745
7500.0000 440 340 0.7727
7518.0000 441 340 0.7710
7537.0000 442 340 0.7692
7556.0000 443 340 0.7675
7571.0000 444 340 0.7658
7577.0000 444 341 0.7680
7580.0000 444 342 0.7703
7587.0000 445 342 0.7685
7604.0000 446 342 0.7668
7619.0000 447 342 0.7651
7635.0000 448 342 0.7634
7636.0000 448 343 0.7656
7637.0000 448 344 0.7679
7654.0000 449 344 0.7661
7672.0000 450 344 0.7644
7691.0000 451 344 0.7627
7706.0000 452 344 0.7611
7725.0000 453 344 0.7594
7742.0000 454 344 0.7577
7745.0000 454 345 0.7599
7747.0000 454 346 0.7621
7749.0000 454 347 0.7643
7750.0000 454 348 0.7665
7752.0000 454 349 0.7687
7753.0000 454 350 0.7709
7757.0000 455 350 0.7692
7761.0000 455 351 0.7714
7774.0000 456 351 0.7697
7790.0000 457 351 0.7681
7806.0000 458 351 0.7664
7815.0000 458 352 0.7686
7822.0000 458 353 0.7707
7824.0000 459 353 0.7691
7839.0000 459 354 0.7712
7842.0000 460 354 0.7696
7859.0000 461 354 0.7679
7865.0000 461 355 0.7701
7867.0000 461 356 0.7722
7876.0000 461 357 0.7744
7877.0000 461 358 0.7766
7878.0000 462 358 0.7749
7891.0000 462 359 0.7771
7892.0000 462 360 0.7792
7894.0000 462 361 0.7814
7895.0000 463 361 0.7797
7900.0000 463 362 0.7819
7910.0000 464 362 0.7802
7916.0000 464 363 0.7823
7928.0000 465 363 0.7806
7931.0000 465 364 0.7828
7943.0000 466 364 0.7811
7961.0000 467 364 0.7794
7977.0000 468 364 0.7778
7983.0000 468 365 0.7799
7985.0000 468 366 0.7821
7993.0000 468 367 0.7842
7994.0000 469 367 0.7825
8013.0000 470 367 0.7809
8028.0000 471 367 0.7792
8034.0000 471 368 0.7813
8046.0000 472 368 0.7987
7977.0000 468 373 0.7970
7994.0000 469 373 0.7953
8013.0000 470 373 0.7936
8028.0000 471 373 0.7919
8040.0000 471 374 0.7941
8046.0000 472 374 0.7924
8056.0000 472 375 0.7945
8065.0000 473 375 0.7928
8065.0000 473 376 0.7949
8082.0000 474 376 0.7932
8083.0000 474 377 0.7954
8097.0000 475 377 0.7937
8113.0000 476 377 0.7920
8132.0000 477 377 0.7904
8143.0000 477 378 0.7925
8147.0000 478 378 0.7908
8157.0000 478 379 0.7929
8163.0000 479 379 0.7912
8182.0000 480 379 0.7896
8198.0000 481 379 0.7879
8210.0000 481 380 0.7900
8214.0000 482 380 0.7884
8230.0000 483 380 0.7867
8247.0000 484 380 0.7851
8266.0000 485 380 0.7835
8274.0000 485 381 0.7856
8280.0000 485 382 0.7876
8281.0000 486 382 0.7860
8296.0000 487 382 0.7844
8302.0000 487 383 0.7864
8310.0000 487 384 0.7885
8313.0000 488 384 0.7869
8314.0000 488 385 0.7889
8331.0000 489 385 0.7873
8349.0000 490 385 0.7857
8367.0000 491 385 0.7841
8386.0000 492 385 0.7825
8393.0000 492 386 0.7846
8394.0000 492 387 0.7866
8403.0000 493 387 0.7850
8422.0000 494 387 0.7834
8437.0000 495 387 0.7818
8447.0000 495 388 0.7838
8454.0000 496 388 0.7823
8470.0000 497 388 0.7807
8488.0000 498 388 0.7791
8489.0000 498 389 0.7811
8503.0000 498 390 0.7831
8504.0000 499 390 0.7816
8522.0000 500 390 0.7800
8523.0000 500 391 0.7820
8540.0000 501 391 0.7804
8558.0000 502 391 0.7789
8564.0000 502 392 0.7809
8570.0000 502 393 0.7829
8571.0000 502 394 0.7849
8574.0000 503 394 0.7833
8591.0000 504 394 0.7817
8596.0000 504 395 0.7837
8604.0000 504 396 0.7857
8607.0000 505 396 0.7842
8624.0000 506 396 0.7826
8643.0000 507 396 0.7811
8659.0000 508 396 0.7795
8669.0000 508 397 0.7815
8669.0000 508 398 0.7835
8670.0000 508 399 0.7854
8675.0000 509 399 0.7839
8675.0000 509 400 0.7859
8676.0000 509 401 0.7878
8681.0000 509 402 0.7898
8688.0000 509 403 0.7917
8690.0000 510 403 0.7902
8699.0000 510 404 0.7922
8706.0000 511 404 0.7906
8724.0000 512 404 0.7891
8724.0000 512 405 0.7910
8742.0000 513 405 0.7895
8743.0000 513 406 0.7914
8745.0000 513 407 0.7934
8753.0000 513 408 0.7953
8753.0000 513 409 0.7973
8759.0000 513 410 0.7992
8761.0000 514 410 0.7977
8771.0000 514 411 0.7996
8774.0000 514 412 0.8016
8778.0000 515 412 0.8000
8795.0000 516 412 0.7984
8797.0000 516 413 0.8004
8801.0000 516 414 0.8023
8802.0000 516 415 0.8043
8812.0000 517 415 0.8027
8830.0000 517 416 0.8046
8831.0000 518 416 0.8031
8836.0000 518 417 0.8050
8838.0000 518 418 0.8069
8849.0000 519 418 0.8054
8849.0000 519 419 0.8073
8865.0000 520 419 0.8058
8881.0000 521 419 0.8042
8886.0000 521 420 0.8061
8896.0000 522 420 0.8046
8915.0000 523 420 0.8031
8932.0000 524 420 0.8015
8949.0000 525 420 0.8000
8954.0000 525 421 0.8019
8968.0000 526 421 0.8004
8972.0000 526 422 0.8023
8985.0000 527 422 0.8008
8989.0000 527 423 0.8027
9004.0000 528 423 0.8011
9011.0000 528 424 0.8030
9022.0000 529 424 0.8015
9034.0000 529 425 0.8034
9040.0000 530 425 0.8019
9042.0000 530 426 0.8038
9044.0000 530 427 0.8057
9055.0000 531 427 0.8041
9055.0000 531 428 0.8060
9071.0000 532 428 0.8045
9085.0000 532 429 0.8064
9090.0000 533 429 0.8049
9091.0000 533 430 0.8068
9108.0000 534 430 0.8052
9118.0000 534 431 0.8071
9120.0000 534 432 0.8090
9125.0000 535 432 0.8075
9144.0000 536 432 0.8060
9162.0000 537 432 0.8045
9178.0000 538 432 0.8030
9190.0000 538 433 0.8048
9192.0000 538 434 0.8067
9194.0000 539 434 0.8052
9206.0000 539 435 0.8071
9211.0000 540 435 0.8056
9215.0000 540 436 0.8074
9215.0000 540 437 0.8093
9226.0000 541 437 0.8078
9243.0000 542 437 0.8063
9261.0000 543 437 0.8048
9276.0000 543 438 0.8066
9278.0000 544 438 0.8051
9296.0000 545 438 0.8037
9308.0000 545 439 0.8055
9312.0000 546 439 0.8040
9316.0000 546 440 0.8059
9329.0000 546 441 0.8077
9331.0000 547 441 0.8062
9344.0000 547 442 0.8080
9350.0000 548 442 0.8066
9362.0000 548 443 0.8084
9369.0000 549 443 0.8069
9385.0000 549 444 0.8087
9387.0000 550 444 0.8073
9387.0000 550 445 0.8091
9406.0000 551 445 0.8076
9407.0000 551 446 0.8094
9408.0000 551 447 0.8113
9411.0000 551 448 0.8131
9419.0000 551 449 0.8149
9424.0000 552 449 0.8134
9438.0000 552 450 0.8152
9439.0000 553 450 0.8137
9447.0000 553 451 0.8156
9455.0000 554 451 0.8141
9458.0000 554 452 0.8159
9471.0000 555 452 0.8144
9483.0000 555 453 0.8162
9487.0000 556 453 0.8147
9505.0000 557 453 0.8133
9509.0000 557 454 0.8151
9512.0000 557 455 0.8169
9522.0000 558 455 0.8154
9536.0000 558 456 0.8172
9538.0000 558 457 0.8190
9541.0000 559 457 0.8175
9557.0000 559 458 0.8193
9559.0000 560 458 0.8179
9559.0000 560 459 0.8196
9569.0000 560 460 0.8214
9577.0000 561 460 0.8200
9594.0000 562 460 0.8185
9610.0000 563 460 0.8171
9625.0000 564 460 0.8156
9640.0000 564 461 0.8174
9643.0000 565 461 0.8159
9653.0000 565 462 0.8177
9658.0000 565 463 0.8195
9660.0000 566 463 0.8180
9664.0000 566 464 0.8198
9667.0000 566 465 0.8216
9677.0000 567 465 0.8201
9678.0000 567 466 0.8219
9678.0000 567 467 0.8236
9696.0000 568 467 0.8222
9710.0000 568 468 0.8239
9711.0000 569 468 0.8225
9712.0000 569 469 0.8243
9715.0000 569 470 0.8260
9726.0000 569 471 0.8278
9730.0000 570 471 0.8263
9737.0000 570 472 0.8281
9745.0000 571 472 0.8266
9763.0000 572 472 0.8252
9765.0000 572 473 0.8269
9768.0000 572 474 0.8287
9770.0000 572 475 0.8304
9778.0000 573 475 0.8290
9788.0000 573 476 0.8307
9797.0000 574 476 0.8293
9806.0000 574 477 0.8310
9815.0000 575 477 0.8296
9822.0000 575 478 0.8313
9834.0000 576 478 0.8299
9845.0000 576 479 0.8316
9852.0000 576 480 0.8333
9853.0000 577 480 0.8319
9853.0000 577 481 0.8336
9854.0000 577 482 0.8354
9855.0000 577 483 0.8371
9871.0000 578 483 0.8356
9879.0000 578 484 0.8374
9882.0000 578 485 0.8391
9886.0000 579 485 0.8377
9888.0000 579 486 0.8394
9895.0000 579 487 0.8411
9902.0000 580 487 0.8397
9917.0000 580 488 0.8414
9920.0000 581 488 0.8399
9935.0000 581 489 0.8417
9938.0000 582 489 0.8402
9952.0000 582 490 0.8419
9955.0000 583 490 0.8405
9970.0000 583 491 0.8422
9973.0000 584 491 0.8408
9989.0000 585 491 0.8393
10005.0000 586 491 0.8379
10024.0000 587 491 0.8365
10040.0000 588 491 0.8350
10058.0000 588 492 0.8367
10059.0000 589 492 0.8353
10059.0000 589 493 0.8370
10070.0000 589 494 0.8387
10073.0000 589 495 0.8404
10076.0000 590 495 0.8390
10094.0000 591 495 0.8376
10107.0000 591 496 0.8393
10111.0000 592 496 0.8378
10111.0000 592 497 0.8395
10128.0000 592 498 0.8412
10130.0000 593 498 0.8398
10134.0000 593 499 0.8415
10147.0000 594 499 0.8401
10165.0000 595 499 0.8387
10181.0000 596 499 0.8372
10190.0000 596 500 0.8389
10197.0000 597 500 0.8375
10214.0000 598 500 0.8361
10225.0000 598 501 0.8378
10233.0000 599 501 0.8364
10248.0000 600 501 0.8350
10267.0000 601 501 0.8336
10284.0000 602 501 0.8322
10300.0000 603 501 0.8308
10301.0000 603 502 0.8325
10302.0000 603 503 0.8342
10304.0000 603 504 0.8358
10305.0000 603 505 0.8375
10319.0000 604 505 0.8361
10333.0000 604 506 0.8377
10338.0000 605 506 0.8364
10357.0000 606 506 0.8350
10364.0000 606 507 0.8366
10372.0000 607 507 0.8353
10390.0000 607 508 0.8369
10391.0000 608 508 0.8355
10410.0000 609 508 0.8342
10429.0000 610 508 0.8328
10444.0000 611 508 0.8314
10461.0000 612 508 0.8301
10474.0000 612 509 0.8317
10476.0000 613 509 0.8303
10494.0000 614 509 0.8290
10510.0000 615 509 0.8276
10526.0000 616 509 0.8263
10532.0000 616 510 0.8279
10542.0000 617 510 0.8266
10560.0000 618 510 0.8252
10575.0000 619 510 0.8239
10590.0000 620 510 0.8226
10608.0000 620 511 0.8242
10609.0000 621 511 0.8229
10625.0000 622 511 0.8215
10642.0000 623 511 0.8202
10658.0000 624 511 0.8189
10666.0000 624 512 0.8205
10675.0000 625 512 0.8192
10680.0000 625 513 0.8208
10687.0000 625 514 0.8224
10694.0000 626 514 0.8211
10695.0000 626 515 0.8227
10701.0000 626 516 0.8243
10711.0000 627 516 0.8230
10724.0000 627 517 0.8246
10727.0000 628 517 0.8232
10736.0000 628 518 0.8248
10742.0000 629 518 0.8235
10756.0000 629 519 0.8251
10760.0000 630 519 0.8238
10763.0000 630 520 0.8254
10779.0000 631 520 0.8241
10793.0000 631 521 0.8257
10796.0000 632 521 0.8244
10806.0000 632 522 0.8259
10806.0000 632 523 0.8275
10812.0000 633 523 0.8262
10820.0000 633 524 0.8278
10830.0000 634 524 0.8265
10847.0000 635 524 0.8252
10865.0000 636 524 0.8239
10874.0000 636 525 0.8255
10884.0000 637 525 0.8242
10903.0000 638 525 0.8229
10922.0000 639 525 0.8216
10939.0000 640 525 0.8203
10952.0000 640 526 0.8219
10955.0000 641 526 0.8206
10972.0000 642 526 0.8193
10988.0000 642 527 0.8209
10991.0000 643 527 0.8196
10992.0000 643 528 0.8212
11002.0000 643 529 0.8227
11003.0000 643 530 0.8243
11006.0000 644 530 0.8230
11009.0000 644 531 0.8245
11016.0000 644 532 0.8261
11024.0000 644 533 0.8276
11025.0000 645 533 0.8264
11041.0000 646 533 0.8251
11045.0000 646 534 0.8266
11059.0000 647 534 0.8253
11065.0000 647 535 0.8269
11078.0000 648 535 0.8256
11083.0000 648 536 0.8272
11086.0000 648 537 0.8287
11094.0000 649 537 0.8274
11100.0000 649 538 0.8290
11111.0000 650 538 0.8277
11128.0000 651 538 0.8264
11141.0000 651 539 0.8280
11143.0000 651 540 0.8295
11144.0000 652 540 0.8282
11160.0000 653 540 0.8270
11162.0000 653 541 0.8285
11176.0000 654 541 0.8272
11176.0000 654 542 0.8287
11195.0000 655 542 0.8275
11206.0000 655 543 0.8290
11211.0000 656 543 0.8277
11215.0000 656 544 0.8293
11229.0000 657 544 0.8280
11233.0000 657 545 0.8295
11243.0000 657 546 0.8311
11243.0000 657 547 0.8326
11245.0000 658 547 0.8313
11260.0000 659 547 0.8300
11267.0000 659 548 0.8316
11270.0000 659 549 0.8331
11275.0000 660 549 0.8318
11286.0000 660 550 0.8333
11290.0000 661 550 0.8321
11304.0000 661 551 0.8336
11305.0000 662 551 0.8323
11310.0000 662 552 0.8338
11316.0000 662 553 0.8353
11318.0000 662 554 0.8369
11320.0000 663 554 0.8356
11331.0000 663 555 0.8371
11335.0000 663 556 0.8386
11336.0000 664 556 0.8373
11353.0000 665 556 0.8361
11372.0000 666 556 0.8348
11387.0000 667 556 0.8336
11406.0000 668 556 0.8323
11408.0000 668 557 0.8338
11409.0000 668 558 0.8353
11412.0000 668 559 0.8368
11415.0000 668 560 0.8383
11425.0000 669 560 0.8371
11426.0000 669 561 0.8386
11436.0000 669 562 0.8401
11444.0000 670 562 0.8388
11461.0000 671 562 0.8376
11467.0000 671 563 0.8390
11474.0000 671 564 0.8405
11476.0000 671 565 0.8420
11476.0000 671 566 0.8435
11480.0000 672 566 0.8423
11499.0000 673 566 0.8410
11512.0000 673 567 0.8425
11513.0000 673 568 0.8440
11518.0000 674 568 0.8427
11535.0000 675 568 0.8415
11550.0000 676 568 0.8402
11564.0000 676 569 0.8417
11567.0000 677 569 0.8405
11567.0000 677 570 0.8419
11585.0000 677 571 0.8434
11586.0000 678 571 0.8422
11599.0000 678 572 0.8437
11604.0000 679 572 0.8424
11606.0000 679 573 0.8439
11606.0000 679 574 0.8454
11622.0000 680 574 0.8441
11629.0000 680 575 0.8456
11629.0000 680 576 0.8471
11640.0000 681 576 0.8458
11657.0000 682 576 0.8446
11670.0000 682 577 0.8460
11673.0000 683 577 0.8448
11692.0000 684 577 0.8436
11711.0000 685 577 0.8423
11722.0000 685 578 0.8438
11729.0000 686 578 0.8426
11747.0000 687 578 0.8413
11762.0000 688 578 0.8401
11777.0000 689 578 0.8389
11789.0000 689 579 0.8403
11795.0000 690 579 0.8391
11814.0000 691 579 0.8379
11829.0000 692 579 0.8367
11830.0000 692 580 0.8382
11844.0000 693 580 0.8369
11860.0000 694 580 0.8357
11871.0000 694 581 0.8372
11871.0000 694 582 0.8386
11873.0000 694 583 0.8401
11875.0000 694 584 0.8415
11876.0000 695 584 0.8403
11893.0000 696 584 0.8391
11910.0000 697 584 0.8379
11926.0000 698 584 0.8367
11928.0000 698 585 0.8381
11933.0000 698 586 0.8395
11943.0000 699 586 0.8383
11947.0000 699 587 0.8398
11956.0000 699 588 0.8412
11959.0000 700 588 0.8400
11961.0000 700 589 0.8414
11963.0000 700 590 0.8429
11969.0000 700 591 0.8443
11976.0000 701 591 0.8431
11980.0000 701 592 0.8445
11993.0000 702 592 0.8433
12004.0000 702 593 0.8447
12007.0000 702 594 0.8462
12012.0000 703 594 0.8450
12019.0000 703 595 0.8464
12027.0000 704 595 0.8452
12038.0000 704 596 0.8466
12044.0000 705 596 0.8454
12045.0000 705 597 0.8468
12045.0000 705 598 0.8482
12046.0000 705 599 0.8496
12047.0000 705 600 0.8511
12060.0000 706 600 0.8499
12076.0000 707 600 0.8487
12095.0000 708 600 0.8475
12102.0000 708 601 0.8489
12113.0000 709 601 0.8477
12121.0000 709 602 0.8491
12131.0000 710 602 0.8479
12133.0000 710 603 0.8493
12134.0000 710 604 0.8507
12134.0000 710 605 0.8521
12145.0000 710 606 0.8535
12146.0000 710 607 0.8549
12149.0000 711 607 0.8537
12153.0000 711 608 0.8551
12167.0000 712 608 0.8539
12182.0000 713 608 0.8527
12184.0000 713 609 0.8541
12199.0000 714 609 0.8529
12206.0000 714 610 0.8543
12214.0000 714 611 0.8557
12215.0000 714 612 0.8571
12217.0000 715 612 0.8559
12230.0000 715 613 0.8573
12235.0000 716 613 0.8561
12251.0000 717 613 0.8550
12258.0000 717 614 0.8563
12258.0000 717 615 0.8577
12266.0000 717 616 0.8591
12270.0000 718 616 0.8579
12270.0000 718 617 0.8593
12281.0000 718 618 0.8607
12285.0000 718 619 0.8621
12286.0000 719 619 0.8609
12295.0000 719 620 0.8623
12304.0000 720 620 0.8611
12323.0000 721 620 0.8599
12327.0000 721 621 0.8613
12338.0000 721 622 0.8627
12339.0000 721 623 0.8641
12340.0000 722 623 0.8629
12340.0000 722 624 0.8643
12355.0000 723 624 0.8631
12362.0000 723 625 0.8645
12363.0000 723 626 0.8658
12366.0000 723 627 0.8672
12371.0000 723 628 0.8686
12373.0000 724 628 0.8674
12377.0000 724 629 0.8688
12387.0000 724 630 0.8702
12388.0000 725 630 0.8690
12391.0000 725 631 0.8703
12406.0000 726 631 0.8691
12422.0000 727 631 0.8680
12438.0000 728 631 0.8668
12443.0000 728 632 0.8681
12448.0000 728 633 0.8695
12456.0000 729 633 0.8683
12456.0000 729 634 0.8697
12473.0000 730 634 0.8685
12478.0000 730 635 0.8699
12481.0000 730 636 0.8712
12488.0000 731 636 0.8700
12497.0000 731 637 0.8714
12504.0000 732 637 0.8702
12504.0000 732 638 0.8716
12519.0000 732 639 0.8730
12520.0000 733 639 0.8718
12539.0000 734 639 0.8706
12540.0000 734 640 0.8719
12549.0000 734 641 0.8733
12551.0000 734 642 0.8747
12553.0000 734 643 0.8760
12554.0000 735 643 0.8748
12567.0000 735 644 0.8762
12573.0000 736 644 0.8750
12592.0000 737 644 0.8738
12599.0000 737 645 0.8752
12610.0000 738 645 0.8740
12613.0000 738 646 0.8753
12625.0000 739 646 0.8742
12634.0000 739 647 0.8755
12635.0000 739 648 0.8769
12641.0000 740 648 0.8757
12653.0000 740 649 0.8770
12655.0000 740 650 0.8784
12658.0000 741 650 0.8772
12677.0000 742 650 0.8760
12691.0000 742 651 0.8774
12692.0000 742 652 0.8787
12693.0000 742 653 0.8801
12695.0000 743 653 0.8789
12705.0000 743 654 0.8802
12714.0000 744 654 0.8790
12719.0000 744 655 0.8804
12729.0000 744 656 0.8817
12732.0000 745 656 0.8805
12737.0000 745 657 0.8819
12748.0000 746 657 0.8807
12763.0000 747 657 0.8795
12764.0000 747 658 0.8809
12781.0000 748 658 0.8797
12793.0000 748 659 0.8810
12800.0000 749 659 0.8798
12818.0000 750 659 0.8787
12833.0000 751 659 0.8775
12848.0000 752 659 0.8763
12849.0000 752 660 0.8777
12866.0000 753 660 0.8765
12883.0000 753 661 0.8778
12885.0000 754 661 0.8767
12885.0000 754 662 0.8780
12902.0000 755 662 0.8768
12916.0000 755 663 0.8781
12920.0000 756 663 0.8770
12922.0000 756 664 0.8783
12935.0000 757 664 0.8771
12951.0000 758 664 0.8760
12956.0000 758 665 0.8773
12967.0000 759 665 0.8762
12983.0000 760 665 0.8750
12984.0000 760 666 0.8763
12998.0000 761 666 0.8752
13015.0000 762 666 0.8740
13020.0000 762 667 0.8753
13031.0000 763 667 0.8742
13049.0000 764 667 0.8730
13054.0000 764 668 0.8743
13068.0000 765 668 0.8732
13080.0000 765 669 0.8745
13081.0000 765 670 0.8758
13086.0000 766 670 0.8747
13103.0000 767 670 0.8735
13118.0000 768 670 0.8724
13136.0000 769 670 0.8713
13142.0000 769 671 0.8726
13149.0000 769 672 0.8739
13153.0000 770 672 0.8727
13158.0000 770 673 0.8740
13168.0000 771 673 0.8729
13185.0000 772 673 0.8718
13189.0000 772 674 0.8731
13190.0000 772 675 0.8744
13201.0000 773 675 0.8732
13212.0000 773 676 0.8745
13220.0000 774 676 0.8734
13234.0000 774 677 0.8747
13236.0000 775 677 0.8735
13236.0000 775 678 0.8748
13251.0000 776 678 0.8737
13269.0000 777 678 0.8726
13285.0000 778 678 0.8715
13287.0000 778 679 0.8728
13293.0000 778 680 0.8740
13301.0000 779 680 0.8729
13317.0000 780 680 0.8718
13336.0000 781 680 0.8707
13344.0000 781 681 0.8720
13354.0000 782 681 0.8708
13363.0000 782 682 0.8721
13365.0000 782 683 0.8734
13369.0000 783 683 0.8723
13374.0000 783 684 0.8736
13384.0000 784 684 0.8724
13392.0000 784 685 0.8737
13399.0000 785 685 0.8726
13414.0000 786 685 0.8715
13429.0000 787 685 0.8704
13440.0000 787 686 0.8717
13444.0000 788 686 0.8706
13453.0000 788 687 0.8718
13461.0000 789 687 0.8707
13472.0000 789 688 0.8720
13476.0000 790 688 0.8709
13491.0000 791 688 0.8698
13493.0000 791 689 0.8710
13507.0000 791 690 0.8723
13508.0000 792 690 0.8712
13509.0000 792 691 0.8725
13510.0000 792 692 0.8737
13514.0000 792 693 0.8750
13523.0000 793 693 0.8739
13528.0000 793 694 0.8752
13529.0000 793 695 0.8764
13531.0000 793 696 0.8777
13537.0000 793 697 0.8789
13542.0000 794 697 0.8778
13553.0000 794 698 0.8791
13554.0000 794 699 0.8804
13559.0000 795 699 0.8792
13574.0000 796 699 0.8781
13578.0000 796 700 0.8794
13591.0000 797 700 0.8783
13609.0000 798 700 0.8772
13627.0000 798 701 0.8784
13628.0000 799 701 0.8773
13643.0000 800 701 0.8763
13661.0000 801 701 0.8752
13673.0000 801 702 0.8764
13673.0000 801 703 0.8777
13677.0000 802 703 0.8766
13693.0000 803 703 0.8755
13694.0000 803 704 0.8767
13694.0000 803 705 0.8780
13696.0000 803 706 0.8792
13710.0000 804 706 0.8781
13726.0000 804 707 0.8794
13729.0000 805 707 0.8783
13746.0000 806 707 0.8772
13765.0000 807 707 0.8761
13766.0000 807 708 0.8773
13767.0000 807 709 0.8786
13781.0000 808 709 0.8775
13796.0000 809 709 0.8764
13796.0000 809 710 0.8776
13797.0000 809 711 0.8789
13799.0000 809 712 0.8801
13800.0000 809 713 0.8813
13803.0000 809 714 0.8826
13804.0000 809 715 0.8838
13808.0000 809 716 0.8850
13813.0000 810 716 0.8840
13819.0000 810 717 0.8852
13819.0000 810 718 0.8864
13820.0000 810 719 0.8877
13823.0000 810 720 0.8889
13826.0000 810 721 0.8901
13828.0000 810 722 0.8914
13829.0000 811 722 0.8903
13831.0000 811 723 0.8915
13837.0000 811 724 0.8927
13844.0000 811 725 0.8940
13844.0000 811 726 0.8952
13848.0000 812 726 0.8941
13860.0000 812 727 0.8953
13867.0000 813 727 0.8942
13882.0000 814 727 0.8931
13889.0000 814 728 0.8943
13897.0000 815 728 0.8933
13906.0000 815 729 0.8945
13911.0000 815 730 0.8957
13913.0000 816 730 0.8946
13932.0000 817 730 0.8935
13948.0000 818 730 0.8924
13960.0000 818 731 0.8936
13963.0000 819 731 0.8926
13979.0000 820 731 0.8915
13994.0000 821 731 0.8904
13996.0000 821 732 0.8916
14012.0000 822 732 0.8905
14021.0000 822 733 0.8917
14027.0000 823 733 0.8906
14044.0000 824 733 0.8896
14052.0000 824 734 0.8908
14059.0000 825 734 0.8897
14061.0000 825 735 0.8909
14075.0000 826 735 0.8898
14079.0000 826 736 0.8910
14094.0000 827 736 0.8900
14108.0000 827 737 0.8912
14109.0000 828 737 0.8901
14119.0000 828 738 0.8913
14121.0000 828 739 0.8925
14124.0000 829 739 0.8914
14127.0000 829 740 0.8926
14139.0000 829 741 0.8938
14140.0000 830 741 0.8928
14158.0000 831 741 0.8917
14172.0000 831 742 0.8929
14174.0000 832 742 0.8918
14193.0000 833 742 0.8908
14199.0000 833 743 0.8920
14210.0000 834 743 0.8909
14211.0000 834 744 0.8921
14212.0000 834 745 0.8933
14219.0000 834 746 0.8945
14225.0000 835 746 0.8934
14240.0000 836 746 0.8923
14242.0000 836 747 0.8935
14259.0000 837 747 0.8925
14274.0000 837 748 0.8937
14278.0000 838 748 0.8926
14278.0000 838 749 0.8938
14283.0000 838 750 0.8950
14293.0000 838 751 0.8962
14294.0000 839 751 0.8951
14313.0000 840 751 0.8940
14316.0000 840 752 0.8952
14317.0000 840 753 0.8964
14330.0000 841 753 0.8954
14337.0000 841 754 0.8966
14338.0000 841 755 0.8977
14345.0000 842 755 0.8967
14357.0000 842 756 0.8979
14360.0000 843 756 0.8968
14379.0000 844 756 0.8957
14396.0000 845 756 0.8947

14378.0000 843 759 0.9004
14379.0000 844 759 0.8993
14390.0000 844 760 0.9005
14396.0000 845 760 0.8994
