# time  created  delivered  delivered/created
19.0000 1 0 0.0000
34.0000 2 0 0.0000
51.0000 3 0 0.0000
54.0000 3 1 0.3333
64.0000 3 2 0.6667
70.0000 4 2 0.5000
87.0000 5 2 0.4000
93.0000 5 3 0.6000
100.0000 5 4 0.8000
103.0000 6 4 0.6667
111.0000 6 5 0.8333
120.0000 7 5 0.7143
136.0000 8 5 0.6250
147.0000 8 6 0.7500
155.0000 9 6 0.6667
159.0000 9 7 0.7778
173.0000 10 7 0.7000
192.0000 11 7 0.6364
208.0000 12 7 0.5833
210.0000 12 8 0.6667
227.0000 13 8 0.6154
237.0000 13 9 0.6923
245.0000 14 9 0.6429
252.0000 14 10 0.7143
261.0000 15 10 0.6667
272.0000 15 11 0.7333
276.0000 16 11 0.6875
289.0000 16 12 0.7500
293.0000 17 12 0.7059
294.0000 17 13 0.7647
309.0000 18 13 0.7222
328.0000 19 13 0.6842
329.0000 19 14 0.7368
346.0000 20 14 0.7000
365.0000 21 14 0.6667
380.0000 22 14 0.6364
395.0000 23 14 0.6087
410.0000 24 14 0.5833
414.0000 24 15 0.6250
429.0000 25 15 0.6000
445.0000 26 15 0.5769
461.0000 27 15 0.5556
461.0000 27 16 0.5926
480.0000 28 16 0.5714
481.0000 28 17 0.6071
497.0000 29 17 0.5862
509.0000 29 18 0.6207
515.0000 30 18 0.6000
534.0000 31 18 0.5806
553.0000 32 18 0.5625
570.0000 33 18 0.5455
588.0000 34 18 0.5294
600.0000 34 19 0.5588
600.0000 34 20 0.5882
606.0000 34 21 0.6176
607.0000 35 21 0.6000
622.0000 36 21 0.5833
638.0000 37 21 0.5676
647.0000 37 22 0.5946
656.0000 38 22 0.5789
661.0000 38 23 0.6053
662.0000 38 24 0.6316
671.0000 39 24 0.6154
688.0000 40 24 0.6000
698.0000 40 25 0.6250
707.0000 41 25 0.6098
709.0000 41 26 0.6341
726.0000 42 26 0.6190
741.0000 43 26 0.6047
760.0000 44 26 0.5909
779.0000 45 26 0.5778
795.0000 45 27 0.6000
798.0000 46 27 0.5870
813.0000 47 27 0.5745
828.0000 48 27 0.5625
846.0000 49 27 0.5510
861.0000 50 27 0.5400
876.0000 51 27 0.5294
895.0000 52 27 0.5192
914.0000 53 27 0.5094
933.0000 54 27 0.5000
952.0000 55 27 0.4909
957.0000 55 28 0.5091
969.0000 56 28 0.5000
973.0000 56 29 0.5179
986.0000 57 29 0.5088
987.0000 57 30 0.5263
995.0000 57 31 0.5439
1004.0000 58 31 0.5345
1022.0000 59 31 0.5254
1038.0000 60 31 0.5167
1057.0000 61 31 0.5082
1076.0000 62 31 0.5000
1095.0000 63 31 0.4921
1111.0000 64 31 0.4844
1126.0000 65 31 0.4769
1143.0000 66 31 0.4697
1145.0000 66 32 0.4848
1160.0000 67 32 0.4776
1172.0000 67 33 0.4925
1173.0000 67 34 0.5075
1179.0000 68 34 0.5000
1186.0000 68 35 0.5147
1196.0000 69 35 0.5072
1198.0000 69 36 0.5217
1214.0000 70 36 0.5143
1224.0000 70 37 0.5286
1225.0000 70 38 0.5429
1228.0000 70 39 0.5571
1232.0000 71 39 0.5493
1234.0000 71 40 0.5634
1251.0000 72 40 0.5556
1270.0000 73 40 0.5479
1287.0000 74 40 0.5405
1290.0000 74 41 0.5541
1294.0000 74 42 0.5676
1305.0000 75 42 0.5600
1321.0000 76 42 0.5526
1336.0000 77 42 0.5455
1337.0000 77 43 0.5584
1352.0000 78 43 0.5513
1365.0000 78 44 0.5641
1368.0000 79 44 0.5570
1382.0000 79 45 0.5696
1383.0000 79 46 0.5823
1386.0000 80 46 0.5750
1401.0000 81 46 0.5679
1420.0000 82 46 0.5610
1438.0000 83 46 0.5542
1453.0000 84 46 0.5476
1468.0000 85 46 0.5412
1484.0000 86 46 0.5349
1486.0000 86 47 0.5465
1502.0000 87 47 0.5402
1517.0000 88 47 0.5341
1536.0000 89 47 0.5281
1552.0000 90 47 0.5222
1570.0000 91 47 0.5165
1571.0000 91 48 0.5275
1586.0000 92 48 0.5217
1588.0000 92 49 0.5326
1601.0000 93 49 0.5269
1617.0000 94 49 0.5213
1619.0000 94 50 0.5319
1634.0000 95 50 0.5263
1649.0000 96 50 0.5208
1666.0000 96 51 0.5313
1668.0000 97 51 0.5258
1675.0000 97 52 0.5361
1678.0000 97 53 0.5464
1684.0000 98 53 0.5408
1703.0000 99 53 0.5354
1718.0000 100 53 0.5300
1733.0000 100 54 0.5400
1735.0000 101 54 0.5347
1742.0000 101 55 0.5446
1750.0000 102 55 0.5392
1751.0000 102 56 0.5490
1764.0000 102 57 0.5588
1765.0000 103 57 0.5534
1772.0000 103 58 0.5631
1783.0000 104 58 0.5577
1787.0000 104 59 0.5673
1802.0000 105 59 0.5619
1818.0000 106 59 0.5566
1833.0000 107 59 0.5514
1848.0000 108 59 0.5463
1863.0000 109 59 0.5413
1881.0000 110 59 0.5364
1900.0000 111 59 0.5315
1918.0000 112 59 0.5268
1937.0000 113 59 0.5221
1954.0000 114 59 0.5175
1970.0000 115 59 0.5130
1989.0000 116 59 0.5086
2008.0000 117 59 0.5043
2024.0000 118 59 0.5000
2043.0000 119 59 0.4958
2061.0000 120 59 0.4917
2076.0000 121 59 0.4876
2078.0000 121 60 0.4959
2095.0000 122 60 0.4918
2103.0000 122 61 0.5000
2112.0000 123 61 0.4959
2131.0000 124 61 0.4919
2135.0000 124 62 0.5000
2140.0000 124 63 0.5081
2148.0000 125 63 0.5040
2150.0000 125 64 0.5120
2163.0000 126 64 0.5079
2179.0000 127 64 0.5039
2195.0000 128 64 0.5000
2204.0000 128 65 0.5078
2213.0000 129 65 0.5039
2232.0000 130 65 0.5000
2236.0000 130 66 0.5077
2240.0000 130 67 0.5154
2243.0000 130 68 0.5231
2248.0000 131 68 0.5191
2258.0000 131 69 0.5267
2264.0000 132 69 0.5227
2283.0000 133 69 0.5188
2302.0000 134 69 0.5149
2304.0000 134 70 0.5224
2321.0000 135 70 0.5185
2336.0000 136 70 0.5147
2351.0000 136 71 0.5221
2352.0000 137 71 0.5182
2367.0000 138 71 0.5145
2385.0000 139 71 0.5108
2404.0000 140 71 0.5071
2423.0000 141 71 0.5035
2438.0000 142 71 0.5000
2456.0000 143 71 0.4965
2472.0000 144 71 0.4931
2489.0000 145 71 0.4897
2507.0000 146 71 0.4863
2508.0000 146 72 0.4932
2523.0000 147 72 0.4898
2538.0000 148 72 0.4865
2557.0000 149 72 0.4832
2560.0000 149 73 0.4899
2564.0000 149 74 0.4966
2575.0000 150 74 0.4933
2591.0000 151 74 0.4901
2606.0000 152 74 0.4868
2620.0000 152 75 0.4934
2623.0000 153 75 0.4902
2625.0000 153 76 0.4967
2627.0000 153 77 0.5033
2640.0000 154 77 0.5000
2643.0000 154 78 0.5065
2655.0000 155 78 0.5032
2669.0000 155 79 0.5097
2671.0000 156 79 0.5064
2677.0000 156 80 0.5128
2689.0000 157 80 0.5096
2702.0000 157 81 0.5159
2705.0000 157 82 0.5223
2706.0000 158 82 0.5190
2707.0000 158 83 0.5253
2709.0000 158 84 0.5316
2723.0000 158 85 0.5380
2723.0000 158 86 0.5443
2725.0000 159 86 0.5409
2728.0000 159 87 0.5472
2734.0000 159 88 0.5535
2739.0000 159 89 0.5597
2741.0000 160 89 0.5563
2749.0000 160 90 0.5625
2755.0000 160 91 0.5688
2757.0000 161 91 0.5652
2759.0000 161 92 0.5714
2772.0000 162 92 0.5679
2775.0000 162 93 0.5741
2783.0000 162 94 0.5802
2787.0000 163 94 0.5767
2802.0000 164 94 0.5732
2817.0000 165 94 0.5697
2835.0000 166 94 0.5663
2853.0000 167 94 0.5629
2868.0000 168 94 0.5595
2886.0000 169 94 0.5562
2902.0000 170 94 0.5529
2913.0000 170 95 0.5588
2916.0000 170 96 0.5647
2917.0000 171 96 0.5614
2925.0000 171 97 0.5673
2927.0000 171 98 0.5731
2933.0000 172 98 0.5698
2933.0000 172 99 0.5756
2944.0000 172 100 0.5814
2945.0000 172 101 0.5872
2952.0000 173 101 0.5838
2968.0000 174 101 0.5805
2984.0000 175 101 0.5771
2995.0000 175 102 0.5829
3000.0000 176 102 0.5795
3015.0000 177 102 0.5763
3031.0000 178 102 0.5730
3032.0000 178 103 0.5787
3050.0000 179 103 0.5754
3065.0000 180 103 0.5722
3080.0000 181 103 0.5691
3082.0000 181 104 0.5746
3090.0000 181 105 0.5801
3097.0000 182 105 0.5769
3116.0000 183 105 0.5738
3133.0000 183 106 0.5792
3135.0000 184 106 0.5761
3153.0000 185 106 0.5730
3170.0000 186 106 0.5699
3185.0000 187 106 0.5668
3202.0000 188 106 0.5638
3210.0000 188 107 0.5691
3212.0000 188 108 0.5745
3219.0000 189 108 0.5714
3235.0000 190 108 0.5684
3251.0000 191 108 0.5654
3269.0000 191 109 0.5707
3270.0000 192 109 0.5677
3274.0000 192 110 0.5729
3286.0000 192 111 0.5781
3287.0000 192 112 0.5833
3289.0000 193 112 0.5803
3294.0000 193 113 0.5855
3308.0000 194 113 0.5825
3323.0000 195 113 0.5795
3324.0000 195 114 0.5846
3333.0000 195 115 0.5897
3338.0000 196 115 0.5867
3357.0000 197 115 0.5838
3368.0000 197 116 0.5888
3369.0000 197 117 0.5939
3373.0000 198 117 0.5909
3382.0000 198 118 0.5960
3388.0000 199 118 0.5930
3407.0000 200 118 0.5900
3411.0000 200 119 0.5950
3422.0000 200 120 0.6000
3425.0000 201 120 0.5970
3425.0000 201 121 0.6020
3442.0000 202 121 0.5990
3453.0000 202 122 0.6040
3458.0000 203 122 0.6010
3461.0000 203 123 0.6059
3464.0000 203 124 0.6108
3466.0000 203 125 0.6158
3475.0000 204 125 0.6127
3492.0000 205 125 0.6098
3507.0000 205 126 0.6146
3507.0000 205 127 0.6195
3511.0000 206 127 0.6165
3515.0000 206 128 0.6214
3525.0000 206 129 0.6262
3529.0000 207 129 0.6232
3535.0000 207 130 0.6280
3538.0000 207 131 0.6329
3547.0000 208 131 0.6298
3566.0000 209 131 0.6268
3567.0000 209 132 0.6316
3578.0000 209 133 0.6364
3581.0000 210 133 0.6333
3600.0000 211 133 0.6303
3605.0000 211 134 0.6351
3606.0000 211 135 0.6398
3610.0000 211 136 0.6445
3611.0000 211 137 0.6493
3616.0000 211 138 0.6540
3617.0000 212 138 0.6509
3626.0000 212 139 0.6557
3632.0000 213 139 0.6526
3636.0000 213 140 0.6573
3639.0000 213 141 0.6620
3642.0000 213 142 0.6667
3644.0000 213 143 0.6714
3645.0000 213 144 0.6761
3648.0000 214 144 0.6729
3665.0000 215 144 0.6698
3670.0000 215 145 0.6744
3672.0000 215 146 0.6791
3680.0000 216 146 0.6759
3692.0000 216 147 0.6806
3695.0000 217 147 0.6774
3710.0000 218 147 0.6743
3729.0000 219 147 0.6712
3730.0000 219 148 0.6758
3748.0000 220 148 0.6727
3757.0000 220 149 0.6773
3763.0000 220 150 0.6818
3766.0000 221 150 0.6787
3766.0000 221 151 0.6833
3784.0000 222 151 0.6802
3798.0000 222 152 0.6847
3799.0000 222 153 0.6892
3802.0000 223 153 0.6861
3804.0000 223 154 0.6906
3805.0000 223 155 0.6951
3812.0000 223 156 0.6996
3821.0000 224 156 0.6964
3824.0000 224 157 0.7009
3829.0000 224 158 0.7054
3838.0000 225 158 0.7022
3844.0000 225 159 0.7067
3856.0000 226 159 0.7035
3864.0000 226 160 0.7080
3874.0000 227 160 0.7048
3875.0000 227 161 0.7093
3883.0000 227 162 0.7137
3884.0000 227 163 0.7181
3885.0000 227 164 0.7225
3892.0000 228 164 0.7193
3893.0000 228 165 0.7237
3909.0000 229 165 0.7205
3911.0000 229 166 0.7249
3911.0000 229 167 0.7293
3918.0000 229 168 0.7336
3926.0000 230 168 0.7304
3945.0000 231 168 0.7273
3960.0000 232 168 0.7241
3970.0000 232 169 0.7284
3978.0000 233 169 0.7253
3985.0000 233 170 0.7296
3985.0000 233 171 0.7339
3995.0000 234 171 0.7308
4002.0000 234 172 0.7350
4014.0000 235 172 0.7319
4025.0000 235 173 0.7362
4033.0000 236 173 0.7331
4034.0000 236 174 0.7373
4038.0000 236 175 0.7415
4052.0000 237 175 0.7384
4053.0000 237 176 0.7426
4061.0000 237 177 0.7468
4069.0000 238 177 0.7437
4087.0000 239 177 0.7406
4105.0000 240 177 0.7375
4124.0000 241 177 0.7344
4137.0000 241 178 0.7386
4140.0000 242 178 0.7355
4146.0000 242 179 0.7397
4158.0000 243 179 0.7366
4177.0000 244 179 0.7336
4184.0000 244 180 0.7377
4195.0000 245 180 0.7347
4205.0000 245 181 0.7388
4210.0000 245 182 0.7429
4211.0000 245 183 0.7469
4211.0000 245 184 0.7510
4214.0000 246 184 0.7480
4232.0000 247 184 0.7449
4234.0000 247 185 0.7490
4237.0000 247 186 0.7530
4251.0000 248 186 0.7500
4256.0000 248 187 0.7540
4259.0000 248 188 0.7581
4267.0000 249 188 0.7550
4268.0000 249 189 0.7590
4272.0000 249 190 0.7631
4282.0000 250 190 0.7600
4291.0000 250 191 0.7640
4298.0000 251 191 0.7610
4315.0000 252 191 0.7579
4330.0000 253 191 0.7549
4345.0000 254 191 0.7520
4362.0000 255 191 0.7490
4373.0000 255 192 0.7529
4378.0000 256 192 0.7500
4396.0000 257 192 0.7471
4401.0000 257 193 0.7510
4412.0000 258 193 0.7481
4416.0000 258 194 0.7519
4429.0000 259 194 0.7490
4431.0000 259 195 0.7529
4441.0000 259 196 0.7568
4448.0000 260 196 0.7538
4465.0000 261 196 0.7510
4472.0000 261 197 0.7548
4481.0000 262 197 0.7519
4496.0000 263 197 0.7490
4511.0000 264 197 0.7462
4513.0000 264 198 0.7500
4513.0000 264 199 0.7538
4525.0000 264 200 0.7576
4526.0000 265 200 0.7547
4534.0000 265 201 0.7585
4543.0000 266 201 0.7556
4558.0000 267 201 0.7528
4576.0000 268 201 0.7500
4585.0000 268 202 0.7537
4593.0000 269 202 0.7509
4595.0000 269 203 0.7546
4611.0000 270 203 0.7519
4612.0000 270 204 0.7556
4613.0000 270 205 0.7593
4629.0000 271 205 0.7565
4634.0000 271 206 0.7601
4639.0000 271 207 0.7638
4645.0000 272 207 0.7610
4664.0000 273 207 0.7582
4673.0000 273 208 0.7619
4682.0000 274 208 0.7591
4682.0000 274 209 0.7628
4697.0000 275 209 0.7600
4705.0000 275 210 0.7636
4712.0000 276 210 0.7609
4730.0000 277 210 0.7581
4748.0000 278 210 0.7554
4756.0000 278 211 0.7590
4765.0000 279 211 0.7563
4782.0000 280 211 0.7536
4784.0000 280 212 0.7571
4797.0000 281 212 0.7544
4816.0000 282 212 0.7518
4833.0000 283 212 0.7491
4844.0000 283 213 0.7527
4845.0000 283 214 0.7562
4848.0000 283 215 0.7597
4850.0000 284 215 0.7570
4860.0000 284 216 0.7606
4862.0000 284 217 0.7641
4865.0000 285 217 0.7614
4873.0000 285 218 0.7649
4881.0000 286 218 0.7622
4897.0000 287 218 0.7596
4915.0000 288 218 0.7569
4921.0000 288 219 0.7604
4932.0000 289 219 0.7578
4948.0000 290 219 0.7552
4949.0000 290 220 0.7586
4951.0000 290 221 0.7621
4957.0000 290 222 0.7655
4959.0000 290 223 0.7690
4965.0000 291 223 0.7663
4984.0000 292 223 0.7637
4984.0000 292 224 0.7671
4986.0000 292 225 0.7705
5002.0000 293 225 0.7679
5006.0000 293 226 0.7713
5020.0000 294 226 0.7687
5039.0000 295 226 0.7661
5057.0000 296 226 0.7635
5073.0000 297 226 0.7609
5092.0000 298 226 0.7584
5097.0000 298 227 0.7617
5109.0000 299 227 0.7592
5110.0000 299 228 0.7625
5111.0000 299 229 0.7659
5127.0000 299 230 0.7692
5128.0000 300 230 0.7667
5146.0000 301 230 0.7641
5154.0000 301 231 0.7674
5156.0000 301 232 0.7708
5161.0000 302 232 0.7682
5162.0000 302 233 0.7715
5166.0000 302 234 0.7748
5177.0000 303 234 0.7723
5193.0000 304 234 0.7697
5211.0000 305 234 0.7672
5227.0000 306 234 0.7647
5244.0000 307 234 0.7622
5260.0000 308 234 0.7597
5262.0000 308 235 0.7630
5278.0000 309 235 0.7605
5291.0000 309 236 0.7638
5294.0000 310 236 0.7613
5309.0000 310 237 0.7645
5311.0000 310 238 0.7677
5313.0000 311 238 0.7653
5316.0000 311 239 0.7685
5329.0000 312 239 0.7660
5334.0000 312 240 0.7692
5345.0000 312 241 0.7724
5348.0000 313 241 0.7700
5364.0000 314 241 0.7675
5379.0000 314 242 0.7707
5381.0000 315 242 0.7683
5383.0000 315 243 0.7714
5384.0000 315 244 0.7746
5397.0000 316 244 0.7722
5412.0000 317 244 0.7697
5420.0000 317 245 0.7729
5420.0000 317 246 0.7760
5421.0000 317 247 0.7792
5431.0000 318 247 0.7767
5449.0000 319 247 0.7743
5459.0000 319 248 0.7774
5465.0000 320 248 0.7750
5484.0000 321 248 0.7726
5502.0000 322 248 0.7702
5503.0000 322 249 0.7733
5519.0000 323 249 0.7709
5531.0000 323 250 0.7740
5535.0000 324 250 0.7716
5550.0000 324 251 0.7747
5551.0000 325 251 0.7723
5559.0000 325 252 0.7754
5559.0000 325 253 0.7785
5565.0000 325 254 0.7815
5566.0000 326 254 0.7791
5580.0000 326 255 0.7822
5585.0000 327 255 0.7798
5585.0000 327 256 0.7829
5601.0000 328 256 0.7805
5618.0000 329 256 0.7781
5637.0000 330 256 0.7758
5654.0000 331 256 0.7734
5655.0000 331 257 0.7764
5672.0000 332 257 0.7741
5674.0000 332 258 0.7771
5690.0000 333 258 0.7748
5695.0000 333 259 0.7778
5705.0000 334 259 0.7754
5721.0000 335 259 0.7731
5738.0000 336 259 0.7708
5755.0000 337 259 0.7685
5762.0000 337 260 0.7715
5767.0000 337 261 0.7745
5767.0000 337 262 0.7774
5769.0000 337 263 0.7804
5771.0000 338 263 0.7781
5771.0000 338 264 0.7811
5772.0000 338 265 0.7840
5782.0000 338 266 0.7870
5787.0000 339 266 0.7847
5789.0000 339 267 0.7876
5805.0000 340 267 0.7853
5819.0000 340 268 0.7882
5823.0000 341 268 0.7859
5842.0000 342 268 0.7836
5850.0000 342 269 0.7865
5861.0000 343 269 0.7843
5863.0000 343 270 0.7872
5863.0000 343 271 0.7901
5879.0000 344 271 0.7878
5880.0000 344 272 0.7907
5882.0000 344 273 0.7936
5882.0000 344 274 0.7965
5894.0000 345 274 0.7942
5895.0000 345 275 0.7971
5895.0000 345 276 0.8000
5898.0000 345 277 0.8029
5898.0000 345 278 0.8058
5900.0000 345 279 0.8087
5911.0000 346 279 0.8064
5916.0000 346 280 0.8092
5923.0000 346 281 0.8121
5930.0000 347 281 0.8098
5945.0000 348 281 0.8075
5963.0000 349 281 0.8052
5982.0000 350 281 0.8029
5999.0000 351 281 0.8006
6009.0000 351 282 0.8034
6018.0000 352 282 0.8011
6035.0000 353 282 0.7989
6052.0000 353 283 0.8017
6053.0000 354 283 0.7994
6056.0000 354 284 0.8023
6056.0000 354 285 0.8051
6066.0000 354 286 0.8079
6068.0000 355 286 0.8056
6070.0000 355 287 0.8085
6083.0000 356 287 0.8062
6092.0000 356 288 0.8090
6102.0000 357 288 0.8067
6111.0000 357 289 0.8095
6117.0000 358 289 0.8073
6125.0000 358 290 0.8101
6129.0000 358 291 0.8128
6132.0000 358 292 0.8156
6133.0000 358 293 0.8184
6134.0000 359 293 0.8162
6143.0000 359 294 0.8189
6145.0000 359 295 0.8217
6146.0000 359 296 0.8245
6149.0000 359 297 0.8273
6151.0000 360 297 0.8250
6157.0000 360 298 0.8278
6166.0000 361 298 0.8255
6184.0000 362 298 0.8232
6189.0000 362 299 0.8260
6203.0000 363 299 0.8237
6218.0000 364 299 0.8214
6237.0000 365 299 0.8192
6256.0000 366 299 0.8169
6257.0000 366 300 0.8197
6257.0000 366 301 0.8224
6265.0000 366 302 0.8251
6271.0000 367 302 0.8229
6272.0000 367 303 0.8256
6274.0000 367 304 0.8283
6288.0000 368 304 0.8261
6304.0000 368 305 0.8288
6307.0000 369 305 0.8266
6307.0000 369 306 0.8293
6311.0000 369 307 0.8320
6325.0000 370 307 0.8297
6341.0000 371 307 0.8275
6347.0000 371 308 0.8302
6352.0000 371 309 0.8329
6357.0000 372 309 0.8306
6362.0000 372 310 0.8333
6364.0000 372 311 0.8360
6376.0000 373 311 0.8338
6377.0000 373 312 0.8365
6391.0000 374 312 0.8342
6406.0000 375 312 0.8320
6418.0000 375 313 0.8347
6424.0000 376 313 0.8324
6431.0000 376 314 0.8351
6440.0000 377 314 0.8329
6444.0000 377 315 0.8355
6447.0000 377 316 0.8382
6456.0000 378 316 0.8360
6474.0000 379 316 0.8338
6491.0000 380 316 0.8316
6506.0000 381 316 0.8294
6521.0000 382 316 0.8272
6535.0000 382 317 0.8298
6537.0000 382 318 0.8325
6539.0000 383 318 0.8303
6556.0000 384 318 0.8281
6561.0000 384 319 0.8307
6572.0000 385 319 0.8286
6590.0000 386 319 0.8264
6607.0000 387 319 0.8243
6626.0000 388 319 0.8222
6644.0000 389 319 0.8201
6663.0000 390 319 0.8179
6679.0000 391 319 0.8159
6688.0000 391 320 0.8184
6688.0000 391 321 0.8210
6689.0000 391 322 0.8235
6694.0000 392 322 0.8214
6707.0000 392 323 0.8240
6708.0000 392 324 0.8265
6713.0000 393 324 0.8244
6730.0000 394 324 0.8223
6742.0000 394 325 0.8249
6746.0000 395 325 0.8228
6763.0000 396 325 0.8207
6779.0000 397 325 0.8186
6796.0000 398 325 0.8166
6812.0000 399 325 0.8145
6827.0000 400 325 0.8125
6842.0000 401 325 0.8105
6860.0000 402 325 0.8085
6874.0000 402 326 0.8109
6877.0000 403 326 0.8089
6893.0000 404 326 0.8069
6908.0000 404 327 0.8094
6911.0000 405 327 0.8074
6914.0000 405 328 0.8099
6922.0000 405 329 0.8123
6927.0000 406 329 0.8103
6931.0000 406 330 0.8128
6938.0000 406 331 0.8153
6943.0000 407 331 0.8133
6959.0000 408 331 0.8113
6976.0000 409 331 0.8093
6990.0000 409 332 0.8117
6991.0000 410 332 0.8098
7007.0000 411 332 0.8078
7012.0000 411 333 0.8102
7023.0000 412 333 0.8083
7025.0000 412 334 0.8107
7038.0000 413 334 0.8087
7053.0000 414 334 0.8068
7053.0000 414 335 0.8092
7068.0000 415 335 0.8072
7069.0000 415 336 0.8096
7076.0000 415 337 0.8120
7083.0000 416 337 0.8101
7098.0000 416 338 0.8125
7102.0000 417 338 0.8106
7111.0000 417 339 0.8129
7119.0000 417 340 0.8153
7121.0000 418 340 0.8134
7139.0000 419 340 0.8115
7155.0000 420 340 0.8095
7158.0000 420 341 0.8119
7158.0000 420 342 0.8143
7161.0000 420 343 0.8167
7172.0000 421 343 0.8147
7184.0000 421 344 0.8171
7189.0000 421 345 0.8195
7190.0000 422 345 0.8175
7190.0000 422 346 0.8199
7195.0000 422 347 0.8223
7206.0000 423 347 0.8203
7213.0000 423 348 0.8227
7222.0000 424 348 0.8208
7240.0000 425 348 0.8188
7245.0000 425 349 0.8212
7257.0000 426 349 0.8192
7264.0000 426 350 0.8216
7273.0000 427 350 0.8197
7292.0000 428 350 0.8178
7309.0000 429 350 0.8159
7318.0000 429 351 0.8182
7319.0000 429 352 0.8205
7327.0000 430 352 0.8186
7345.0000 431 352 0.8167
7352.0000 431 353 0.8190
7364.0000 432 353 0.8171
7380.0000 433 353 0.8152
7380.0000 433 354 0.8176
7399.0000 434 354 0.8157
7414.0000 435 354 0.8138
7425.0000 435 355 0.8161
7429.0000 436 355 0.8142
7436.0000 436 356 0.8165
7446.0000 437 356 0.8146
7446.0000 437 357 0.8169
7447.0000 437 358 0.8192
7465.0000 438 358 0.8174
7482.0000 439 358 0.8155
7482.0000 439 359 0.8178
7493.0000 439 360 0.8200
7495.0000 439 361 0.8223
7500.0000 440 361 0.8205
7500.0000 440 362 0.8227
7501.0000 440 363 0.8250
7518.0000 441 363 0.8231
7536.0000 441 364 0.8254
7537.0000 442 364 0.8235
7556.0000 443 364 0.8217
7571.0000 444 364 0.8198
7587.0000 445 364 0.8180
7604.0000 446 364 0.8161
7619.0000 447 364 0.8143
7622.0000 447 365 0.8166
7635.0000 448 365 0.8147
7638.0000 448 366 0.8170
7654.0000 449 366 0.8151
7672.0000 450 366 0.8133
7684.0000 450 367 0.8156
7691.0000 451 367 0.8137
7706.0000 452 367 0.8119
7725.0000 453 367 0.8102
7742.0000 454 367 0.8084
7757.0000 455 367 0.8066
7774.0000 456 367 0.8048
7784.0000 456 368 0.8070
7788.0000 456 369 0.8092
7790.0000 457 369 0.8074
7806.0000 458 369 0.8057
7823.0000 458 370 0.8079
7824.0000 459 370 0.8061
7842.0000 460 370 0.8043
7859.0000 461 370 0.8026
7878.0000 462 370 0.8009
7884.0000 462 371 0.8030
7895.0000 463 371 0.8013
7904.0000 463 372 0.8035
7910.0000 464 372 0.8017
7912.0000 464 373 0.8039
7920.0000 464 374 0.8060
7925.0000 464 375 0.8082
7928.0000 465 375 0.8065
7943.0000 466 375 0.8047
7961.0000 467 375 0.8030
7963.0000 467 376 0.8051
7977.0000 468 376 0.8034
7994.0000 469 376 0.8017
7995.0000 469 377 0.8038
8013.0000 470 377 0.8021
8028.0000 471 377 0.8004
8046.0000 472 377 0.7987
8065.0000 473 377 0.7970
8066.0000 473 378 0.7992
8082.0000 474 378 0.7975
8085.0000 474 379 0.7996
8097.0000 475 379 0.7979
8113.0000 476 379 0.7962
8115.0000 476 380 0.7983
8132.0000 477 380 0.7966
8136.0000 477 381 0.7987
8147.0000 478 381 0.7971
8163.0000 479 381 0.7954
8182.0000 480 381 0.7938
8193.0000 480 382 0.7958
8198.0000 481 382 0.7942
8214.0000 482 382 0.7925
8222.0000 482 383 0.7946
8230.0000 483 383 0.7930
8247.0000 484 383 0.7913
8261.0000 484 384 0.7934
8266.0000 485 384 0.7918
8276.0000 485 385 0.7938
8281.0000 486 385 0.7922
8282.0000 486 386 0.7942
8296.0000 487 386 0.7926
8313.0000 488 386 0.7910
8317.0000 488 387 0.7930
8331.0000 489 387 0.7914
8347.0000 489 388 0.7935
8349.0000 490 388 0.7918
8367.0000 491 388 0.7902
8386.0000 492 388 0.7886
8393.0000 492 389 0.7907
8394.0000 492 390 0.7927
8403.0000 493 390 0.7911
8422.0000 494 390 0.7895
8423.0000 494 391 0.7915
8424.0000 494 392 0.7935
8437.0000 495 392 0.7919
8454.0000 496 392 0.7903
8455.0000 496 393 0.7923
8470.0000 497 393 0.7907
8488.0000 498 393 0.7892
8504.0000 499 393 0.7876
8513.0000 499 394 0.7896
8515.0000 499 395 0.7916
8522.0000 500 395 0.7900
8530.0000 500 396 0.7920
8540.0000 501 396 0.7904
8555.0000 501 397 0.7924
8558.0000 502 397 0.7908
8574.0000 503 397 0.7893
8576.0000 503 398 0.7913
8591.0000 504 398 0.7897
8600.0000 504 399 0.7917
8600.0000 504 400 0.7937
8603.0000 504 401 0.7956
8607.0000 505 401 0.7941
8611.0000 505 402 0.7960
8624.0000 506 402 0.7945
8626.0000 506 403 0.7964
8643.0000 507 403 0.7949
8659.0000 508 403 0.7933
8661.0000 508 404 0.7953
8675.0000 509 404 0.7937
8689.0000 509 405 0.7957
8690.0000 510 405 0.7941
8695.0000 510 406 0.7961
8705.0000 510 407 0.7980
8705.0000 510 408 0.8000
8705.0000 510 409 0.8020
8706.0000 511 409 0.8004
8710.0000 511 410 0.8023
8716.0000 511 411 0.8043
8723.0000 511 412 0.8063
8724.0000 512 412 0.8047
8740.0000 512 413 0.8066
8742.0000 513 413 0.8051
8758.0000 513 414 0.8070
8761.0000 514 414 0.8054
8763.0000 514 415 0.8074
8765.0000 514 416 0.8093
8778.0000 515 416 0.8078
8795.0000 516 416 0.8062
8803.0000 516 417 0.8081
8812.0000 517 417 0.8066
8814.0000 517 418 0.8085
8819.0000 517 419 0.8104
8830.0000 517 420 0.8124
8831.0000 518 420 0.8108
8842.0000 518 421 0.8127
8849.0000 519 421 0.8112
8865.0000 520 421 0.8096
8878.0000 520 422 0.8115
8881.0000 521 422 0.8100
8889.0000 521 423 0.8119
8896.0000 522 423 0.8103
8901.0000 522 424 0.8123
8915.0000 523 424 0.8107
8920.0000 523 425 0.8126
8932.0000 524 425 0.8111
8932.0000 524 426 0.8130
8949.0000 525 426 0.8114
8951.0000 525 427 0.8133
8968.0000 526 427 0.8118
8969.0000 526 428 0.8137
8970.0000 526 429 0.8156
8977.0000 526 430 0.8175
8981.0000 526 431 0.8194
8982.0000 526 432 0.8213
8985.0000 527 432 0.8197
8991.0000 527 433 0.8216
9004.0000 528 433 0.8201
9020.0000 528 434 0.8220
9021.0000 528 435 0.8239
9022.0000 529 435 0.8223
9022.0000 529 436 0.8242
9038.0000 529 437 0.8261
9040.0000 530 437 0.8245
9046.0000 530 438 0.8264
9055.0000 531 438 0.8249
9057.0000 531 439 0.8267
9071.0000 532 439 0.8252
9071.0000 532 440 0.8271
9090.0000 533 440 0.8255
9091.0000 533 441 0.8274
9108.0000 534 441 0.8258
9113.0000 534 442 0.8277
9125.0000 535 442 0.8262
9129.0000 535 443 0.8280
9136.0000 535 444 0.8299
9136.0000 535 445 0.8318
9138.0000 535 446 0.8336
9144.0000 536 446 0.8321
9162.0000 537 446 0.8305
9171.0000 537 447 0.8324
9178.0000 538 447 0.8309
9194.0000 539 447 0.8293
9197.0000 539 448 0.8312
9211.0000 540 448 0.8296
9226.0000 541 448 0.8281
9228.0000 541 449 0.8299
9243.0000 542 449 0.8284
9261.0000 543 449 0.8269
9278.0000 544 449 0.8254
9290.0000 544 450 0.8272
9296.0000 545 450 0.8257
9302.0000 545 451 0.8275
9312.0000 546 451 0.8260
9314.0000 546 452 0.8278
9331.0000 547 452 0.8263
9350.0000 548 452 0.8248
9352.0000 548 453 0.8266
9362.0000 548 454 0.8285
9363.0000 548 455 0.8303
9365.0000 548 456 0.8321
9369.0000 549 456 0.8306
9370.0000 549 457 0.8324
9382.0000 549 458 0.8342
9387.0000 550 458 0.8327
9392.0000 550 459 0.8345
9406.0000 551 459 0.8330
9407.0000 551 460 0.8348
9424.0000 552 460 0.8333
9426.0000 552 461 0.8351
9433.0000 552 462 0.8370
9435.0000 552 463 0.8388
9439.0000 553 463 0.8373
9453.0000 553 464 0.8391
9455.0000 554 464 0.8375
9457.0000 554 465 0.8394
9471.0000 555 465 0.8378
9487.0000 556 465 0.8363
9505.0000 557 465 0.8348
9522.0000 558 465 0.8333
9541.0000 559 465 0.8318
9551.0000 559 466 0.8336
9555.0000 559 467 0.8354
9559.0000 560 467 0.8339
9561.0000 560 468 0.8357
9577.0000 561 468 0.8342
9577.0000 561 469 0.8360
9594.0000 562 469 0.8345
9599.0000 562 470 0.8363
9610.0000 563 470 0.8348
9622.0000 563 471 0.8366
9625.0000 564 471 0.8351
9627.0000 564 472 0.8369
9633.0000 564 473 0.8387
9635.0000 564 474 0.8404
9642.0000 564 475 0.8422
9643.0000 565 475 0.8407
9654.0000 565 476 0.8425
9660.0000 566 476 0.8410
9663.0000 566 477 0.8428
9667.0000 566 478 0.8445
9677.0000 567 478 0.8430
9681.0000 567 479 0.8448
9696.0000 568 479 0.8433
9704.0000 568 480 0.8451
9705.0000 568 481 0.8468
9711.0000 569 481 0.8453
9722.0000 569 482 0.8471
9730.0000 570 482 0.8456
9739.0000 570 483 0.8474
9745.0000 571 483 0.8459
9763.0000 572 483 0.8444
9778.0000 573 483 0.8429
9797.0000 574 483 0.8415
9809.0000 574 484 0.8432
9815.0000 575 484 0.8417
9833.0000 575 485 0.8435
9834.0000 576 485 0.8420
9849.0000 576 486 0.8438
9853.0000 577 486 0.8423
9854.0000 577 487 0.8440
9857.0000 577 488 0.8458
9863.0000 577 489 0.8475
9871.0000 578 489 0.8460
9874.0000 578 490 0.8478
9882.0000 578 491 0.8495
9886.0000 579 491 0.8480
9899.0000 579 492 0.8497
9902.0000 580 492 0.8483
9920.0000 581 492 0.8468
9938.0000 582 492 0.8454
9950.0000 582 493 0.8471
9955.0000 583 493 0.8456
9956.0000 583 494 0.8473
9956.0000 583 495 0.8491
9973.0000 584 495 0.8476
9978.0000 584 496 0.8493
9989.0000 585 496 0.8479
10005.0000 586 496 0.8464
10018.0000 586 497 0.8481
10024.0000 587 497 0.8467
10025.0000 587 498 0.8484
10040.0000 588 498 0.8469
10059.0000 589 498 0.8455
10059.0000 589 499 0.8472
10061.0000 589 500 0.8489
10076.0000 590 500 0.8475
10094.0000 591 500 0.8460
10105.0000 591 501 0.8477
10111.0000 592 501 0.8463
10130.0000 593 501 0.8449
10131.0000 593 502 0.8465
10134.0000 593 503 0.8482
10143.0000 593 504 0.8499
10147.0000 594 504 0.8485
10149.0000 594 505 0.8502
10157.0000 594 506 0.8519
10158.0000 594 507 0.8535
10165.0000 595 507 0.8521
10167.0000 595 508 0.8538
10181.0000 596 508 0.8523
10197.0000 597 508 0.8509
10208.0000 597 509 0.8526
10209.0000 597 510 0.8543
10214.0000 598 510 0.8528
10216.0000 598 511 0.8545
10222.0000 598 512 0.8562
10233.0000 599 512 0.8548
10233.0000 599 513 0.8564
10241.0000 599 514 0.8581
10248.0000 600 514 0.8567
10256.0000 600 515 0.8583
10264.0000 600 516 0.8600
10267.0000 601 516 0.8586
10275.0000 601 517 0.8602
10281.0000 601 518 0.8619
10284.0000 602 518 0.8605
10288.0000 602 519 0.8621
10300.0000 603 519 0.8607
10319.0000 604 519 0.8593
10338.0000 605 519 0.8579
10341.0000 605 520 0.8595
10357.0000 606 520 0.8581
10372.0000 607 520 0.8567
10385.0000 607 521 0.8583
10391.0000 608 521 0.8569
10397.0000 608 522 0.8586
10410.0000 609 522 0.8571
10429.0000 610 522 0.8557
10444.0000 611 522 0.8543
10455.0000 611 523 0.8560
10460.0000 611 524 0.8576
10461.0000 612 524 0.8562
10476.0000 613 524 0.8548
10494.0000 614 524 0.8534
10510.0000 615 524 0.8520
10526.0000 616 524 0.8506
10540.0000 616 525 0.8523
10542.0000 617 525 0.8509
10547.0000 617 526 0.8525
10560.0000 618 526 0.8511
10575.0000 619 526 0.8498
10590.0000 620 526 0.8484
10609.0000 621 526 0.8470
10615.0000 621 527 0.8486
10625.0000 622 527 0.8473
10639.0000 622 528 0.8489
10642.0000 623 528 0.8475
10658.0000 624 528 0.8462
10675.0000 625 528 0.8448
10694.0000 626 528 0.8435
10695.0000 626 529 0.8450
10711.0000 627 529 0.8437
10711.0000 627 530 0.8453
10723.0000 627 531 0.8469
10727.0000 628 531 0.8455
10742.0000 629 531 0.8442
10746.0000 629 532 0.8458
10760.0000 630 532 0.8444
10779.0000 631 532 0.8431
10793.0000 631 533 0.8447
10796.0000 632 533 0.8434
10812.0000 633 533 0.8420
10830.0000 634 533 0.8407
10847.0000 635 533 0.8394
10865.0000 636 533 0.8381
10865.0000 636 534 0.8396
10884.0000 637 534 0.8383
10886.0000 637 535 0.8399
10903.0000 638 535 0.8386
10922.0000 639 535 0.8372
10922.0000 639 536 0.8388
10939.0000 640 536 0.8375
10948.0000 640 537 0.8391
10949.0000 640 538 0.8406
10955.0000 641 538 0.8393
10972.0000 642 538 0.8380
10988.0000 642 539 0.8396
10991.0000 643 539 0.8383
11006.0000 644 539 0.8370
11024.0000 644 540 0.8385
11025.0000 645 540 0.8372
11041.0000 646 540 0.8359
11059.0000 647 540 0.8346
11078.0000 648 540 0.8333
11090.0000 648 541 0.8349
11093.0000 648 542 0.8364
11094.0000 649 542 0.8351
11106.0000 649 543 0.8367
11111.0000 650 543 0.8354
11128.0000 651 543 0.8341
11131.0000 651 544 0.8356
11132.0000 651 545 0.8372
11133.0000 651 546 0.8387
11142.0000 651 547 0.8402
11144.0000 652 547 0.8390
11156.0000 652 548 0.8405
11160.0000 653 548 0.8392
11164.0000 653 549 0.8407
11176.0000 654 549 0.8394
11191.0000 654 550 0.8410
11193.0000 654 551 0.8425
11194.0000 654 552 0.8440
11195.0000 655 552 0.8427
11195.0000 655 553 0.8443
11196.0000 655 554 0.8458
11197.0000 655 555 0.8473
11204.0000 655 556 0.8489
11211.0000 656 556 0.8476
11226.0000 656 557 0.8491
11229.0000 657 557 0.8478
11236.0000 657 558 0.8493
11245.0000 658 558 0.8480
11260.0000 659 558 0.8467
11266.0000 659 559 0.8483
11268.0000 659 560 0.8498
11270.0000 659 561 0.8513
11275.0000 660 561 0.8500
11277.0000 660 562 0.8515
11290.0000 661 562 0.8502
11305.0000 662 562 0.8489
11314.0000 662 563 0.8505
11317.0000 662 564 0.8520
11320.0000 663 564 0.8507
11335.0000 663 565 0.8522
11336.0000 664 565 0.8509
11342.0000 664 566 0.8524
11353.0000 665 566 0.8511
11372.0000 666 566 0.8498
11378.0000 666 567 0.8514
11387.0000 667 567 0.8501
11391.0000 667 568 0.8516
11406.0000 668 568 0.8503
11425.0000 669 568 0.8490
11444.0000 670 568 0.8478
11450.0000 670 569 0.8493
11451.0000 670 570 0.8507
11461.0000 671 570 0.8495
11480.0000 672 570 0.8482
11499.0000 673 570 0.8470
11518.0000 674 570 0.8457
11535.0000 675 570 0.8444
11550.0000 676 570 0.8432
11567.0000 677 570 0.8419
11578.0000 677 571 0.8434
11586.0000 678 571 0.8422
11604.0000 679 571 0.8409
11606.0000 679 572 0.8424
11622.0000 680 572 0.8412
11640.0000 681 572 0.8399
11644.0000 681 573 0.8414
11646.0000 681 574 0.8429
11657.0000 682 574 0.8416
11673.0000 683 574 0.8404
11692.0000 684 574 0.8392
11694.0000 684 575 0.8406
11710.0000 684 576 0.8421
11710.0000 684 577 0.8436
11711.0000 685 577 0.8423
11729.0000 686 577 0.8411
11747.0000 687 577 0.8399
11762.0000 688 577 0.8387
11762.0000 688 578 0.8401
11777.0000 689 578 0.8389
11795.0000 690 578 0.8377
11814.0000 691 578 0.8365
11818.0000 691 579 0.8379
11829.0000 692 579 0.8367
11830.0000 692 580 0.8382
11844.0000 693 580 0.8369
11860.0000 694 580 0.8357
11870.0000 694 581 0.8372
11876.0000 695 581 0.8360
11883.0000 695 582 0.8374
11893.0000 696 582 0.8362
11897.0000 696 583 0.8376
11910.0000 697 583 0.8364
11913.0000 697 584 0.8379
11926.0000 698 584 0.8367
11943.0000 699 584 0.8355
11959.0000 700 584 0.8343
11964.0000 700 585 0.8357
11966.0000 700 586 0.8371
11968.0000 700 587 0.8386
11976.0000 701 587 0.8374
11990.0000 701 588 0.8388
11993.0000 702 588 0.8376
12012.0000 703 588 0.8364
12025.0000 703 589 0.8378
12027.0000 704 589 0.8366
12038.0000 704 590 0.8381
12044.0000 705 590 0.8369
12045.0000 705 591 0.8383
12055.0000 705 592 0.8397
12060.0000 706 592 0.8385
12063.0000 706 593 0.8399
12070.0000 706 594 0.8414
12076.0000 707 594 0.8402
12090.0000 707 595 0.8416
12095.0000 708 595 0.8404
12095.0000 708 596 0.8418
12098.0000 708 597 0.8432
12113.0000 709 597 0.8420
12115.0000 709 598 0.8434
12124.0000 709 599 0.8449
12131.0000 710 599 0.8437
12131.0000 710 600 0.8451
12133.0000 710 601 0.8465
12137.0000 710 602 0.8479
12140.0000 710 603 0.8493
12142.0000 710 604 0.8507
12148.0000 710 605 0.8521
12149.0000 711 605 0.8509
12167.0000 712 605 0.8497
12182.0000 713 605 0.8485
12184.0000 713 606 0.8499
12195.0000 713 607 0.8513
12199.0000 714 607 0.8501
12204.0000 714 608 0.8515
12209.0000 714 609 0.8529
12213.0000 714 610 0.8543
12217.0000 715 610 0.8531
12235.0000 716 610 0.8520
12238.0000 716 611 0.8534
12251.0000 717 611 0.8522
12261.0000 717 612 0.8536
12270.0000 718 612 0.8524
12280.0000 718 613 0.8538
12286.0000 719 613 0.8526
12291.0000 719 614 0.8540
12304.0000 720 614 0.8528
12322.0000 720 615 0.8542
12323.0000 721 615 0.8530
12327.0000 721 616 0.8544
12332.0000 721 617 0.8558
12333.0000 721 618 0.8571
12340.0000 722 618 0.8560
12350.0000 722 619 0.8573
12351.0000 722 620 0.8587
12352.0000 722 621 0.8601
12355.0000 723 621 0.8589
12373.0000 724 621 0.8577
12380.0000 724 622 0.8591
12388.0000 725 622 0.8579
12406.0000 726 622 0.8567
12409.0000 726 623 0.8581
12418.0000 726 624 0.8595
12422.0000 727 624 0.8583
12428.0000 727 625 0.8597
12436.0000 727 626 0.8611
12437.0000 727 627 0.8624
12438.0000 728 627 0.8613
12456.0000 729 627 0.8601
12473.0000 730 627 0.8589
12484.0000 730 628 0.8603
12488.0000 731 628 0.8591
12491.0000 731 629 0.8605
12492.0000 731 630 0.8618
12504.0000 732 630 0.8607
12520.0000 733 630 0.8595
12528.0000 733 631 0.8608
12535.0000 733 632 0.8622
12539.0000 734 632 0.8610
12540.0000 734 633 0.8624
12544.0000 734 634 0.8638
12550.0000 734 635 0.8651
12554.0000 735 635 0.8639
12556.0000 735 636 0.8653
12557.0000 735 637 0.8667
12573.0000 736 637 0.8655
12592.0000 737 637 0.8643
12610.0000 738 637 0.8631
12620.0000 738 638 0.8645
12625.0000 739 638 0.8633
12625.0000 739 639 0.8647
12634.0000 739 640 0.8660
12635.0000 739 641 0.8674
12641.0000 740 641 0.8662
12658.0000 741 641 0.8650
12677.0000 742 641 0.8639
12695.0000 743 641 0.8627
12695.0000 743 642 0.8641
12708.0000 743 643 0.8654
12709.0000 743 644 0.8668
12710.0000 743 645 0.8681
12714.0000 744 645 0.8669
12730.0000 744 646 0.8683
12732.0000 745 646 0.8671
12744.0000 745 647 0.8685
12748.0000 746 647 0.8673
12753.0000 746 648 0.8686
12763.0000 747 648 0.8675
12781.0000 748 648 0.8663
12782.0000 748 649 0.8676
12793.0000 748 650 0.8690
12797.0000 748 651 0.8703
12800.0000 749 651 0.8692
12811.0000 749 652 0.8705
12814.0000 749 653 0.8718
12818.0000 750 653 0.8707
12833.0000 751 653 0.8695
12833.0000 751 654 0.8708
12842.0000 751 655 0.8722
12848.0000 752 655 0.8710
12849.0000 752 656 0.8723
12866.0000 753 656 0.8712
12879.0000 753 657 0.8725
12885.0000 754 657 0.8714
12897.0000 754 658 0.8727
12902.0000 755 658 0.8715
12906.0000 755 659 0.8728
12918.0000 755 660 0.8742
12920.0000 756 660 0.8730
12922.0000 756 661 0.8743
12935.0000 757 661 0.8732
12950.0000 757 662 0.8745
12951.0000 758 662 0.8734
12967.0000 759 662 0.8722
12983.0000 760 662 0.8711
12998.0000 761 662 0.8699
13000.0000 761 663 0.8712
13002.0000 761 664 0.8725
13003.0000 761 665 0.8739
13007.0000 761 666 0.8752
13015.0000 762 666 0.8740
13019.0000 762 667 0.8753
13030.0000 762 668 0.8766
13031.0000 763 668 0.8755
13049.0000 764 668 0.8743
13054.0000 764 669 0.8757
13068.0000 765 669 0.8745
13086.0000 766 669 0.8734
13098.0000 766 670 0.8747
13103.0000 767 670 0.8735
13118.0000 768 670 0.8724
13136.0000 769 670 0.8713
13153.0000 770 670 0.8701
13168.0000 771 670 0.8690
13185.0000 772 670 0.8679
13194.0000 772 671 0.8692
13201.0000 773 671 0.8680
13202.0000 773 672 0.8693
13220.0000 774 672 0.8682
13236.0000 775 672 0.8671
13242.0000 775 673 0.8684
13251.0000 776 673 0.8673
13269.0000 777 673 0.8662
13281.0000 777 674 0.8674
13285.0000 778 674 0.8663
13286.0000 778 675 0.8676
13292.0000 778 676 0.8689
13301.0000 779 676 0.8678
13317.0000 780 676 0.8667
13326.0000 780 677 0.8679
13336.0000 781 677 0.8668
13338.0000 781 678 0.8681
13354.0000 782 678 0.8670
13360.0000 782 679 0.8683
13362.0000 782 680 0.8696
13369.0000 783 680 0.8685
13384.0000 784 680 0.8673
13399.0000 785 680 0.8662
13406.0000 785 681 0.8675
13407.0000 785 682 0.8688
13413.0000 785 683 0.8701
13414.0000 786 683 0.8690
13428.0000 786 684 0.8702
13429.0000 787 684 0.8691
13444.0000 788 684 0.8680
13455.0000 788 685 0.8693
13455.0000 788 686 0.8706
13461.0000 789 686 0.8695
13476.0000 790 686 0.8684
13486.0000 790 687 0.8696
13491.0000 791 687 0.8685
13508.0000 792 687 0.8674
13523.0000 793 687 0.8663
13536.0000 793 688 0.8676
13538.0000 793 689 0.8689
13542.0000 794 689 0.8678
13553.0000 794 690 0.8690
13554.0000 794 691 0.8703
13559.0000 795 691 0.8692
13570.0000 795 692 0.8704
13574.0000 796 692 0.8693
13578.0000 796 693 0.8706
13588.0000 796 694 0.8719
13591.0000 797 694 0.8708
13609.0000 798 694 0.8697
13628.0000 799 694 0.8686
13643.0000 800 694 0.8675
13652.0000 800 695 0.8688
13661.0000 801 695 0.8677
13677.0000 802 695 0.8666
13692.0000 802 696 0.8678
13693.0000 803 696 0.8667
13694.0000 803 697 0.8680
13710.0000 804 697 0.8669
13723.0000 804 698 0.8682
13729.0000 805 698 0.8671
13746.0000 806 698 0.8660
13765.0000 807 698 0.8649
13767.0000 807 699 0.8662
13774.0000 807 700 0.8674
13778.0000 807 701 0.8686
13780.0000 807 702 0.8699
13781.0000 808 702 0.8688
13782.0000 808 703 0.8700
13796.0000 809 703 0.8690
13813.0000 810 703 0.8679
13818.0000 810 704 0.8691
13820.0000 810 705 0.8704
13823.0000 810 706 0.8716
13829.0000 811 706 0.8705
13832.0000 811 707 0.8718
13834.0000 811 708 0.8730
13836.0000 811 709 0.8742
13837.0000 811 710 0.8755
13848.0000 812 710 0.8744
13849.0000 812 711 0.8756
13860.0000 812 712 0.8768
13861.0000 812 713 0.8781
13862.0000 812 714 0.8793
13867.0000 813 714 0.8782
13870.0000 813 715 0.8795
13874.0000 813 716 0.8807
13874.0000 813 717 0.8819
13874.0000 813 718 0.8831
13882.0000 814 718 0.8821
13886.0000 814 719 0.8833
13895.0000 814 720 0.8845
13896.0000 814 721 0.8857
13897.0000 815 721 0.8847
13913.0000 816 721 0.8836
13919.0000 816 722 0.8848
13932.0000 817 722 0.8837
13933.0000 817 723 0.8849
13940.0000 817 724 0.8862
13942.0000 817 725 0.8874
13943.0000 817 726 0.8886
13948.0000 818 726 0.8875
13963.0000 819 726 0.8864
13979.0000 820 726 0.8854
13979.0000 820 727 0.8866
13994.0000 821 727 0.8855
13994.0000 821 728 0.8867
14012.0000 822 728 0.8856
14025.0000 822 729 0.8869
14027.0000 823 729 0.8858
14028.0000 823 730 0.8870
14044.0000 824 730 0.8859
14046.0000 824 731 0.8871
14055.0000 824 732 0.8883
14059.0000 825 732 0.8873
14063.0000 825 733 0.8885
14069.0000 825 734 0.8897
14075.0000 826 734 0.8886
14094.0000 827 734 0.8875
14109.0000 828 734 0.8865
14124.0000 829 734 0.8854
14125.0000 829 735 0.8866
14126.0000 829 736 0.8878
14140.0000 830 736 0.8867
14152.0000 830 737 0.8880
14156.0000 830 738 0.8892
14158.0000 831 738 0.8881
14174.0000 832 738 0.8870
14193.0000 833 738 0.8860
14210.0000 834 738 0.8849
14211.0000 834 739 0.8861
14217.0000 834 740 0.8873
14225.0000 835 740 0.8862
14227.0000 835 741 0.8874
14230.0000 835 742 0.8886
14240.0000 836 742 0.8876
14259.0000 837 742 0.8865
14278.0000 838 742 0.8854
14294.0000 839 742 0.8844
14313.0000 840 742 0.8833
14317.0000 840 743 0.8845
14330.0000 841 743 0.8835
14337.0000 841 744 0.8847
14340.0000 841 745 0.8859
14345.0000 842 745 0.8848
14360.0000 843 745 0.8837
14363.0000 843 746 0.8849
14379.0000 844 746 0.8839
14396.0000 845 746 0.8828
