# time  created  delivered  delivered/created
19.0000 1 0 0.0000
34.0000 2 0 0.0000
50.0000 2 1 0.5000
51.0000 3 1 0.3333
57.0000 3 2 0.6667
70.0000 4 2 0.5000
87.0000 5 2 0.4000
99.0000 5 3 0.6000
103.0000 6 3 0.5000
108.0000 6 4 0.6667
120.0000 7 4 0.5714
136.0000 8 4 0.5000
136.0000 8 5 0.6250
147.0000 8 6 0.7500
155.0000 9 6 0.6667
173.0000 10 6 0.6000
192.0000 11 6 0.5455
202.0000 11 7 0.6364
208.0000 12 7 0.5833
210.0000 12 8 0.6667
227.0000 13 8 0.6154
231.0000 13 9 0.6923
245.0000 14 9 0.6429
250.0000 14 10 0.7143
261.0000 15 10 0.6667
269.0000 15 11 0.7333
276.0000 16 11 0.6875
286.0000 16 12 0.7500
293.0000 17 12 0.7059
294.0000 17 13 0.7647
309.0000 18 13 0.7222
328.0000 19 13 0.6842
329.0000 19 14 0.7368
340.0000 19 15 0.7895
346.0000 20 15 0.7500
365.0000 21 15 0.7143
376.0000 21 16 0.7619
380.0000 22 16 0.7273
395.0000 23 16 0.6957
402.0000 23 17 0.7391
410.0000 24 17 0.7083
419.0000 24 18 0.7500
420.0000 24 19 0.7917
429.0000 25 19 0.7600
445.0000 26 19 0.7308
461.0000 27 19 0.7037
467.0000 27 20 0.7407
480.0000 28 20 0.7143
497.0000 29 20 0.6897
515.0000 30 20 0.6667
534.0000 31 20 0.6452
536.0000 31 21 0.6774
553.0000 32 21 0.6563
570.0000 33 21 0.6364
588.0000 34 21 0.6176
599.0000 34 22 0.6471
607.0000 35 22 0.6286
622.0000 36 22 0.6111
637.0000 36 23 0.6389
638.0000 37 23 0.6216
656.0000 38 23 0.6053
671.0000 39 23 0.5897
688.0000 40 23 0.5750
707.0000 41 23 0.5610
708.0000 41 24 0.5854
726.0000 42 24 0.5714
741.0000 43 24 0.5581
760.0000 44 24 0.5455
779.0000 45 24 0.5333
798.0000 46 24 0.5217
813.0000 47 24 0.5106
828.0000 48 24 0.5000
846.0000 49 24 0.4898
850.0000 49 25 0.5102
861.0000 50 25 0.5000
876.0000 51 25 0.4902
882.0000 51 26 0.5098
895.0000 52 26 0.5000
914.0000 53 26 0.4906
923.0000 53 27 0.5094
933.0000 54 27 0.5000
936.0000 54 28 0.5185
952.0000 55 28 0.5091
969.0000 56 28 0.5000
977.0000 56 29 0.5179
986.0000 57 29 0.5088
987.0000 57 30 0.5263
989.0000 57 31 0.5439
998.0000 57 32 0.5614
1004.0000 58 32 0.5517
1005.0000 58 33 0.5690
1022.0000 59 33 0.5593
1038.0000 60 33 0.5500
1057.0000 61 33 0.5410
1076.0000 62 33 0.5323
1095.0000 63 33 0.5238
1097.0000 63 34 0.5397
1098.0000 63 35 0.5556
1098.0000 63 36 0.5714
1100.0000 63 37 0.5873
1106.0000 63 38 0.6032
1110.0000 63 39 0.6190
1111.0000 64 39 0.6094
1115.0000 64 40 0.6250
1126.0000 65 40 0.6154
1143.0000 66 40 0.6061
1160.0000 67 40 0.5970
1179.0000 68 40 0.5882
1181.0000 68 41 0.6029
1196.0000 69 41 0.5942
1198.0000 69 42 0.6087
1202.0000 69 43 0.6232
1214.0000 70 43 0.6143
1232.0000 71 43 0.6056
1234.0000 71 44 0.6197
1242.0000 71 45 0.6338
1251.0000 72 45 0.6250
1262.0000 72 46 0.6389
1270.0000 73 46 0.6301
1287.0000 74 46 0.6216
1294.0000 74 47 0.6351
1305.0000 75 47 0.6267
1307.0000 75 48 0.6400
1309.0000 75 49 0.6533
1321.0000 76 49 0.6447
1336.0000 77 49 0.6364
1340.0000 77 50 0.6494
1352.0000 78 50 0.6410
1368.0000 79 50 0.6329
1381.0000 79 51 0.6456
1386.0000 80 51 0.6375
1401.0000 81 51 0.6296
1413.0000 81 52 0.6420
1415.0000 81 53 0.6543
1417.0000 81 54 0.6667
1420.0000 82 54 0.6585
1433.0000 82 55 0.6707
1438.0000 83 55 0.6627
1442.0000 83 56 0.6747
1453.0000 84 56 0.6667
1468.0000 85 56 0.6588
1473.0000 85 57 0.6706
1484.0000 86 57 0.6628
1487.0000 86 58 0.6744
1502.0000 87 58 0.6667
1517.0000 88 58 0.6591
1536.0000 89 58 0.6517
1552.0000 90 58 0.6444
1570.0000 91 58 0.6374
1571.0000 91 59 0.6484
1586.0000 92 59 0.6413
1587.0000 92 60 0.6522
1601.0000 93 60 0.6452
1617.0000 94 60 0.6383
1634.0000 95 60 0.6316
1649.0000 96 60 0.6250
1668.0000 97 60 0.6186
1684.0000 98 60 0.6122
1703.0000 99 60 0.6061
1718.0000 100 60 0.6000
1735.0000 101 60 0.5941
1738.0000 101 61 0.6040
1740.0000 101 62 0.6139
1750.0000 102 62 0.6078
1765.0000 103 62 0.6019
1774.0000 103 63 0.6117
1783.0000 104 63 0.6058
1783.0000 104 64 0.6154
1787.0000 104 65 0.6250
1788.0000 104 66 0.6346
1797.0000 104 67 0.6442
1802.0000 105 67 0.6381
1818.0000 106 67 0.6321
1825.0000 106 68 0.6415
1833.0000 107 68 0.6355
1845.0000 107 69 0.6449
1848.0000 108 69 0.6389
1855.0000 108 70 0.6481
1863.0000 109 70 0.6422
1873.0000 109 71 0.6514
1881.0000 110 71 0.6455
1900.0000 111 71 0.6396
1902.0000 111 72 0.6486
1905.0000 111 73 0.6577
1918.0000 112 73 0.6518
1933.0000 112 74 0.6607
1935.0000 112 75 0.6696
1937.0000 113 75 0.6637
1941.0000 113 76 0.6726
1954.0000 114 76 0.6667
1970.0000 115 76 0.6609
1974.0000 115 77 0.6696
1989.0000 116 77 0.6638
2008.0000 117 77 0.6581
2024.0000 118 77 0.6525
2026.0000 118 78 0.6610
2027.0000 118 79 0.6695
2043.0000 119 79 0.6639
2061.0000 120 79 0.6583
2076.0000 121 79 0.6529
2078.0000 121 80 0.6612
2095.0000 122 80 0.6557
2098.0000 122 81 0.6639
2112.0000 123 81 0.6585
2131.0000 124 81 0.6532
2148.0000 125 81 0.6480
2151.0000 125 82 0.6560
2163.0000 126 82 0.6508
2179.0000 127 82 0.6457
2190.0000 127 83 0.6535
2195.0000 128 83 0.6484
2202.0000 128 84 0.6563
2204.0000 128 85 0.6641
2213.0000 129 85 0.6589
2215.0000 129 86 0.6667
2223.0000 129 87 0.6744
2225.0000 129 88 0.6822
2232.0000 130 88 0.6769
2248.0000 131 88 0.6718
2250.0000 131 89 0.6794
2264.0000 132 89 0.6742
2277.0000 132 90 0.6818
2283.0000 133 90 0.6767
2284.0000 133 91 0.6842
2302.0000 134 91 0.6791
2321.0000 135 91 0.6741
2326.0000 135 92 0.6815
2333.0000 135 93 0.6889
2336.0000 136 93 0.6838
2341.0000 136 94 0.6912
2352.0000 137 94 0.6861
2367.0000 138 94 0.6812
2372.0000 138 95 0.6884
2385.0000 139 95 0.6835
2404.0000 140 95 0.6786
2415.0000 140 96 0.6857
2423.0000 141 96 0.6809
2438.0000 142 96 0.6761
2439.0000 142 97 0.6831
2456.0000 143 97 0.6783
2472.0000 144 97 0.6736
2475.0000 144 98 0.6806
2480.0000 144 99 0.6875
2481.0000 144 100 0.6944
2489.0000 145 100 0.6897
2498.0000 145 101 0.6966
2507.0000 146 101 0.6918
2510.0000 146 102 0.6986
2520.0000 146 103 0.7055
2523.0000 147 103 0.7007
2524.0000 147 104 0.7075
2525.0000 147 105 0.7143
2538.0000 148 105 0.7095
2557.0000 149 105 0.7047
2572.0000 149 106 0.7114
2575.0000 150 106 0.7067
2591.0000 151 106 0.7020
2596.0000 151 107 0.7086
2598.0000 151 108 0.7152
2606.0000 152 108 0.7105
2623.0000 153 108 0.7059
2640.0000 154 108 0.7013
2641.0000 154 109 0.7078
2643.0000 154 110 0.7143
2654.0000 154 111 0.7208
2655.0000 155 111 0.7161
2659.0000 155 112 0.7226
2671.0000 156 112 0.7179
2674.0000 156 113 0.7244
2689.0000 157 113 0.7197
2700.0000 157 114 0.7261
2706.0000 158 114 0.7215
2721.0000 158 115 0.7278
2724.0000 158 116 0.7342
2725.0000 159 116 0.7296
2741.0000 160 116 0.7250
2741.0000 160 117 0.7313
2742.0000 160 118 0.7375
2748.0000 160 119 0.7438
2751.0000 160 120 0.7500
2757.0000 161 120 0.7453
2772.0000 162 120 0.7407
2772.0000 162 121 0.7469
2787.0000 163 121 0.7423
2790.0000 163 122 0.7485
2802.0000 164 122 0.7439
2813.0000 164 123 0.7500
2817.0000 165 123 0.7455
2822.0000 165 124 0.7515
2835.0000 166 124 0.7470
2839.0000 166 125 0.7530
2843.0000 166 126 0.7590
2845.0000 166 127 0.7651
2853.0000 167 127 0.7605
2859.0000 167 128 0.7665
2864.0000 167 129 0.7725
2868.0000 168 129 0.7679
2871.0000 168 130 0.7738
2884.0000 168 131 0.7798
2886.0000 169 131 0.7751
2902.0000 170 131 0.7706
2906.0000 170 132 0.7765
2917.0000 171 132 0.7719
2922.0000 171 133 0.7778
2924.0000 171 134 0.7836
2928.0000 171 135 0.7895
2933.0000 172 135 0.7849
2943.0000 172 136 0.7907
2951.0000 172 137 0.7965
2952.0000 173 137 0.7919
2958.0000 173 138 0.7977
2959.0000 173 139 0.8035
2968.0000 174 139 0.7989
2984.0000 175 139 0.7943
3000.0000 176 139 0.7898
3015.0000 177 139 0.7853
3031.0000 178 139 0.7809
3039.0000 178 140 0.7865
3050.0000 179 140 0.7821
3053.0000 179 141 0.7877
3065.0000 180 141 0.7833
3080.0000 181 141 0.7790
3081.0000 181 142 0.7845
3086.0000 181 143 0.7901
3095.0000 181 144 0.7956
3096.0000 181 145 0.8011
3097.0000 182 145 0.7967
3098.0000 182 146 0.8022
3114.0000 182 147 0.8077
3116.0000 183 147 0.8033
3126.0000 183 148 0.8087
3135.0000 184 148 0.8043
3148.0000 184 149 0.8098
3153.0000 185 149 0.8054
3157.0000 185 150 0.8108
3170.0000 186 150 0.8065
3176.0000 186 151 0.8118
3177.0000 186 152 0.8172
3179.0000 186 153 0.8226
3180.0000 186 154 0.8280
3185.0000 187 154 0.8235
3186.0000 187 155 0.8289
3190.0000 187 156 0.8342
3202.0000 188 156 0.8298
3216.0000 188 157 0.8351
3219.0000 189 157 0.8307
3235.0000 190 157 0.8263
3245.0000 190 158 0.8316
3251.0000 191 158 0.8272
3267.0000 191 159 0.8325
3270.0000 192 159 0.8281
3276.0000 192 160 0.8333
3289.0000 193 160 0.8290
3295.0000 193 161 0.8342
3296.0000 193 162 0.8394
3301.0000 193 163 0.8446
3308.0000 194 163 0.8402
3323.0000 195 163 0.8359
3324.0000 195 164 0.8410
3338.0000 196 164 0.8367
3357.0000 197 164 0.8325
3373.0000 198 164 0.8283
3388.0000 199 164 0.8241
3389.0000 199 165 0.8291
3407.0000 200 165 0.8250
3425.0000 201 165 0.8209
3442.0000 202 165 0.8168
3442.0000 202 166 0.8218
3458.0000 203 166 0.8177
3462.0000 203 167 0.8227
3462.0000 203 168 0.8276
3462.0000 203 169 0.8325
3475.0000 204 169 0.8284
3492.0000 205 169 0.8244
3511.0000 206 169 0.8204
3529.0000 207 169 0.8164
3541.0000 207 170 0.8213
3547.0000 208 170 0.8173
3566.0000 209 170 0.8134
3567.0000 209 171 0.8182
3581.0000 210 171 0.8143
3600.0000 211 171 0.8104
3617.0000 212 171 0.8066
3627.0000 212 172 0.8113
3628.0000 212 173 0.8160
3632.0000 213 173 0.8122
3634.0000 213 174 0.8169
3644.0000 213 175 0.8216
3648.0000 214 175 0.8178
3665.0000 215 175 0.8140
3667.0000 215 176 0.8186
3680.0000 216 176 0.8148
3681.0000 216 177 0.8194
3682.0000 216 178 0.8241
3693.0000 216 179 0.8287
3695.0000 217 179 0.8249
3700.0000 217 180 0.8295
3710.0000 218 180 0.8257
3729.0000 219 180 0.8219
3740.0000 219 181 0.8265
3748.0000 220 181 0.8227
3748.0000 220 182 0.8273
3766.0000 221 182 0.8235
3784.0000 222 182 0.8198
3788.0000 222 183 0.8243
3802.0000 223 183 0.8206
3802.0000 223 184 0.8251
3804.0000 223 185 0.8296
3815.0000 223 186 0.8341
3821.0000 224 186 0.8304
3822.0000 224 187 0.8348
3825.0000 224 188 0.8393
3838.0000 225 188 0.8356
3856.0000 226 188 0.8319
3859.0000 226 189 0.8363
3874.0000 227 189 0.8326
3892.0000 228 189 0.8289
3893.0000 228 190 0.8333
3908.0000 228 191 0.8377
3909.0000 229 191 0.8341
3911.0000 229 192 0.8384
3913.0000 229 193 0.8428
3926.0000 230 193 0.8391
3933.0000 230 194 0.8435
3938.0000 230 195 0.8478
3945.0000 231 195 0.8442
3960.0000 232 195 0.8405
3968.0000 232 196 0.8448
3978.0000 233 196 0.8412
3994.0000 233 197 0.8455
3995.0000 234 197 0.8419
4004.0000 234 198 0.8462
4007.0000 234 199 0.8504
4014.0000 235 199 0.8468
4017.0000 235 200 0.8511
4033.0000 236 200 0.8475
4034.0000 236 201 0.8517
4042.0000 236 202 0.8559
4052.0000 237 202 0.8523
4056.0000 237 203 0.8565
4064.0000 237 204 0.8608
4069.0000 238 204 0.8571
4087.0000 239 204 0.8536
4105.0000 240 204 0.8500
4111.0000 240 205 0.8542
4124.0000 241 205 0.8506
4140.0000 242 205 0.8471
4147.0000 242 206 0.8512
4151.0000 242 207 0.8554
4151.0000 242 208 0.8595
4152.0000 242 209 0.8636
4158.0000 243 209 0.8601
4177.0000 244 209 0.8566
4195.0000 245 209 0.8531
4214.0000 246 209 0.8496
4220.0000 246 210 0.8537
4232.0000 247 210 0.8502
4251.0000 248 210 0.8468
4267.0000 249 210 0.8434
4282.0000 250 210 0.8400
4282.0000 250 211 0.8440
4283.0000 250 212 0.8480
4298.0000 251 212 0.8446
4304.0000 251 213 0.8486
4315.0000 252 213 0.8452
4316.0000 252 214 0.8492
4330.0000 253 214 0.8458
4345.0000 254 214 0.8425
4362.0000 255 214 0.8392
4371.0000 255 215 0.8431
4378.0000 256 215 0.8398
4378.0000 256 216 0.8438
4396.0000 257 216 0.8405
4397.0000 257 217 0.8444
4412.0000 258 217 0.8411
4429.0000 259 217 0.8378
4442.0000 259 218 0.8417
4448.0000 260 218 0.8385
4458.0000 260 219 0.8423
4461.0000 260 220 0.8462
4465.0000 261 220 0.8429
4481.0000 262 220 0.8397
4496.0000 263 220 0.8365
4510.0000 263 221 0.8403
4511.0000 264 221 0.8371
4512.0000 264 222 0.8409
4513.0000 264 223 0.8447
4526.0000 265 223 0.8415
4543.0000 266 223 0.8383
4558.0000 267 223 0.8352
4576.0000 268 223 0.8321
4584.0000 268 224 0.8358
4592.0000 268 225 0.8396
4593.0000 269 225 0.8364
4606.0000 269 226 0.8401
4611.0000 270 226 0.8370
4613.0000 270 227 0.8407
4629.0000 271 227 0.8376
4639.0000 271 228 0.8413
4645.0000 272 228 0.8382
4651.0000 272 229 0.8419
4662.0000 272 230 0.8456
4664.0000 273 230 0.8425
4674.0000 273 231 0.8462
4676.0000 273 232 0.8498
4682.0000 274 232 0.8467
4697.0000 275 232 0.8436
4712.0000 276 232 0.8406
4728.0000 276 233 0.8442
4729.0000 276 234 0.8478
4730.0000 277 234 0.8448
4735.0000 277 235 0.8484
4738.0000 277 236 0.8520
4743.0000 277 237 0.8556
4748.0000 278 237 0.8525
4754.0000 278 238 0.8561
4755.0000 278 239 0.8597
4765.0000 279 239 0.8566
4781.0000 279 240 0.8602
4782.0000 280 240 0.8571
4792.0000 280 241 0.8607
4797.0000 281 241 0.8577
4799.0000 281 242 0.8612
4816.0000 282 242 0.8582
4825.0000 282 243 0.8617
4833.0000 283 243 0.8587
4835.0000 283 244 0.8622
4846.0000 283 245 0.8657
4850.0000 284 245 0.8627
4865.0000 285 245 0.8596
4881.0000 286 245 0.8566
4895.0000 286 246 0.8601
4897.0000 287 246 0.8571
4915.0000 288 246 0.8542
4916.0000 288 247 0.8576
4932.0000 289 247 0.8547
4948.0000 290 247 0.8517
4965.0000 291 247 0.8488
4984.0000 292 247 0.8459
4990.0000 292 248 0.8493
4999.0000 292 249 0.8527
5002.0000 293 249 0.8498
5014.0000 293 250 0.8532
5014.0000 293 251 0.8567
5020.0000 294 251 0.8537
5039.0000 295 251 0.8508
5057.0000 296 251 0.8480
5067.0000 296 252 0.8514
5071.0000 296 253 0.8547
5073.0000 297 253 0.8519
5092.0000 298 253 0.8490
5099.0000 298 254 0.8523
5107.0000 298 255 0.8557
5109.0000 299 255 0.8528
5116.0000 299 256 0.8562
5121.0000 299 257 0.8595
5124.0000 299 258 0.8629
5128.0000 300 258 0.8600
5146.0000 301 258 0.8571
5161.0000 302 258 0.8543
5162.0000 302 259 0.8576
5177.0000 303 259 0.8548
5182.0000 303 260 0.8581
5193.0000 304 260 0.8553
5201.0000 304 261 0.8586
5211.0000 305 261 0.8557
5215.0000 305 262 0.8590
5219.0000 305 263 0.8623
5227.0000 306 263 0.8595
5244.0000 307 263 0.8567
5260.0000 308 263 0.8539
5272.0000 308 264 0.8571
5278.0000 309 264 0.8544
5293.0000 309 265 0.8576
5294.0000 310 265 0.8548
5299.0000 310 266 0.8581
5313.0000 311 266 0.8553
5329.0000 312 266 0.8526
5335.0000 312 267 0.8558
5348.0000 313 267 0.8530
5353.0000 313 268 0.8562
5364.0000 314 268 0.8535
5378.0000 314 269 0.8567
5381.0000 315 269 0.8540
5396.0000 315 270 0.8571
5397.0000 316 270 0.8544
5412.0000 317 270 0.8517
5416.0000 317 271 0.8549
5431.0000 318 271 0.8522
5441.0000 318 272 0.8553
5446.0000 318 273 0.8585
5449.0000 319 273 0.8558
5465.0000 320 273 0.8531
5484.0000 321 273 0.8505
5502.0000 322 273 0.8478
5505.0000 322 274 0.8509
5519.0000 323 274 0.8483
5535.0000 324 274 0.8457
5535.0000 324 275 0.8488
5551.0000 325 275 0.8462
5557.0000 325 276 0.8492
5566.0000 326 276 0.8466
5585.0000 327 276 0.8440
5601.0000 328 276 0.8415
5614.0000 328 277 0.8445
5618.0000 329 277 0.8419
5624.0000 329 278 0.8450
5625.0000 329 279 0.8480
5637.0000 330 279 0.8455
5643.0000 330 280 0.8485
5654.0000 331 280 0.8459
5658.0000 331 281 0.8489
5659.0000 331 282 0.8520
5659.0000 331 283 0.8550
5672.0000 332 283 0.8524
5677.0000 332 284 0.8554
5680.0000 332 285 0.8584
5690.0000 333 285 0.8559
5705.0000 334 285 0.8533
5710.0000 334 286 0.8563
5721.0000 335 286 0.8537
5721.0000 335 287 0.8567
5729.0000 335 288 0.8597
5738.0000 336 288 0.8571
5742.0000 336 289 0.8601
5755.0000 337 289 0.8576
5771.0000 338 289 0.8550
5787.0000 339 289 0.8525
5787.0000 339 290 0.8555
5792.0000 339 291 0.8584
5799.0000 339 292 0.8614
5805.0000 340 292 0.8588
5823.0000 341 292 0.8563
5842.0000 342 292 0.8538
5857.0000 342 293 0.8567
5858.0000 342 294 0.8596
5861.0000 343 294 0.8571
5874.0000 343 295 0.8601
5875.0000 343 296 0.8630
5875.0000 343 297 0.8659
5879.0000 344 297 0.8634
5894.0000 345 297 0.8609
5910.0000 345 298 0.8638
5911.0000 346 298 0.8613
5912.0000 346 299 0.8642
5914.0000 346 300 0.8671
5916.0000 346 301 0.8699
5922.0000 346 302 0.8728
5930.0000 347 302 0.8703
5931.0000 347 303 0.8732
5945.0000 348 303 0.8707
5945.0000 348 304 0.8736
5947.0000 348 305 0.8764
5953.0000 348 306 0.8793
5963.0000 349 306 0.8768
5964.0000 349 307 0.8797
5976.0000 349 308 0.8825
5982.0000 350 308 0.8800
5991.0000 350 309 0.8829
5999.0000 351 309 0.8803
6012.0000 351 310 0.8832
6014.0000 351 311 0.8860
6018.0000 352 311 0.8835
6019.0000 352 312 0.8864
6023.0000 352 313 0.8892
6035.0000 353 313 0.8867
6053.0000 354 313 0.8842
6065.0000 354 314 0.8870
6068.0000 355 314 0.8845
6083.0000 356 314 0.8820
6102.0000 357 314 0.8796
6117.0000 358 314 0.8771
6134.0000 359 314 0.8747
6144.0000 359 315 0.8774
6151.0000 360 315 0.8750
6152.0000 360 316 0.8778
6166.0000 361 316 0.8753
6184.0000 362 316 0.8729
6193.0000 362 317 0.8757
6203.0000 363 317 0.8733
6218.0000 364 317 0.8709
6222.0000 364 318 0.8736
6233.0000 364 319 0.8764
6237.0000 365 319 0.8740
6251.0000 365 320 0.8767
6256.0000 366 320 0.8743
6258.0000 366 321 0.8770
6261.0000 366 322 0.8798
6271.0000 367 322 0.8774
6279.0000 367 323 0.8801
6288.0000 368 323 0.8777
6307.0000 369 323 0.8753
6311.0000 369 324 0.8780
6321.0000 369 325 0.8808
6325.0000 370 325 0.8784
6335.0000 370 326 0.8811
6341.0000 371 326 0.8787
6342.0000 371 327 0.8814
6351.0000 371 328 0.8841
6357.0000 372 328 0.8817
6364.0000 372 329 0.8844
6371.0000 372 330 0.8871
6376.0000 373 330 0.8847
6377.0000 373 331 0.8874
6391.0000 374 331 0.8850
6406.0000 375 331 0.8827
6419.0000 375 332 0.8853
6421.0000 375 333 0.8880
6421.0000 375 334 0.8907
6424.0000 376 334 0.8883
6433.0000 376 335 0.8910
6440.0000 377 335 0.8886
6456.0000 378 335 0.8862
6474.0000 379 335 0.8839
6491.0000 380 335 0.8816
6495.0000 380 336 0.8842
6506.0000 381 336 0.8819
6512.0000 381 337 0.8845
6512.0000 381 338 0.8871
6513.0000 381 339 0.8898
6521.0000 382 339 0.8874
6539.0000 383 339 0.8851
6549.0000 383 340 0.8877
6556.0000 384 340 0.8854
6570.0000 384 341 0.8880
6571.0000 384 342 0.8906
6572.0000 385 342 0.8883
6579.0000 385 343 0.8909
6583.0000 385 344 0.8935
6590.0000 386 344 0.8912
6607.0000 387 344 0.8889
6623.0000 387 345 0.8915
6626.0000 388 345 0.8892
6631.0000 388 346 0.8918
6632.0000 388 347 0.8943
6644.0000 389 347 0.8920
6663.0000 390 347 0.8897
6679.0000 391 347 0.8875
6694.0000 392 347 0.8852
6699.0000 392 348 0.8878
6708.0000 392 349 0.8903
6713.0000 393 349 0.8880
6730.0000 394 349 0.8858
6746.0000 395 349 0.8835
6763.0000 396 349 0.8813
6779.0000 397 349 0.8791
6796.0000 398 349 0.8769
6796.0000 398 350 0.8794
6812.0000 399 350 0.8772
6827.0000 400 350 0.8750
6842.0000 401 350 0.8728
6842.0000 401 351 0.8753
6860.0000 402 351 0.8731
6877.0000 403 351 0.8710
6893.0000 404 351 0.8688
6894.0000 404 352 0.8713
6902.0000 404 353 0.8738
6908.0000 404 354 0.8762
6911.0000 405 354 0.8741
6923.0000 405 355 0.8765
6924.0000 405 356 0.8790
6927.0000 406 356 0.8768
6932.0000 406 357 0.8793
6935.0000 406 358 0.8818
6940.0000 406 359 0.8842
6943.0000 407 359 0.8821
6958.0000 407 360 0.8845
6959.0000 408 360 0.8824
6959.0000 408 361 0.8848
6976.0000 409 361 0.8826
6991.0000 410 361 0.8805
7001.0000 410 362 0.8829
7007.0000 411 362 0.8808
7019.0000 411 363 0.8832
7021.0000 411 364 0.8856
7023.0000 412 364 0.8835
7038.0000 413 364 0.8814
7053.0000 414 364 0.8792
7068.0000 415 364 0.8771
7072.0000 415 365 0.8795
7083.0000 416 365 0.8774
7085.0000 416 366 0.8798
7087.0000 416 367 0.8822
7102.0000 417 367 0.8801
7106.0000 417 368 0.8825
7108.0000 417 369 0.8849
7115.0000 417 370 0.8873
7121.0000 418 370 0.8852
7138.0000 418 371 0.8876
7139.0000 419 371 0.8854
7139.0000 419 372 0.8878
7148.0000 419 373 0.8902
7152.0000 419 374 0.8926
7153.0000 419 375 0.8950
7155.0000 420 375 0.8929
7156.0000 420 376 0.8952
7172.0000 421 376 0.8931
7174.0000 421 377 0.8955
7177.0000 421 378 0.8979
7186.0000 421 379 0.9002
7187.0000 421 380 0.9026
7190.0000 422 380 0.9005
7204.0000 422 381 0.9028
7206.0000 423 381 0.9007
7219.0000 423 382 0.9031
7222.0000 424 382 0.9009
7235.0000 424 383 0.9033
7240.0000 425 383 0.9012
7257.0000 426 383 0.8991
7273.0000 427 383 0.8970
7292.0000 428 383 0.8949
7309.0000 429 383 0.8928
7317.0000 429 384 0.8951
7320.0000 429 385 0.8974
7327.0000 430 385 0.8953
7341.0000 430 386 0.8977
7345.0000 431 386 0.8956
7358.0000 431 387 0.8979
7364.0000 432 387 0.8958
7371.0000 432 388 0.8981
7374.0000 432 389 0.9005
7379.0000 432 390 0.9028
7380.0000 433 390 0.9007
7380.0000 433 391 0.9030
7389.0000 433 392 0.9053
7399.0000 434 392 0.9032
7414.0000 435 392 0.9011
7419.0000 435 393 0.9034
7429.0000 436 393 0.9014
7430.0000 436 394 0.9037
7436.0000 436 395 0.9060
7437.0000 436 396 0.9083
7438.0000 436 397 0.9106
7446.0000 437 397 0.9085
7447.0000 437 398 0.9108
7456.0000 437 399 0.9130
7465.0000 438 399 0.9110
7482.0000 439 399 0.9089
7500.0000 440 399 0.9068
7509.0000 440 400 0.9091
7514.0000 440 401 0.9114
7518.0000 441 401 0.9093
7537.0000 442 401 0.9072
7556.0000 443 401 0.9052
7571.0000 444 401 0.9032
7571.0000 444 402 0.9054
7585.0000 444 403 0.9077
7587.0000 445 403 0.9056
7592.0000 445 404 0.9079
7604.0000 446 404 0.9058
7610.0000 446 405 0.9081
7611.0000 446 406 0.9103
7612.0000 446 407 0.9126
7619.0000 447 407 0.9105
7635.0000 448 407 0.9085
7636.0000 448 408 0.9107
7654.0000 449 408 0.9087
7672.0000 450 408 0.9067
7691.0000 451 408 0.9047
7706.0000 452 408 0.9027
7720.0000 452 409 0.9049
7725.0000 453 409 0.9029
7742.0000 454 409 0.9009
7743.0000 454 410 0.9031
7749.0000 454 411 0.9053
7757.0000 455 411 0.9033
7760.0000 455 412 0.9055
7762.0000 455 413 0.9077
7774.0000 456 413 0.9057
7786.0000 456 414 0.9079
7790.0000 457 414 0.9059
7806.0000 458 414 0.9039
7816.0000 458 415 0.9061
7824.0000 459 415 0.9041
7842.0000 460 415 0.9022
7859.0000 461 415 0.9002
7864.0000 461 416 0.9024
7869.0000 461 417 0.9046
7876.0000 461 418 0.9067
7878.0000 462 418 0.9048
7886.0000 462 419 0.9069
7886.0000 462 420 0.9091
7894.0000 462 421 0.9113
7895.0000 463 421 0.9093
7900.0000 463 422 0.9114
7910.0000 464 422 0.9095
7928.0000 465 422 0.9075
7943.0000 466 422 0.9056
7943.0000 466 423 0.9077
7954.0000 466 424 0.9099
7959.0000 466 425 0.9120
7961.0000 467 425 0.9101
7964.0000 467 426 0.9122
7970.0000 467 427 0.9143
7977.0000 468 427 0.9124
7977.0000 468 428 0.9145
7978.0000 468 429 0.9167
7979.0000 468 430 0.9188
7979.0000 468 431 0.9209
7994.0000 469 431 0.9190
7996.0000 469 432 0.9211
7998.0000 469 433 0.9232
8013.0000 470 433 0.9213
8026.0000 470 434 0.9234
8028.0000 471 434 0.9214
8032.0000 471 435 0.9236
8046.0000 472 435 0.9216
8047.0000 472 436 0.9237
8065.0000 473 436 0.9218
8066.0000 473 437 0.9239
8082.0000 474 437 0.9219
8097.0000 475 437 0.9200
8105.0000 475 438 0.9221
8113.0000 476 438 0.9202
8115.0000 476 439 0.9223
8132.0000 477 439 0.9203
8147.0000 478 439 0.9184
8163.0000 479 439 0.9165
8166.0000 479 440 0.9186
8175.0000 479 441 0.9207
8177.0000 479 442 0.9228
8182.0000 480 442 0.9208
8193.0000 480 443 0.9229
8198.0000 481 443 0.9210
8214.0000 482 443 0.9191
8230.0000 483 443 0.9172
8247.0000 484 443 0.9153
8266.0000 485 443 0.9134
8268.0000 485 444 0.9155
8273.0000 485 445 0.9175
8281.0000 486 445 0.9156
8293.0000 486 446 0.9177
8294.0000 486 447 0.9198
8296.0000 487 447 0.9179
8313.0000 488 447 0.9160
8321.0000 488 448 0.9180
8331.0000 489 448 0.9162
8342.0000 489 449 0.9182
8344.0000 489 450 0.9202
8349.0000 490 450 0.9184
8359.0000 490 451 0.9204
8360.0000 490 452 0.9224
8363.0000 490 453 0.9245
8367.0000 491 453 0.9226
8386.0000 492 453 0.9207
8403.0000 493 453 0.9189
8414.0000 493 454 0.9209
8422.0000 494 454 0.9190
8437.0000 495 454 0.9172
8454.0000 496 454 0.9153
8461.0000 496 455 0.9173
8467.0000 496 456 0.9194
8470.0000 497 456 0.9175
8483.0000 497 457 0.9195
8488.0000 498 457 0.9177
8504.0000 499 457 0.9158
8522.0000 500 457 0.9140
8540.0000 501 457 0.9122
8558.0000 502 457 0.9104
8574.0000 503 457 0.9085
8591.0000 504 457 0.9067
8607.0000 505 457 0.9050
8624.0000 506 457 0.9032
8643.0000 507 457 0.9014
8652.0000 507 458 0.9034
8659.0000 508 458 0.9016
8660.0000 508 459 0.9035
8670.0000 508 460 0.9055
8675.0000 509 460 0.9037
8675.0000 509 461 0.9057
8681.0000 509 462 0.9077
8685.0000 509 463 0.9096
8690.0000 510 463 0.9078
8700.0000 510 464 0.9098
8701.0000 510 465 0.9118
8706.0000 511 465 0.9100
8706.0000 511 466 0.9119
8724.0000 512 466 0.9102
8727.0000 512 467 0.9121
8727.0000 512 468 0.9141
8729.0000 512 469 0.9160
8734.0000 512 470 0.9180
8742.0000 513 470 0.9162
8748.0000 513 471 0.9181
8761.0000 514 471 0.9163
8765.0000 514 472 0.9183
8778.0000 515 472 0.9165
8793.0000 515 473 0.9184
8795.0000 516 473 0.9167
8803.0000 516 474 0.9186
8812.0000 517 474 0.9168
8817.0000 517 475 0.9188
8831.0000 518 475 0.9170
8843.0000 518 476 0.9189
8849.0000 519 476 0.9171
8864.0000 519 477 0.9191
8865.0000 520 477 0.9173
8881.0000 521 477 0.9155
8896.0000 522 477 0.9138
8915.0000 523 477 0.9120
8929.0000 523 478 0.9140
8930.0000 523 479 0.9159
8932.0000 524 479 0.9141
8939.0000 524 480 0.9160
8949.0000 525 480 0.9143
8968.0000 526 480 0.9125
8973.0000 526 481 0.9144
8984.0000 526 482 0.9163
8985.0000 527 482 0.9146
8986.0000 527 483 0.9165
8995.0000 527 484 0.9184
8999.0000 527 485 0.9203
9004.0000 528 485 0.9186
9012.0000 528 486 0.9205
9016.0000 528 487 0.9223
9022.0000 529 487 0.9206
9040.0000 530 487 0.9189
9050.0000 530 488 0.9208
9055.0000 531 488 0.9190
9071.0000 532 488 0.9173
9077.0000 532 489 0.9192
9090.0000 533 489 0.9174
9094.0000 533 490 0.9193
9107.0000 533 491 0.9212
9107.0000 533 492 0.9231
9108.0000 534 492 0.9213
9118.0000 534 493 0.9232
9125.0000 535 493 0.9215
9133.0000 535 494 0.9234
9134.0000 535 495 0.9252
9140.0000 535 496 0.9271
9144.0000 536 496 0.9254
9160.0000 536 497 0.9272
9162.0000 537 497 0.9255
9172.0000 537 498 0.9274
9178.0000 538 498 0.9257
9192.0000 538 499 0.9275
9194.0000 539 499 0.9258
9197.0000 539 500 0.9276
9211.0000 540 500 0.9259
9220.0000 540 501 0.9278
9221.0000 540 502 0.9296
9224.0000 540 503 0.9315
9226.0000 541 503 0.9298
9229.0000 541 504 0.9316
9243.0000 542 504 0.9299
9249.0000 542 505 0.9317
9260.0000 542 506 0.9336
9261.0000 543 506 0.9319
9278.0000 544 506 0.9301
9284.0000 544 507 0.9320
9296.0000 545 507 0.9303
9296.0000 545 508 0.9321
9308.0000 545 509 0.9339
9312.0000 546 509 0.9322
9322.0000 546 510 0.9341
9331.0000 547 510 0.9324
9335.0000 547 511 0.9342
9337.0000 547 512 0.9360
9338.0000 547 513 0.9378
9347.0000 547 514 0.9397
9350.0000 548 514 0.9380
9353.0000 548 515 0.9398
9355.0000 548 516 0.9416
9358.0000 548 517 0.9434
9368.0000 548 518 0.9453
9369.0000 549 518 0.9435
9378.0000 549 519 0.9454
9387.0000 550 519 0.9436
9406.0000 551 519 0.9419
9424.0000 552 519 0.9402
9425.0000 552 520 0.9420
9430.0000 552 521 0.9438
9438.0000 552 522 0.9457
9439.0000 553 522 0.9439
9455.0000 554 522 0.9422
9455.0000 554 523 0.9440
9471.0000 555 523 0.9423
9473.0000 555 524 0.9441
9487.0000 556 524 0.9424
9505.0000 557 524 0.9408
9522.0000 558 524 0.9391
9541.0000 559 524 0.9374
9558.0000 559 525 0.9392
9559.0000 560 525 0.9375
9577.0000 561 525 0.9358
9594.0000 562 525 0.9342
9598.0000 562 526 0.9359
9610.0000 563 526 0.9343
9625.0000 564 526 0.9326
9643.0000 565 526 0.9310
9643.0000 565 527 0.9327
9660.0000 566 527 0.9311
9671.0000 566 528 0.9329
9677.0000 567 528 0.9312
9696.0000 568 528 0.9296
9697.0000 568 529 0.9313
9706.0000 568 530 0.9331
9711.0000 569 530 0.9315
9730.0000 570 530 0.9298
9731.0000 570 531 0.9316
9732.0000 570 532 0.9333
9732.0000 570 533 0.9351
9745.0000 571 533 0.9335
9761.0000 571 534 0.9352
9763.0000 572 534 0.9336
9778.0000 573 534 0.9319
9788.0000 573 535 0.9337
9797.0000 574 535 0.9321
9814.0000 574 536 0.9338
9815.0000 575 536 0.9322
9815.0000 575 537 0.9339
9817.0000 575 538 0.9357
9834.0000 576 538 0.9340
9843.0000 576 539 0.9358
9843.0000 576 540 0.9375
9853.0000 577 540 0.9359
9855.0000 577 541 0.9376
9871.0000 578 541 0.9360
9878.0000 578 542 0.9377
9886.0000 579 542 0.9361
9902.0000 580 542 0.9345
9908.0000 580 543 0.9362
9920.0000 581 543 0.9346
9938.0000 582 543 0.9330
9955.0000 583 543 0.9314
9970.0000 583 544 0.9331
9973.0000 584 544 0.9315
9989.0000 585 544 0.9299
10003.0000 585 545 0.9316
10005.0000 586 545 0.9300
10008.0000 586 546 0.9317
10019.0000 586 547 0.9334
10024.0000 587 547 0.9319
10034.0000 587 548 0.9336
10040.0000 588 548 0.9320
10041.0000 588 549 0.9337
10041.0000 588 550 0.9354
10042.0000 588 551 0.9371
10059.0000 589 551 0.9355
10059.0000 589 552 0.9372
10076.0000 590 552 0.9356
10076.0000 590 553 0.9373
10082.0000 590 554 0.9390
10094.0000 591 554 0.9374
10111.0000 592 554 0.9358
10126.0000 592 555 0.9375
10130.0000 593 555 0.9359
10147.0000 594 555 0.9343
10157.0000 594 556 0.9360
10165.0000 595 556 0.9345
10181.0000 596 556 0.9329
10189.0000 596 557 0.9346
10197.0000 597 557 0.9330
10201.0000 597 558 0.9347
10214.0000 598 558 0.9331
10221.0000 598 559 0.9348
10233.0000 599 559 0.9332
10242.0000 599 560 0.9349
10248.0000 600 560 0.9333
10262.0000 600 561 0.9350
10267.0000 601 561 0.9334
10284.0000 602 561 0.9319
10287.0000 602 562 0.9336
10292.0000 602 563 0.9352
10299.0000 602 564 0.9369
10300.0000 603 564 0.9353
10319.0000 604 564 0.9338
10338.0000 605 564 0.9322
10353.0000 605 565 0.9339
10357.0000 606 565 0.9323
10357.0000 606 566 0.9340
10365.0000 606 567 0.9356
10372.0000 607 567 0.9341
10381.0000 607 568 0.9357
10382.0000 607 569 0.9374
10389.0000 607 570 0.9390
10391.0000 608 570 0.9375
10394.0000 608 571 0.9391
10410.0000 609 571 0.9376
10429.0000 610 571 0.9361
10444.0000 611 571 0.9345
10456.0000 611 572 0.9362
10461.0000 612 572 0.9346
10466.0000 612 573 0.9363
10476.0000 613 573 0.9347
10484.0000 613 574 0.9364
10494.0000 614 574 0.9349
10504.0000 614 575 0.9365
10510.0000 615 575 0.9350
10526.0000 616 575 0.9334
10535.0000 616 576 0.9351
10537.0000 616 577 0.9367
10541.0000 616 578 0.9383
10542.0000 617 578 0.9368
10543.0000 617 579 0.9384
10544.0000 617 580 0.9400
10560.0000 618 580 0.9385
10570.0000 618 581 0.9401
10575.0000 619 581 0.9386
10575.0000 619 582 0.9402
10590.0000 620 582 0.9387
10598.0000 620 583 0.9403
10609.0000 621 583 0.9388
10609.0000 621 584 0.9404
10625.0000 622 584 0.9389
10642.0000 623 584 0.9374
10650.0000 623 585 0.9390
10658.0000 624 585 0.9375
10675.0000 625 585 0.9360
10677.0000 625 586 0.9376
10694.0000 626 586 0.9361
10702.0000 626 587 0.9377
10711.0000 627 587 0.9362
10711.0000 627 588 0.9378
10716.0000 627 589 0.9394
10727.0000 628 589 0.9379
10733.0000 628 590 0.9395
10742.0000 629 590 0.9380
10754.0000 629 591 0.9396
10760.0000 630 591 0.9381
10779.0000 631 591 0.9366
10792.0000 631 592 0.9382
10796.0000 632 592 0.9367
10811.0000 632 593 0.9383
10812.0000 633 593 0.9368
10827.0000 633 594 0.9384
10830.0000 634 594 0.9369
10847.0000 635 594 0.9354
10853.0000 635 595 0.9370
10865.0000 636 595 0.9355
10884.0000 637 595 0.9341
10903.0000 638 595 0.9326
10909.0000 638 596 0.9342
10922.0000 639 596 0.9327
10927.0000 639 597 0.9343
10939.0000 640 597 0.9328
10955.0000 641 597 0.9314
10972.0000 642 597 0.9299
10973.0000 642 598 0.9315
10980.0000 642 599 0.9330
10991.0000 643 599 0.9316
11000.0000 643 600 0.9331
11006.0000 644 600 0.9317
11017.0000 644 601 0.9332
11022.0000 644 602 0.9348
11024.0000 644 603 0.9363
11025.0000 645 603 0.9349
11041.0000 646 603 0.9334
11047.0000 646 604 0.9350
11059.0000 647 604 0.9335
11077.0000 647 605 0.9351
11078.0000 648 605 0.9336
11090.0000 648 606 0.9352
11094.0000 649 606 0.9337
11098.0000 649 607 0.9353
11111.0000 650 607 0.9338
11128.0000 651 607 0.9324
11144.0000 652 607 0.9310
11144.0000 652 608 0.9325
11148.0000 652 609 0.9340
11160.0000 653 609 0.9326
11168.0000 653 610 0.9342
11176.0000 654 610 0.9327
11191.0000 654 611 0.9343
11195.0000 655 611 0.9328
11196.0000 655 612 0.9344
11210.0000 655 613 0.9359
11211.0000 656 613 0.9345
11229.0000 657 613 0.9330
11243.0000 657 614 0.9346
11245.0000 658 614 0.9331
11251.0000 658 615 0.9347
11260.0000 659 615 0.9332
11275.0000 660 615 0.9318
11288.0000 660 616 0.9333
11290.0000 661 616 0.9319
11295.0000 661 617 0.9334
11305.0000 662 617 0.9320
11307.0000 662 618 0.9335
11308.0000 662 619 0.9350
11320.0000 663 619 0.9336
11336.0000 664 619 0.9322
11353.0000 665 619 0.9308
11369.0000 665 620 0.9323
11372.0000 666 620 0.9309
11382.0000 666 621 0.9324
11387.0000 667 621 0.9310
11406.0000 668 621 0.9296
11424.0000 668 622 0.9311
11425.0000 669 622 0.9297
11444.0000 670 622 0.9284
11452.0000 670 623 0.9299
11461.0000 671 623 0.9285
11461.0000 671 624 0.9300
11465.0000 671 625 0.9314
11480.0000 672 625 0.9301
11481.0000 672 626 0.9315
11488.0000 672 627 0.9330
11490.0000 672 628 0.9345
11499.0000 673 628 0.9331
11516.0000 673 629 0.9346
11518.0000 674 629 0.9332
11535.0000 675 629 0.9319
11550.0000 676 629 0.9305
11565.0000 676 630 0.9320
11567.0000 677 630 0.9306
11586.0000 678 630 0.9292
11603.0000 678 631 0.9307
11604.0000 679 631 0.9293
11606.0000 679 632 0.9308
11609.0000 679 633 0.9323
11622.0000 680 633 0.9309
11640.0000 681 633 0.9295
11657.0000 682 633 0.9282
11673.0000 683 633 0.9268
11692.0000 684 633 0.9254
11706.0000 684 634 0.9269
11709.0000 684 635 0.9284
11711.0000 685 635 0.9270
11729.0000 686 635 0.9257
11731.0000 686 636 0.9271
11735.0000 686 637 0.9286
11747.0000 687 637 0.9272
11757.0000 687 638 0.9287
11762.0000 688 638 0.9273
11765.0000 688 639 0.9288
11777.0000 689 639 0.9274
11795.0000 690 639 0.9261
11796.0000 690 640 0.9275
11814.0000 691 640 0.9262
11829.0000 692 640 0.9249
11834.0000 692 641 0.9263
11844.0000 693 641 0.9250
11856.0000 693 642 0.9264
11860.0000 694 642 0.9251
11876.0000 695 642 0.9237
11882.0000 695 643 0.9252
11888.0000 695 644 0.9266
11892.0000 695 645 0.9281
11893.0000 696 645 0.9267
11910.0000 697 645 0.9254
11914.0000 697 646 0.9268
11925.0000 697 647 0.9283
11926.0000 698 647 0.9269
11943.0000 699 647 0.9256
11959.0000 700 647 0.9243
11976.0000 701 647 0.9230
11986.0000 701 648 0.9244
11993.0000 702 648 0.9231
12012.0000 703 648 0.9218
12018.0000 703 649 0.9232
12027.0000 704 649 0.9219
12030.0000 704 650 0.9233
12032.0000 704 651 0.9247
12042.0000 704 652 0.9261
12044.0000 705 652 0.9248
12045.0000 705 653 0.9262
12055.0000 705 654 0.9277
12060.0000 706 654 0.9263
12075.0000 706 655 0.9278
12076.0000 707 655 0.9264
12077.0000 707 656 0.9279
12087.0000 707 657 0.9293
12095.0000 708 657 0.9280
12113.0000 709 657 0.9267
12123.0000 709 658 0.9281
12131.0000 710 658 0.9268
12133.0000 710 659 0.9282
12149.0000 711 659 0.9269
12149.0000 711 660 0.9283
12167.0000 712 660 0.9270
12182.0000 713 660 0.9257
12195.0000 713 661 0.9271
12199.0000 714 661 0.9258
12201.0000 714 662 0.9272
12203.0000 714 663 0.9286
12217.0000 715 663 0.9273
12235.0000 716 663 0.9260
12251.0000 717 663 0.9247
12255.0000 717 664 0.9261
12267.0000 717 665 0.9275
12270.0000 718 665 0.9262
12286.0000 719 665 0.9249
12296.0000 719 666 0.9263
12304.0000 720 666 0.9250
12305.0000 720 667 0.9264
12310.0000 720 668 0.9278
12311.0000 720 669 0.9292
12323.0000 721 669 0.9279
12323.0000 721 670 0.9293
12326.0000 721 671 0.9307
12340.0000 722 671 0.9294
12355.0000 723 671 0.9281
12360.0000 723 672 0.9295
12373.0000 724 672 0.9282
12383.0000 724 673 0.9296
12384.0000 724 674 0.9309
12388.0000 725 674 0.9297
12406.0000 726 674 0.9284
12422.0000 727 674 0.9271
12429.0000 727 675 0.9285
12438.0000 728 675 0.9272
12449.0000 728 676 0.9286
12456.0000 729 676 0.9273
12473.0000 730 676 0.9260
12475.0000 730 677 0.9274
12486.0000 730 678 0.9288
12488.0000 731 678 0.9275
12494.0000 731 679 0.9289
12504.0000 732 679 0.9276
12506.0000 732 680 0.9290
12513.0000 732 681 0.9303
12520.0000 733 681 0.9291
12528.0000 733 682 0.9304
12539.0000 734 682 0.9292
12544.0000 734 683 0.9305
12554.0000 735 683 0.9293
12573.0000 736 683 0.9280
12588.0000 736 684 0.9293
12589.0000 736 685 0.9307
12592.0000 737 685 0.9294
12594.0000 737 686 0.9308
12594.0000 737 687 0.9322
12602.0000 737 688 0.9335
12610.0000 738 688 0.9322
12625.0000 739 688 0.9310
12641.0000 740 688 0.9297
12658.0000 741 688 0.9285
12677.0000 742 688 0.9272
12682.0000 742 689 0.9286
12695.0000 743 689 0.9273
12701.0000 743 690 0.9287
12712.0000 743 691 0.9300
12714.0000 744 691 0.9288
12721.0000 744 692 0.9301
12726.0000 744 693 0.9315
12732.0000 745 693 0.9302
12739.0000 745 694 0.9315
12748.0000 746 694 0.9303
12755.0000 746 695 0.9316
12757.0000 746 696 0.9330
12761.0000 746 697 0.9343
12763.0000 747 697 0.9331
12765.0000 747 698 0.9344
12775.0000 747 699 0.9357
12777.0000 747 700 0.9371
12781.0000 748 700 0.9358
12798.0000 748 701 0.9372
12800.0000 749 701 0.9359
12800.0000 749 702 0.9372
12818.0000 750 702 0.9360
12818.0000 750 703 0.9373
12827.0000 750 704 0.9387
12833.0000 751 704 0.9374
12838.0000 751 705 0.9387
12842.0000 751 706 0.9401
12848.0000 752 706 0.9388
12848.0000 752 707 0.9402
12866.0000 753 707 0.9389
12885.0000 754 707 0.9377
12902.0000 755 707 0.9364
12903.0000 755 708 0.9377
12919.0000 755 709 0.9391
12920.0000 756 709 0.9378
12931.0000 756 710 0.9392
12935.0000 757 710 0.9379
12942.0000 757 711 0.9392
12951.0000 758 711 0.9380
12967.0000 759 711 0.9368
12983.0000 760 711 0.9355
12998.0000 761 711 0.9343
13004.0000 761 712 0.9356
13015.0000 762 712 0.9344
13019.0000 762 713 0.9357
13021.0000 762 714 0.9370
13031.0000 763 714 0.9358
13036.0000 763 715 0.9371
13049.0000 764 715 0.9359
13059.0000 764 716 0.9372
13067.0000 764 717 0.9385
13068.0000 765 717 0.9373
13079.0000 765 718 0.9386
13086.0000 766 718 0.9373
13092.0000 766 719 0.9386
13103.0000 767 719 0.9374
13104.0000 767 720 0.9387
13116.0000 767 721 0.9400
13118.0000 768 721 0.9388
13118.0000 768 722 0.9401
13119.0000 768 723 0.9414
13127.0000 768 724 0.9427
13128.0000 768 725 0.9440
13129.0000 768 726 0.9453
13136.0000 769 726 0.9441
13153.0000 770 726 0.9429
13168.0000 771 726 0.9416
13178.0000 771 727 0.9429
13185.0000 772 727 0.9417
13201.0000 773 727 0.9405
13220.0000 774 727 0.9393
13224.0000 774 728 0.9406
13236.0000 775 728 0.9394
13247.0000 775 729 0.9406
13248.0000 775 730 0.9419
13251.0000 776 730 0.9407
13251.0000 776 731 0.9420
13269.0000 777 731 0.9408
13285.0000 778 731 0.9396
13286.0000 778 732 0.9409
13287.0000 778 733 0.9422
13299.0000 778 734 0.9434
13301.0000 779 734 0.9422
13308.0000 779 735 0.9435
13313.0000 779 736 0.9448
13315.0000 779 737 0.9461
13317.0000 780 737 0.9449
13332.0000 780 738 0.9462
13336.0000 781 738 0.9449
13339.0000 781